Tissue	braincortex
N_samples	95
Chr	1
Gene	ENSG00000142676.8
SNP	rs34032899
Gene_list	ENSG00000177600.4	ENSG00000115268.5	ENSG00000140988.11	ENSG00000171863.8	ENSG00000130255.8	ENSG00000116251.5	ENSG00000161970.8	ENSG00000166441.8	ENSG00000132639.8	ENSG00000144713.8	ENSG00000110700.2	ENSG00000163032.7	ENSG00000105640.8	ENSG00000105649.5	ENSG00000221983.3	ENSG00000134419.11	ENSG00000137154.8	ENSG00000142676.8	ENSG00000198242.9	ENSG00000122026.6	ENSG00000180354.11	ENSG00000128245.10	ENSG00000231500.2	ENSG00000124614.9	ENSG00000198755.6	ENSG00000125691.8	ENSG00000108298.5	ENSG00000168028.9	ENSG00000100316.11	ENSG00000105193.4	ENSG00000188846.9	ENSG00000145592.9	ENSG00000131469.8	ENSG00000105372.2	ENSG00000140264.15	ENSG00000142937.7	ENSG00000133112.12	ENSG00000265681.2	ENSG00000160014.12	ENSG00000047849.17	ENSG00000160307.5	ENSG00000063177.8	ENSG00000087086.9	ENSG00000142541.12	ENSG00000142534.2	ENSG00000213741.4	ENSG00000162244.6	ENSG00000064787.8	ENSG00000123349.9	ENSG00000170889.9	ENSG00000143947.8	ENSG00000108107.8	ENSG00000229117.4	ENSG00000092841.14	ENSG00000108387.10	ENSG00000008988.5	ENSG00000196531.6	ENSG00000103034.10	ENSG00000168309.12	ENSG00000083845.4	ENSG00000139970.12	ENSG00000171858.13	ENSG00000014641.13	ENSG00000149806.6	ENSG00000174444.10	ENSG00000137818.7	ENSG00000172809.8	ENSG00000021300.9	ENSG00000147604.9	ENSG00000149273.10	ENSG00000138326.14	ENSG00000186468.8	ENSG00000167526.9	ENSG00000122406.8	ENSG00000156482.6	ENSG00000114391.8	ENSG00000071082.6	ENSG00000109475.12	ENSG00000089009.11	ENSG00000163399.11	ENSG00000118181.6	ENSG00000154096.9	ENSG00000089157.11	ENSG00000154146.8	ENSG00000136942.10	ENSG00000197958.8	ENSG00000136854.13	ENSG00000106976.14	ENSG00000112306.7	ENSG00000148303.12	ENSG00000104529.13	ENSG00000161016.11	ENSG00000164587.7	ENSG00000145425.5	ENSG00000177954.7	ENSG00000160781.11	ENSG00000128656.9	ENSG00000204628.7	ENSG00000182899.10	ENSG00000159176.9	ENSG00000197756.5
Gene expression stats (Y^T * Y): 
87.3684685627	74.5756102197	63.4519321908	60.5018340054	72.951586699	54.6253189061	48.4964979393	65.3203929436	-51.589036345	66.9378243928	48.8112615416	-52.7283321052	65.7741096674	-33.019344832	63.5614836849	59.0309260289	64.4745936653	66.4048372804	72.9023199376	68.3566724443	28.0433128305	-52.8344158034	62.539265512	62.6010465362	40.8319961814	62.2229346732	72.2880466033	51.001854887	58.3542105122	73.931235652	45.197463721	77.4304615897	64.8840143354	77.4765238949	67.3881445365	61.9781319565	46.5556274715	57.4885229647	-41.1273217033	36.9667979167	58.3212273353	62.0791717621	54.4828045204	75.9864731568	69.1764258117	61.1040956821	59.1061509473	39.9551941245	56.7868905814	66.0708741567	62.7355098283	70.2738056986	65.6885343476	58.3479443578	37.6210484027	51.3198355076	44.4158838729	-46.2839064733	52.1535814072	54.5485731772	-59.2689925465	61.7562482754	-58.4336224533	75.7908058111	44.9323831551	79.4921406066	77.5682845955	57.8429134852	30.8353864529	65.6090450346	53.1090173128	62.1311948321	68.5460376893	33.2033598382	64.2059647284	54.6830056461	37.4290728452	51.4439421548	26.0215530997	-45.5755781894	55.972251078	-49.6026918534	42.09424132	-36.8807431614	67.1423344969	61.8040223799	-54.297113018	-47.0140428088	60.8175120771	54.0927518667	66.6748486455	71.1367795659	53.7649840818	38.0516267959	41.3633725413	47.9472971362	-55.135531636	35.9209382232	58.9406939979	45.2871017255	60.2051516567
74.5756102197	87.3684685627	69.013242566	59.7221535659	77.6826602537	38.2350462726	48.9115749236	68.0132327634	-54.1000941546	67.6418498249	53.8955945029	-54.1466450998	77.0320623423	-38.8706151029	62.6759225194	62.6038201961	65.5989160039	67.2894954368	69.5795598495	54.9748112962	31.4794011495	-56.8227431551	63.3690913604	72.0856170877	46.9276384006	61.8871808819	71.7301067479	57.3891414642	58.5525591745	78.3175457607	49.625074075	71.0800436395	69.8254640206	79.4919221207	67.7269537508	66.0535627172	43.8021867103	61.3822149756	-47.2422409166	36.4497960207	53.0547936247	75.7539255802	62.1117861529	75.5562330658	72.585422821	68.948431364	64.2840929013	43.9469355037	60.3268374832	73.0151245346	62.8879044003	78.1114030919	65.6609314477	50.7317695847	41.7864248305	56.6076455405	42.1200235952	-49.8039368269	54.0780431264	65.4548355812	-58.7236324497	70.4344516752	-56.8291476916	78.1912152615	47.0071432978	79.7312366023	76.3932685713	53.0804448255	33.3878772779	66.8170057147	54.3708540527	62.8243907029	79.8817020769	28.3815316107	64.030383628	59.9784697542	46.1238866114	57.1674022548	35.3588829621	-51.2273962045	58.103681294	-52.9771287527	50.1331465506	-34.6054649971	76.8312728485	59.8112792903	-53.8733938026	-46.8726208626	63.9043202473	53.9687732113	61.6294536055	72.9696703511	59.0455535073	41.2280226934	55.3351915457	48.7008741527	-55.8389497581	40.7828786425	62.3953410457	42.2085311217	65.7910758893
63.4519321908	69.013242566	87.3684685627	57.8759828768	65.9492254729	36.0343623785	44.7309923473	59.0707872545	-54.0841548401	61.7190394111	48.4552775681	-55.1206331114	69.0380604781	-34.798388183	67.7946134652	59.3353427854	60.122697234	63.5444235428	59.7934155376	55.1985986679	35.3263059084	-48.1675155407	63.0456460262	65.0654265439	51.0455412167	56.6682579126	65.2017369382	65.1883449335	58.2417751775	71.659161283	49.7224490846	62.2163923699	59.9577829438	74.2150299697	58.4909200087	60.1503379683	43.8547579217	58.8086639846	-36.4229792376	41.6449322451	40.8144417566	66.2507031419	58.3646355756	71.346303718	67.0159616102	59.0695422066	60.2042990605	40.5067554202	48.6742844701	62.7384553579	55.5850325017	70.1888853214	60.8138860716	55.529290741	35.5540159839	55.6615235075	36.7813602799	-48.6648222615	49.0905021955	62.278756425	-51.5727786593	55.2257193282	-55.5481692355	68.1908775702	53.2056220114	67.3726459539	64.4586917594	41.2433630833	37.6564654249	63.3211731228	44.4625340917	56.8843019132	67.5647810206	37.9971735114	56.0728829592	55.7012826829	41.5849611416	46.8737908552	41.6708698549	-42.2894928768	48.6106832159	-42.7629459844	60.4584124027	-26.3684408463	62.6330067173	52.7135197223	-51.209264945	-41.8265117566	60.5077965632	61.5576392679	54.1331082551	70.4376147344	52.348843137	41.8351454228	51.2213520971	39.3649196719	-52.1760977352	56.8022844973	50.929816467	33.7389596824	53.1541199815
60.5018340054	59.7221535659	57.8759828768	87.3684685627	67.574238295	52.4949086812	69.0353883395	69.1711065608	-38.0109102724	77.1198223751	68.5672487284	-31.9412508857	63.2364874741	-48.3035388819	57.8513444488	73.7960302243	72.42184159	66.3814274746	69.3060770425	45.6444236389	21.9548220844	-34.4249456231	73.983472428	66.5122455666	54.4442305679	73.2205725801	67.7705890437	64.3940480714	65.3927122348	71.1185799417	76.3047132941	69.0698862792	75.6602725688	68.3544958095	57.0769891868	73.6119431404	66.6669016562	73.3640631897	-40.2688230225	26.8369534614	37.1543764411	65.7905213657	50.3911158142	66.6666743474	73.5449980003	67.0334053873	64.1883422999	22.8321628341	72.3373625588	60.3431005836	69.6570545371	57.1227634702	67.4141659881	44.5536375656	16.5353979432	70.0287372102	69.2291216394	-51.9637763412	54.089830095	63.3204593475	-41.0650980064	69.6648140896	-40.827175181	63.0852322579	63.7479344653	63.7626633317	72.6795435057	36.3221996116	58.0701671599	68.2477815178	72.6363858473	66.7109408114	59.7712312442	58.4022133064	67.3526657213	78.2333346355	59.5817848755	71.9446283674	60.3407477546	-47.5400551183	68.2400454212	-52.4375282339	62.9408778259	-46.2131102046	70.5635779494	63.0229998483	-51.8312947759	-54.020881671	60.802255964	66.6521803215	48.8938616494	66.9377533639	58.5414163138	62.6786018336	55.891588139	19.5913012058	-29.259212249	56.0614331593	77.5632039495	32.8616150601	55.0514541386
72.951586699	77.6826602537	65.9492254729	67.574238295	87.3684685627	44.1261293555	48.9939667694	65.2765216306	-47.2337637038	68.2959829207	52.1104649019	-45.3365591283	72.6115421162	-28.8859360285	64.1452570596	61.524766444	61.1209415933	60.9921061002	68.3944074909	54.0581937201	17.0958718052	-45.3672959799	67.3358467464	70.4447604784	47.5147948875	65.332953227	66.4235008141	57.4596322932	60.5514702964	73.7393977834	60.9265817454	69.6981054359	73.3389619738	76.5187213167	64.0012561362	64.7087653121	44.0327357368	62.6080795243	-37.6518667607	23.7029344545	42.7184583714	72.1241759006	53.0437121829	71.9484677691	69.7066474171	63.5063671583	63.703560884	27.7192972707	60.5363815427	68.9713330019	59.619580668	70.295492761	68.6844184067	47.3483806994	23.9972263309	53.745812487	45.1116452513	-43.5706596274	54.2675378941	63.087817598	-50.4882698744	71.6093349577	-49.729692791	77.5419782574	45.1225779758	75.5278681227	76.0698632294	41.1807516107	34.2036979717	63.9216195868	55.6588736224	58.1659696186	72.7937439047	31.7250829884	58.0819110769	64.2732957779	47.6405276877	58.7227590668	36.7697176892	-45.8983440378	57.4581784813	-48.3397482104	50.8457119603	-31.4776146393	74.8373485753	62.8669385285	-54.9745301521	-40.7977697103	55.5847879232	60.013142613	54.6153582018	74.6853312027	60.6103991567	41.9361635927	45.6810926007	34.986580066	-44.3180236066	46.423943067	67.6243024682	34.5276231891	56.8485970799
54.6253189061	38.2350462726	36.0343623785	52.4949086812	44.1261293555	87.3684685627	58.7475493759	47.0405392971	-12.3427584042	54.8043966519	49.468673369	-15.0252323426	44.4504913655	-20.03328166	54.2332826327	54.7146704357	50.1594224884	53.876064407	53.533344977	51.4854506507	28.6335477633	-9.16495354021	49.8615805175	47.4446920161	49.4238705399	60.5249937013	51.6126708552	41.1882514717	50.7013181958	47.5560603796	51.0193875806	56.6405595009	51.5542549677	46.356009243	27.4164423254	49.4568962317	46.123628913	53.4392456196	-3.18572860115	35.1244044286	29.4986458694	33.7682258269	25.4021017426	51.6982192796	45.8452656055	44.7943858081	47.0621852738	23.1862853627	46.2660075002	43.4792276341	61.7535355592	43.6570271026	52.3131844747	42.4393454405	18.9842817518	44.2497868052	54.2228057271	-16.1065987562	23.3314993506	48.219762884	-17.9509739195	42.670606933	-25.5394732705	48.2533237221	53.3912071608	45.1909836287	52.3521961685	23.5929169084	53.7011663101	54.8124460807	51.8305489484	55.9581250321	42.1612127435	56.4637205084	50.5615869507	48.5670448342	53.1432793374	44.197809385	44.6212356704	-24.4192754474	44.7906961983	-17.7765758469	36.2200654814	-19.4149468486	39.7499084819	56.5426368827	-19.5460147212	-25.0802001957	49.681550925	55.0664798115	43.9992882389	46.7758463443	40.587603342	57.2587509533	32.6101835103	20.2106718907	-20.1187278063	32.4747801601	52.9933213061	13.6384808181	51.691003802
48.4964979393	48.9115749236	44.7309923473	69.0353883395	48.9939667694	58.7475493759	87.3684685627	71.5156706112	-28.2779293952	76.2072331675	79.2961639045	-26.2079388654	56.6482867355	-55.7158746811	57.6494802025	75.4269872692	74.009350534	69.2714450708	68.0861316462	39.0568535044	45.3876745715	-30.8307513316	68.5468672959	66.6055039694	64.5261719931	70.7144983432	66.390231409	64.4952530073	62.4165881083	58.9620927394	68.6026191404	61.6683581213	73.8768514448	56.1125786805	38.731322164	72.2983835854	65.5249258227	75.3003946533	-37.9564631845	43.3381421748	42.7947088701	59.4804046919	47.4730271672	57.5205730013	66.3503078661	69.5828285881	59.6884296598	38.0251217441	76.0783564633	51.7746940379	79.5277651156	57.044004877	62.8933687514	31.9297041405	31.2617654263	73.8500768937	76.5515826969	-46.4903704887	47.664421416	62.9046011718	-33.3224348406	58.1067497065	-29.3962111263	48.5410155079	70.6133152826	52.0688846912	62.8460999446	39.6178252647	74.9812378721	68.9228064268	78.9131290668	68.4895540268	53.4593341677	71.1568488388	75.2539251772	74.3625322077	59.6548891312	76.9813864305	72.6131932333	-54.5599539347	73.9928121549	-50.1109464525	62.1299707316	-53.0397147791	64.8014035917	65.6621205885	-41.0116011032	-53.9701639664	70.1410801221	66.2328569061	41.0471814042	52.5050623624	55.2523601422	78.4286966001	66.2845794062	30.9905648688	-26.5683887731	47.5101492024	74.5208250132	33.2721948101	55.3812440313
65.3203929436	68.0132327634	59.0707872545	69.1711065608	65.2765216306	47.0405392971	71.5156706112	87.3684685627	-50.5143514707	76.5377775078	72.0483476962	-49.3636453785	68.4759951227	-59.2478359759	60.2440863396	76.2182204707	78.0619751446	77.9910848501	73.6587269358	45.8740049115	41.2739303508	-54.0377234394	74.3300516463	74.0354847676	56.4408524601	67.0545184619	77.2958807408	63.8507313866	69.0207641024	72.5846710624	61.8880373634	69.2764307483	77.9733774182	72.594403453	58.6176443098	77.9653408979	60.8937374002	72.7300575741	-54.2884724569	42.3145524265	57.7345727631	73.9035568878	61.7842193424	71.8693279262	76.4705879884	76.7005065795	67.3839878005	45.8765992507	76.2127580604	67.062571194	74.8086680722	70.6568755904	68.1747347545	49.8928071429	41.8613796968	73.0419834905	68.0097958445	-57.9643344408	57.5761072665	66.5977227457	-55.5195370926	64.8548415963	-48.3034291483	66.3206211531	62.1035881764	71.4395867243	72.8758109582	55.1429041454	55.091468402	73.0626271699	75.3901927704	68.2794026625	69.2859318387	53.097344201	79.7635960099	74.5403023025	49.8224945791	75.5697164208	56.0588729374	-64.2449382242	75.3766640571	-65.3817830149	61.3791689718	-55.5034829211	78.7311100273	68.6921453434	-59.037376743	-64.3709012419	74.8383327343	64.0158818537	52.3261752792	67.047768858	61.2215100986	63.9627278307	68.7421432151	47.2592818732	-50.9526908501	50.699927176	74.5614622182	50.9739245732	60.2753466113
-51.589036345	-54.1000941546	-54.0841548401	-38.0109102724	-47.2337637038	-12.3427584042	-28.2779293952	-50.5143514707	87.3684685627	-50.1674900481	-34.9702418866	81.9425525812	-48.3036189746	58.9006694904	-35.1553440634	-45.6945101416	-55.6138751627	-56.0584849473	-57.526363472	-47.4609865214	-30.0813819324	72.4947642655	-52.470059948	-47.4499658382	-23.3891277028	-39.3581716423	-56.9781360923	-46.1244720068	-44.744300913	-57.3473500294	-31.6266324746	-54.7555821313	-45.0429778843	-62.1768831278	-55.3594615621	-50.1272037284	-34.4755557401	-48.0772895251	69.2165620959	-33.5743295583	-57.8959578195	-58.8790083491	-56.8124191722	-61.7266716616	-59.5372893497	-48.0524757991	-38.1811451073	-39.9070976128	-41.777487324	-43.6432506166	-39.839824608	-54.5636306709	-47.0669111331	-40.834957751	-41.2213050112	-46.2716031414	-25.9318387405	67.9628043274	-66.1246301499	-40.1366020461	79.2588704507	-42.8973013365	73.8433148833	-48.0487458054	-38.009300252	-58.186313359	-54.3716081488	-62.4141305392	-25.9050519982	-51.5123221759	-37.3091503536	-46.2382213608	-49.4759350753	-18.7895590513	-54.285124447	-38.8052118524	-15.6866006817	-39.9880531881	-17.8940660825	49.9869971267	-42.6628632737	61.463168624	-36.5348755868	51.7829456778	-51.0016842416	-29.9190109827	69.6417769671	57.328474353	-48.9007700146	-36.3508251143	-44.1299812918	-49.9413442639	-39.5778617758	-26.0617280925	-41.3628695873	-45.6494764814	73.7134053658	-36.9189594612	-37.3795006141	-65.7786764904	-40.7410677083
66.9378243928	67.6418498249	61.7190394111	77.1198223751	68.2959829207	54.8043966519	76.2072331675	76.5377775078	-50.1674900481	87.3684685627	75.5783626787	-45.2189467561	69.0423369388	-55.1738185348	67.5072127175	79.2736502133	79.6173294111	77.4458782105	77.9330138513	53.7504118577	38.2491493811	-47.084712083	78.2218842084	75.9367297079	62.3291727146	78.3643928995	78.8889925766	71.1991823881	70.7895700886	75.7522049844	72.2239666907	75.5863382922	81.638323348	74.3588766314	57.6948769898	79.8957208726	63.4576133138	79.5600976327	-48.4493518776	39.5441865548	50.8831538506	74.9169030714	60.5153275842	73.8001591727	80.8360118514	77.7694904812	69.5939254262	41.5666595319	79.1469498383	66.1516851382	78.1739602917	71.3218965783	75.8497991381	46.6685295899	36.2288140837	75.6471841036	68.2511464334	-57.3564455676	60.5860206106	72.6179381562	-52.0075133391	71.3544650867	-47.1903493864	68.3786764574	70.5939940296	69.952641046	78.3715957647	50.296841973	63.7550623308	78.6881051515	76.4936437406	74.5243127019	68.516336893	60.418799248	78.919380009	78.9395100058	62.0164497572	76.8955803448	62.6338963119	-56.5685494936	73.6140334591	-59.4046002849	67.3057174871	-50.2332712772	77.1460083485	69.452920227	-57.1688079187	-58.2108843838	73.4043880387	73.7043862196	53.9649062571	69.6595630813	68.1529938901	67.8241883108	65.9062406252	39.0649929017	-42.4318089731	56.2823000318	78.6366504742	44.2583295726	66.9523374138
48.8112615416	53.8955945029	48.4552775681	68.5672487284	52.1104649019	49.468673369	79.2961639045	72.0483476962	-34.9702418866	75.5783626787	87.3684685627	-31.1980834717	61.5819985499	-57.7425835344	59.1994032531	78.4292994591	76.0074099635	70.0800831824	67.7650498876	31.2738976918	44.1377260549	-35.8194343408	70.4786636934	70.8844125613	64.867889373	69.1991273576	67.4986933178	66.172110948	63.0450072689	63.1362618734	68.2926790009	59.3626344731	76.0979273432	59.140327634	41.8881550607	75.9191541404	71.064756717	73.4310594702	-45.3578224699	42.8374504458	39.7859653737	66.7364844882	53.6875373606	56.8230883886	70.3392444587	73.7907698984	61.8163927709	36.6759425779	72.0915285968	60.3011858836	74.845340684	58.0386636934	59.4560099518	37.3072402927	28.9922085834	78.2274517031	73.2389464516	-51.7219266651	49.6012159165	67.9344133572	-37.4677743795	61.5139332515	-30.9210993949	51.2282905599	70.812496911	55.2328089143	63.5662462142	39.2544632855	72.1013500089	72.4351432835	76.8366196861	72.8221353374	59.0326926747	66.5476437033	75.4214448824	75.8083080392	57.0508481998	75.9673347538	74.9551971262	-57.827388384	74.2912985065	-51.6110597057	67.1950749642	-53.1390458301	68.904480887	63.5766307392	-44.5618598616	-55.070050325	70.8598602002	61.9466421976	40.1667954105	53.1669786894	59.111324394	76.8677190167	72.2680752183	29.403162602	-27.9257219829	55.9562455525	74.353128413	34.1665583497	56.4902819337
-52.7283321052	-54.1466450998	-55.1206331114	-31.9412508857	-45.3365591283	-15.0252323426	-26.2079388654	-49.3636453785	81.9425525812	-45.2189467561	-31.1980834717	87.3684685627	-46.6879878336	50.136667782	-38.9587532397	-42.4459664454	-52.6168331572	-56.0581347413	-54.9039080431	-50.0913229373	-38.4411161358	75.1352901404	-50.1686622376	-46.9573159276	-26.1947374724	-32.3409436389	-56.7803197371	-42.0450274965	-44.2278622096	-55.0674212734	-23.283733229	-53.9787525813	-42.4568101225	-62.4662971133	-52.1140100143	-45.0237159182	-28.2471171804	-43.5140439345	64.3961769774	-42.4754469366	-60.2759453694	-55.2918242072	-53.0511333396	-60.4902598245	-53.9994892785	-45.0543308373	-34.8691216246	-49.72168147	-35.3878744051	-46.5589658281	-40.0667180393	-55.1393418638	-45.8153062751	-45.5263966583	-51.27301439	-41.3493774619	-20.8705408998	56.891522971	-57.9321456452	-39.3418215287	78.2918171086	-36.0329638088	74.011768759	-49.1247608997	-33.2373826926	-58.330448402	-50.86265161	-63.7048451513	-20.3495820269	-49.7211218461	-30.0838011758	-45.7714142027	-50.4805959776	-13.2063147341	-50.3215730934	-31.7928271623	-9.87229228455	-32.9147652303	-12.4169364228	49.0316822401	-36.0409788217	55.6532730756	-34.1414829615	48.0756357014	-47.7494060519	-33.5444817582	66.6831786996	51.4303506484	-51.9874129532	-33.2239007186	-43.7326246205	-51.0314343213	-37.6982459661	-23.8868153922	-37.445943625	-54.8572764752	80.5264254546	-33.4000878847	-30.8360502805	-63.3183728353	-38.1928275038
65.7741096674	77.0320623423	69.0380604781	63.2364874741	72.6115421162	44.4504913655	56.6482867355	68.4759951227	-48.3036189746	69.0423369388	61.5819985499	-46.6879878336	87.3684685627	-41.8907308718	65.3440285548	68.2549860119	67.0950992437	68.4466631596	67.9555530059	52.3102299557	23.582937431	-46.0378819484	66.6036315649	73.6019767463	59.9359873741	68.6714207776	68.9043564564	63.4000558782	66.4602137296	77.9485110863	59.0658260406	65.1681617959	70.6823362456	73.5800999556	60.0772960025	69.9766649572	52.470850237	68.4994925082	-40.0825997796	32.5240254091	45.7475793135	76.1981864753	60.9423480945	75.6177694289	73.1394940412	71.0542512653	70.5243705531	30.2327959526	58.834285938	69.2315424834	65.7469352341	76.1362017229	70.7429634201	49.7813039679	25.851025515	64.2030933601	50.0960049474	-50.9312769622	54.973467214	73.4700839883	-50.6632655303	70.2206524796	-51.604438519	74.3880483874	58.1943926983	74.1814678888	71.3582975016	40.2610581809	47.8495404763	69.4304569818	61.1447901676	66.147421624	76.1245307975	42.8598827422	66.608443054	65.1643858417	52.9010126272	60.1985944739	48.9783544179	-46.7740678496	59.790181419	-52.271341419	65.4885077531	-36.5364857678	73.7654893086	64.0793910907	-48.6510013705	-47.608369177	63.2587612976	63.7132433798	55.5418880132	74.1836283803	58.3972373062	54.750323189	60.3738798001	32.9325618495	-47.021145875	53.1658560605	66.3476100365	37.7167720674	63.8941481873
-33.019344832	-38.8706151029	-34.798388183	-48.3035388819	-28.8859360285	-20.03328166	-55.7158746811	-59.2478359759	58.9006694904	-55.1738185348	-57.7425835344	50.136667782	-41.8907308718	87.3684685627	-28.4890505857	-59.3036304815	-63.092797356	-59.5683084144	-59.0993028749	-25.6721823904	-37.2983178587	53.8417527207	-52.7278747527	-48.8567938563	-35.2020502471	-47.4721952637	-52.1419142266	-48.979099113	-46.787725242	-49.7027660111	-45.8295432427	-48.7430769605	-50.177886027	-46.8179663996	-38.255378575	-58.9667981306	-54.1649640609	-57.8818616728	66.5840784728	-39.0596465216	-51.6579821883	-54.7344237831	-51.5405831803	-48.490097041	-58.3121984381	-59.0788761588	-42.3008659011	-32.7446417088	-56.7439526227	-33.3142088673	-54.6356137574	-41.0245301829	-41.1684137783	-26.4201625822	-33.8578447744	-61.5259436996	-55.7891713876	66.9099223294	-64.0170207138	-39.3875313772	59.5132869571	-44.7138498273	51.6104332711	-30.8883703252	-55.7157407586	-44.1362134941	-49.1642583292	-53.8753170984	-56.1382729846	-55.8011543416	-60.9855110826	-53.4477339115	-38.7719800042	-46.289827432	-65.2265058523	-53.1574221593	-28.3045159989	-60.6184349772	-49.2372076545	66.3639456052	-59.6133598944	68.9298210032	-45.2480485254	71.3413609456	-50.8446698383	-36.4341964689	54.1208858519	72.7347903931	-56.3381844177	-38.1605341831	-31.7562194514	-35.5036726947	-37.8407025132	-54.6353694846	-59.8809742362	-29.6671677551	48.0048743659	-42.0940784652	-52.2772693213	-61.5182241316	-41.6074853387
63.5614836849	62.6759225194	67.7946134652	57.8513444488	64.1452570596	54.2332826327	57.6494802025	60.2440863396	-35.1553440634	67.5072127175	59.1994032531	-38.9587532397	65.3440285548	-28.4890505857	87.3684685627	63.9919290726	61.4279603615	66.9706590161	62.9213083203	51.9095182915	41.8870621873	-35.2430975824	64.1814312806	70.7783348464	61.5233484021	62.8054991017	67.6620886234	65.5471705115	62.3277924952	66.2410518835	55.8046919546	64.5138667914	66.3873505077	64.2089563615	50.2683365915	59.906333232	44.3142019088	59.9184435937	-25.4082714563	43.107527918	40.7159522202	63.2494073743	50.1491018561	65.3615160665	66.9691763593	62.9206773377	62.1250707323	45.2756388456	56.0540165291	64.4440526627	64.588487592	68.6202301127	63.600179358	52.9357372368	37.8135899057	60.7576897963	46.3328639291	-32.6408211304	39.7318278288	69.2734816768	-37.1888566561	58.1281231424	-37.1031255237	65.8310321023	59.7117501225	60.487236546	64.3013889969	38.9766107886	47.9207931563	67.3113157123	52.9445690578	64.2927635924	63.9204582786	43.108377655	58.5366753962	58.7189794147	54.2729714378	54.9111511755	52.3842262799	-39.4510685863	54.5434227631	-34.6417508168	56.8486034543	-25.2772871688	63.481588493	66.6131399423	-42.5338737933	-33.6358322539	65.3892092561	66.1289129484	51.0015006606	68.371744279	57.6622903249	52.6232418301	52.2197576655	41.0008976118	-37.0211783847	53.0415895147	61.1509392946	30.721654927	60.4345387594
59.0309260289	62.6038201961	59.3353427854	73.7960302243	61.524766444	54.7146704357	75.4269872692	76.2182204707	-45.6945101416	79.2736502133	78.4292994591	-42.4459664454	68.2549860119	-59.3036304815	63.9919290726	87.3684685627	80.159048015	77.6868221043	74.6648723367	46.6116019112	43.5394755017	-43.400141979	75.8627591248	74.845670546	62.8290669795	76.2491620173	74.8261176342	67.5783272776	67.9739023671	73.6515240072	68.7567075237	68.9489481995	78.6229824411	70.563048942	53.3961516604	79.0283065534	70.7622641897	79.0544465751	-48.0640960597	46.0573503107	49.2049819721	73.5552677149	61.2454613185	70.1231006201	77.4839473608	77.3450162892	68.4879561762	42.2015436385	72.7310213052	65.0496299742	77.88872107	66.9463128612	69.9437300448	51.0885050568	34.9434180177	78.0006272429	69.8602975539	-56.3301682699	57.8405293703	69.8551886283	-47.0728055796	66.0684465536	-44.0059350873	63.2343342749	72.6365075965	67.1897381003	72.3972975902	46.7369360209	67.2517509745	78.2675415605	76.7940360259	77.6254743247	67.126839773	63.6221947535	79.2425164881	78.5622467318	59.393391627	75.3989184932	66.69856648	-59.628713957	73.1494145862	-57.6168491612	69.1083947598	-52.2677365454	73.0702079435	66.8096870849	-52.2871474162	-58.3043167483	75.0753718067	69.3247508992	47.8995170124	63.204513255	61.398808511	73.2979661629	72.0118051332	36.4894565883	-40.8016765457	59.5444055933	78.1366889874	44.6077497689	63.7051402113
64.4745936653	65.5989160039	60.122697234	72.42184159	61.1209415933	50.1594224884	74.009350534	78.0619751446	-55.6138751627	79.6173294111	76.0074099635	-52.6168331572	67.0950992437	-63.092797356	61.4279603615	80.159048015	87.3684685627	80.7691356196	78.0454559753	50.7646732199	50.8267459198	-56.3616006211	77.4452687152	72.2248508862	61.7893986808	72.3365341174	80.511404752	66.4535548846	70.7549765614	75.5122095973	64.6473697906	72.9201612322	77.3848973393	74.1681702202	57.3416795665	82.15759546	69.0009749852	79.1767693794	-61.5137200991	51.1085813276	60.3357602594	75.2040787494	68.239655691	74.6071999547	79.1662248423	76.5072315391	64.2387545712	52.34184798	75.9060833607	65.7507913204	77.5960993071	71.0539966311	68.3181302409	49.3194361269	47.2043014841	77.5261395306	69.6156423399	-64.7579051215	65.1159524992	67.5903433097	-56.230861613	63.9926008314	-50.8749587692	64.7096924209	71.2331115321	69.7377041041	74.6752979204	60.691574309	63.2947481219	78.5071993959	77.0267715592	73.9115527662	67.7115336076	61.7696125935	84.0098873082	76.5430515959	51.9290801908	76.723162688	60.8305062488	-59.9445140812	76.7353751339	-66.0917744769	64.759807305	-60.8303232012	74.572641836	65.0615818142	-56.2079145047	-62.1523409005	78.131366629	66.442771755	52.825096756	65.6721670098	65.6788052984	68.6279973114	70.8817783007	48.5842776392	-51.039309918	54.7481316549	75.0611718377	53.0982022587	61.4802702622
66.4048372804	67.2894954368	63.5444235428	66.3814274746	60.9921061002	53.876064407	69.2714450708	77.9910848501	-56.0584849473	77.4458782105	70.0800831824	-56.0581347413	68.4466631596	-59.5683084144	66.9706590161	77.6868221043	80.7691356196	87.3684685627	75.0728969604	54.2726396726	53.2071104133	-54.8920317476	75.5611232123	74.7823677876	63.1286233524	70.8320133883	82.217828392	66.181495983	72.887189804	76.0366873482	60.7771467172	73.7213922869	73.0587163184	75.1144881812	55.9655180573	78.6035775855	59.2282740826	74.9089023135	-52.4549927756	52.6368352403	59.9839514695	73.2629669758	65.3729678364	76.1984289574	79.0881498887	77.8313380398	64.7199587665	57.231463339	71.0987002765	69.2673522906	76.2979139368	73.3336196004	69.0887111182	55.2875293003	52.9033385685	73.285066301	62.7283983075	-56.964627523	57.2676431667	72.5442820333	-56.9728428022	63.8872724945	-53.9937192504	67.4832924173	70.5819760396	69.2306349921	74.5335845318	61.8408377745	58.7077138203	79.1977548821	69.8930968891	74.3515053796	70.5844875661	55.7770530147	80.6157647213	69.2280771219	55.4267845132	69.1292157228	55.3492372753	-57.1657696273	68.4461610994	-58.7648744104	61.3850856405	-52.4952580861	73.5923970412	66.9254298464	-55.7087498914	-58.2861706971	80.8753048502	68.3019418221	57.8445656859	70.115268854	62.8783973009	65.1888138857	69.1489694493	53.7913976351	-55.8680992999	54.9260212966	68.8530899002	53.8042455684	68.1573006821
72.9023199376	69.5795598495	59.7934155376	69.3060770425	68.3944074909	53.533344977	68.0861316462	73.6587269358	-57.526363472	77.9330138513	67.7650498876	-54.9039080431	67.9555530059	-59.0993028749	62.9213083203	74.6648723367	78.0454559753	75.0728969604	87.3684685627	56.8359443434	38.074763983	-56.2545499105	73.69862719	70.4528407197	57.0681409206	72.9540026283	76.4566320844	63.8313248265	67.0851553292	75.2922213031	61.4892182194	77.9551521376	75.1316986595	76.0246969022	62.284470792	74.1471068975	60.188067982	74.5244006632	-56.5251643771	45.4012850678	65.2705231105	71.8015809299	63.2696120421	77.4397771323	78.1755633911	72.8649420713	64.51506302	43.3013362575	70.6198817763	63.6218247626	74.7743022878	71.8230196628	71.9543284371	49.2679516999	40.5404094937	69.1807160121	63.4845804504	-58.3636873611	69.3011046521	61.1903348791	-63.357174148	66.7853364693	-57.6970958291	68.9426683558	61.9179729461	75.6516289072	77.3179570892	62.119478301	56.9631624056	74.5429800788	71.7709988493	73.6890722702	69.0845160927	51.7184776228	77.1727041328	69.2611547242	48.3717182272	69.9475417599	49.3654086706	-62.2876377436	73.8613318943	-66.7126940686	56.1480609809	-59.903186369	72.6094751426	66.3924730614	-56.8055868069	-62.3484127127	72.1308857114	62.667243189	55.1395121378	68.5029300957	61.0412576839	61.5146376075	58.7492466042	45.8436753466	-56.2022157405	46.4220518258	73.5932974683	55.2623401172	62.6113946475
68.3566724443	54.9748112962	55.1985986679	45.6444236389	54.0581937201	51.4854506507	39.0568535044	45.8740049115	-47.4609865214	53.7504118577	31.2738976918	-50.0913229373	52.3102299557	-25.6721823904	51.9095182915	46.6116019112	50.7646732199	54.2726396726	56.8359443434	87.3684685627	27.7944043379	-43.2422931717	48.8905735595	48.1083668909	33.3697930599	51.3946078598	56.0612366315	42.9293767725	46.8845943936	60.2216760283	32.6229742223	68.543248614	47.2549260183	65.9178151447	50.3973758094	45.7791829565	29.8023492916	52.4705230547	-23.8516511334	36.8430737651	49.4597089229	44.6387647155	45.8923033406	66.7943790644	51.781388918	43.5664323994	43.4947813958	35.4908124677	40.1451137209	48.6467665057	51.0637180212	57.5319392753	61.9303779162	50.0477107119	36.1126171017	36.4851514089	26.3980552651	-34.1677999621	42.2184507402	43.9501674636	-51.0422631835	44.5472370832	-57.1310463456	62.8214502057	40.8058676012	60.1170269668	62.1544336868	49.7344241721	26.816642301	54.9555819497	35.8934674095	51.1624262666	49.0329239715	32.6283034622	51.3663341329	39.9388508848	31.2395744228	31.3518096598	13.9746411553	-27.1639647127	33.5314182945	-35.6560383982	33.3336833753	-26.8415752774	45.6978974895	46.9241419277	-42.9431302609	-32.6047791236	50.0018481733	51.4185033971	52.9077014388	59.3940738363	39.1831392909	30.012171175	26.4181225681	41.2346357219	-51.4323378987	28.1674300522	39.2488401677	36.113265735	54.1526737808
28.0433128305	31.4794011495	35.3263059084	21.9548220844	17.0958718052	28.6335477633	45.3876745715	41.2739303508	-30.0813819324	38.2491493811	44.1377260549	-38.4411161358	23.582937431	-37.2983178587	41.8870621873	43.5394755017	50.8267459198	53.2071104133	38.074763983	27.7944043379	87.3684685627	-38.8530710522	37.7181400601	43.2210913477	38.6359055461	26.5805718316	47.8273469645	37.9315081721	32.3944541576	32.7218377421	17.5334868464	35.3754687777	37.870264704	37.2526022028	21.9347857538	39.3792706646	34.1511430626	38.4420663872	-34.3061611563	68.6408128114	43.8124647333	36.9282080369	41.2974319952	33.1513706186	36.6078373975	44.3733990029	27.9367835295	78.662953234	36.149366866	37.6608369305	47.7986111399	41.303692858	24.7146550477	23.5940947861	73.3271706684	39.9530415274	31.4169159888	-26.3986227789	25.3187011513	35.9416869384	-29.5550580404	18.7298659452	-25.8221518038	26.7298999724	42.009679313	28.4674099595	32.5313075623	53.1959627883	40.1433392552	45.4270017425	34.6237878362	43.6193740555	37.4106770117	33.2158244823	50.9003782934	32.8499857556	23.3763362437	36.642904519	38.2819613012	-40.7604875416	37.4493874503	-23.4192816848	28.0230378196	-35.0978100818	35.9309870605	34.6042503645	-24.4012661244	-29.496342851	63.8916077545	30.9665908602	27.0069375855	27.979720707	34.5157133408	43.2417991961	47.5525553438	63.3702638251	-35.4527095662	22.7280717813	27.3148323461	32.4024833539	33.2229935146
-52.8344158034	-56.8227431551	-48.1675155407	-34.4249456231	-45.3672959799	-9.16495354021	-30.8307513316	-54.0377234394	72.4947642655	-47.084712083	-35.8194343408	75.1352901404	-46.0378819484	53.8417527207	-35.2430975824	-43.400141979	-56.3616006211	-54.8920317476	-56.2545499105	-43.2422931717	-38.8530710522	87.3684685627	-51.0448977118	-46.601748836	-24.8717996305	-30.1400951747	-57.656772459	-40.8957674756	-43.7018580188	-56.113173417	-25.1047449415	-54.7694467013	-45.6761396805	-61.4203769775	-53.2696347363	-46.0024064525	-29.3930099931	-43.7518134042	71.0538955029	-44.8347639281	-65.191297523	-59.6467239354	-51.7872271717	-58.6066134759	-54.6319854745	-49.2162692217	-38.8292405744	-50.954665968	-44.0152301878	-46.6876500689	-42.6285217083	-56.2989524406	-43.4825697663	-35.2302973394	-57.2603090553	-44.659414562	-26.9657970984	55.5487251806	-61.749317224	-37.7208128126	77.0610723802	-38.3849726115	65.2653989967	-49.9857606112	-28.7910072611	-59.7871371111	-53.5806750077	-65.5357887553	-20.4024809157	-49.7128255771	-36.646980474	-44.0384577635	-50.8853876806	-9.94449033612	-54.839777214	-35.8909473632	-6.6064686353	-41.7871231782	-13.2563324251	51.6799510645	-46.8640446374	64.5098300872	-36.3295669024	57.7376153305	-53.1581819107	-36.3225008258	61.6889063582	56.780166006	-53.8720799907	-30.0958351576	-41.2949015604	-47.9598257911	-36.4460258333	-23.1007513553	-41.7428378523	-60.1232178646	74.4985655542	-28.6189502814	-37.0928182468	-66.5996559132	-36.9836818109
62.539265512	63.3690913604	63.0456460262	73.983472428	67.3358467464	49.8615805175	68.5468672959	74.3300516463	-52.470059948	78.2218842084	70.4786636934	-50.1686622376	66.6036315649	-52.7278747527	64.1814312806	75.8627591248	77.4452687152	75.5611232123	73.69862719	48.8905735595	37.7181400601	-51.0448977118	87.3684685627	71.8978575381	59.6979633842	69.8303336555	76.4115349495	68.1281188492	66.7036139928	72.6700613646	67.1548573845	71.2948262501	76.7635606385	72.1430369656	55.0729994372	75.1520532897	60.5678185885	73.8855673365	-50.831715641	39.4237843918	51.023468502	72.4156430174	57.8158174115	70.7692545642	76.0933212469	73.2826717478	64.0290364043	42.2941436753	71.9179625701	64.858522801	71.4961702303	68.6295216747	72.2445328799	47.1148504447	36.9933068331	71.3150902908	62.4040891961	-57.0855088786	56.2268182691	70.0083026639	-51.7327502822	64.4962583002	-47.8386448527	67.5837302332	61.1447337255	67.3322593776	73.780683082	48.2642652388	53.3368419526	73.5044423421	68.9067979081	69.0094416094	65.6056048266	53.313863227	74.4124892404	72.4751078131	54.2943996531	70.7359743017	55.3475941123	-52.6348978702	70.8941795765	-58.3609616274	63.0664642813	-49.2958555954	72.2377473303	65.7803925434	-58.1006736711	-54.7684002067	69.8034433474	66.9305902683	53.2290541276	68.8636446745	62.9244286782	60.4293761551	63.9917448854	40.9323964207	-47.6259625327	58.2399040156	71.9652276114	42.6591713271	59.6309985533
62.6010465362	72.0856170877	65.0654265439	66.5122455666	70.4447604784	47.4446920161	66.6055039694	74.0354847676	-47.4499658382	75.9367297079	70.8844125613	-46.9573159276	73.6019767463	-48.8567938563	70.7783348464	74.845670546	72.2248508862	74.7823677876	70.4528407197	48.1083668909	43.2210913477	-46.601748836	71.8978575381	87.3684685627	65.730264549	69.2491626557	72.7403228914	72.0381481952	70.4752709086	73.4335162389	64.6375444684	67.7730265592	79.6200006894	71.4969065151	54.8776131238	73.7317324599	52.9047346297	71.2977798248	-39.5680465626	41.0705665782	49.8512809728	77.0755300856	61.2597522633	69.2800905372	74.8741597503	78.2986034218	72.4409219381	44.3732443302	69.8877808183	72.5093730541	72.3661515675	72.4351662864	70.1098196769	50.0203020481	39.7797004027	71.3530448593	55.3639439	-46.7417459194	51.7374337795	74.3776858182	-50.2705874253	70.6929045803	-43.6717538043	70.3172848382	63.1354328738	69.1004058478	72.3918240845	47.9086568075	56.8189051437	73.8205674393	67.4488736566	69.6778611339	76.4126793302	48.3486561346	70.7702464882	72.5102569466	59.5707110178	69.696089976	59.9906801661	-59.911362823	66.7665907203	-51.4278090106	66.5406198457	-40.3852602248	79.0505080783	68.1274111328	-59.0838350772	-53.8420812431	74.3174821342	69.3751259199	46.4068184202	68.750688574	69.0341013427	63.2279424395	66.8277549977	45.3542991221	-44.0923547507	54.8916852434	73.3117589182	42.8015679474	64.1348308721
40.8319961814	46.9276384006	51.0455412167	54.4442305679	47.5147948875	49.4238705399	64.5261719931	56.4408524601	-23.3891277028	62.3291727146	64.867889373	-26.1947374724	59.9359873741	-35.2020502471	61.5233484021	62.8290669795	61.7893986808	63.1286233524	57.0681409206	33.3697930599	38.6359055461	-24.8717996305	59.6979633842	65.730264549	87.3684685627	63.0633447974	58.2480328974	64.270557665	69.217048064	53.9789265632	61.4372821749	49.6701019672	61.7880777592	51.7207964787	27.1198155534	64.5399072209	45.3640642087	66.6816967699	-23.912640541	35.935025798	36.1503277148	57.960732101	51.4035232316	53.6157170179	57.8476642068	64.7599829411	57.9803775185	34.0952842108	58.1957487436	56.8793539343	65.2202666915	57.586247314	62.2031393675	34.9832214205	30.5871373515	64.8082939115	56.1833534412	-31.1368436777	37.8389547601	67.1836564722	-24.7068358985	49.9351173549	-21.2414019271	51.4084144681	65.9033348	46.3319068704	52.3499602771	28.8315230214	64.8504330937	61.9423737237	60.8313894014	59.9910012614	56.5199870568	60.0223982317	59.1818687534	62.0797941534	59.8358061335	58.5457859327	64.4819387715	-38.6227987367	56.9221254861	-38.0954505565	67.5274112106	-34.3021293418	57.5558581112	64.5661139615	-29.9518456238	-34.2604837852	63.0771994119	68.2817531133	25.8987284431	58.3649459339	58.3517958592	67.8018459721	59.5819798362	28.6882128432	-28.0034765897	52.8989881391	59.4902885608	21.7951547091	53.4993027802
62.2229346732	61.8871808819	56.6682579126	73.2205725801	65.332953227	60.5249937013	70.7144983432	67.0545184619	-39.3581716423	78.3643928995	69.1991273576	-32.3409436389	68.6714207776	-47.4721952637	62.8054991017	76.2491620173	72.3365341174	70.8320133883	72.9540026283	51.3946078598	26.5805718316	-30.1400951747	69.8303336555	69.2491626557	63.0633447974	87.3684685627	70.9105406467	61.4495953121	68.9190471634	70.4549526493	71.3482672702	68.9327385026	75.3364935876	67.134803415	51.4868419726	77.0022256377	63.0084444183	77.2213926889	-37.4472548674	29.3049860999	40.6072364814	67.7219750384	56.0477695698	69.375803927	74.342591023	70.4328818305	64.6281431056	27.5928585481	70.0186457306	58.4662821118	72.828925253	65.2140022258	73.2288925388	49.5061773362	21.2110367292	68.3816969529	67.8984050651	-52.2113753707	57.489351424	66.7538028829	-38.7045314244	67.1753280172	-38.6396100953	64.0930310379	69.0312291041	63.9711571798	73.2242771849	37.1128407257	65.6569715366	73.8207081582	73.7379477216	70.5379414507	65.4108751141	66.3565685018	71.3397860464	74.5653946363	65.4898300053	70.3513732254	63.3547733198	-46.4859947715	67.5413665085	-52.6175315744	62.3735979339	-41.0966058159	69.3528011261	66.121829523	-43.4110673538	-48.9351029631	65.4951743432	72.6747728792	50.7499660204	66.3033971644	61.8711406017	67.6318264377	62.2113831832	23.0678782886	-31.8382274357	53.4354533462	74.735806092	34.4085301232	67.0966062793
