Tissue	braincortex
N_samples	95
Chr	13
Gene	ENSG00000121742.11
SNP	rs7328509
Gene_list	ENSG00000068078.13	ENSG00000121742.11	ENSG00000101400.5	ENSG00000110436.7	ENSG00000131771.9	ENSG00000185432.10	ENSG00000162407.8	ENSG00000148053.11	ENSG00000105854.8	ENSG00000164089.4	ENSG00000152661.7	ENSG00000018625.10
Gene expression stats (Y^T * Y): 
87.3684685627	56.1047990047	59.6098061967	66.0872676207	55.1259528309	39.6003739039	60.878682747	62.4108162556	53.3945555797	59.3764744501	60.6388217451	67.9295059531
56.1047990047	87.3684685627	52.9054537179	56.9680198369	55.435910745	60.2517678636	62.9929028047	60.1518110621	57.663075148	61.8752864515	61.6557071735	54.2995566802
59.6098061967	52.9054537179	87.3684685627	49.4918736395	46.1980379423	39.3411761002	42.8007295227	42.6922095464	42.0667163309	46.1797490942	44.9450759448	50.1361633943
66.0872676207	56.9680198369	49.4918736395	87.3684685627	61.4322471713	35.0923490592	69.7123187884	79.5684600885	71.544968459	62.4527339375	68.9569497134	78.4494608794
55.1259528309	55.435910745	46.1980379423	61.4322471713	87.3684685627	31.0361917096	46.385354256	66.2061806136	62.5470371982	73.0166283255	65.2655079826	67.0932319321
39.6003739039	60.2517678636	39.3411761002	35.0923490592	31.0361917096	87.3684685627	49.3773342862	39.8505345399	39.8008594753	31.8309049208	50.851102302	37.0711523151
60.878682747	62.9929028047	42.8007295227	69.7123187884	46.385354256	49.3773342862	87.3684685627	67.8062286218	59.2331087299	52.0852923338	61.637460522	63.1563552799
62.4108162556	60.1518110621	42.6922095464	79.5684600885	66.2061806136	39.8505345399	67.8062286218	87.3684685627	76.552168314	66.3082563928	73.8158769266	76.1803697764
53.3945555797	57.663075148	42.0667163309	71.544968459	62.5470371982	39.8008594753	59.2331087299	76.552168314	87.3684685627	64.6246730024	73.23123126	69.6241492495
59.3764744501	61.8752864515	46.1797490942	62.4527339375	73.0166283255	31.8309049208	52.0852923338	66.3082563928	64.6246730024	87.3684685627	59.2865572285	62.0326034742
60.6388217451	61.6557071735	44.9450759448	68.9569497134	65.2655079826	50.851102302	61.637460522	73.8158769266	73.23123126	59.2865572285	87.3684685627	73.8959938206
67.9295059531	54.2995566802	50.1361633943	78.4494608794	67.0932319321	37.0711523151	63.1563552799	76.1803697764	69.6241492495	62.0326034742	73.8959938206	87.3684685627
Genotype stats (X^T * X): 	10.4078571579
Gene expression - Genotype stats (Y^T * X): 
-8.95621582711	-10.0343432909	-6.13711548957	-7.86248020495	-6.05892117583	-8.72384202906	-9.89059361061	-8.39506077154	-6.91619593797	-8.14990252292	-7.7082613585	-6.15586640596