Tissue	braincortex
N_samples	95
Chr	19
Gene	ENSG00000254415.3
SNP	rs10424044
Gene_list	ENSG00000101336.8	ENSG00000254415.3	ENSG00000167613.11	ENSG00000104972.10	ENSG00000129667.8	ENSG00000051523.6
Gene expression stats (Y^T * Y): 
87.3684685627	54.938672294	68.4915050373	58.5483086908	57.8081059538	46.2113571516
54.938672294	87.3684685627	54.3141425077	52.95615555	55.8060117975	53.2668854607
68.4915050373	54.3141425077	87.3684685627	60.8455968435	59.6112748085	51.6442158482
58.5483086908	52.95615555	60.8455968435	87.3684685627	56.8451029794	47.2787442188
57.8081059538	55.8060117975	59.6112748085	56.8451029794	87.3684685627	55.8866819658
46.2113571516	53.2668854607	51.6442158482	47.2787442188	55.8866819658	87.3684685627
Genotype stats (X^T * X): 	27.6241936842
Gene expression - Genotype stats (Y^T * X): 
-12.2949485766	-18.5477805845	-10.0432556125	-12.7850309337	-13.691234941	-6.60863202875