Tissue	braincortex
N_samples	95
Chr	10
Gene	ENSG00000077943.7
SNP	rs7910668
Gene_list	ENSG00000077943.7	ENSG00000099994.10	ENSG00000119681.7	ENSG00000112837.12	ENSG00000176692.4	ENSG00000112214.6	ENSG00000155011.4	ENSG00000118729.10	ENSG00000198523.5	ENSG00000172403.6	ENSG00000187955.7	ENSG00000135842.12	ENSG00000188783.5
Gene expression stats (Y^T * Y): 
87.3684685627	52.8444531955	59.0400642332	55.2174997546	52.9331222886	58.7869489292	53.5604730929	54.6289234171	55.1066753307	55.1619678245	52.4377545324	55.3970623297	52.5304588082
52.8444531955	87.3684685627	62.953976835	69.0071809286	67.0007314811	70.474108111	55.564509585	72.291628979	69.0361090666	58.6985591055	70.9369011478	69.6364380211	44.840294355
59.0400642332	62.953976835	87.3684685627	68.327024712	68.7118128396	66.7629445661	55.8567835677	66.2160964375	66.4103177113	60.4826491609	66.9667031583	67.7121215568	53.7913448534
55.2174997546	69.0071809286	68.327024712	87.3684685627	71.2482630084	76.8564537504	56.0084565513	78.2212818274	76.5047546414	60.3701497226	72.7173166352	75.0967789775	48.8126507669
52.9331222886	67.0007314811	68.7118128396	71.2482630084	87.3684685627	72.6546942097	60.1869809487	73.1102530155	73.6971210087	64.8879471611	70.6625374931	75.0892441081	50.4611927365
58.7869489292	70.474108111	66.7629445661	76.8564537504	72.6546942097	87.3684685627	57.5868626167	77.6868906133	77.3317446226	66.70468186	74.2399598682	75.7700068497	53.4612646788
53.5604730929	55.564509585	55.8567835677	56.0084565513	60.1869809487	57.5868626167	87.3684685627	59.3432211051	58.5707239064	68.6271762718	56.5629258313	57.0305998236	49.6196013039
54.6289234171	72.291628979	66.2160964375	78.2212818274	73.1102530155	77.6868906133	59.3432211051	87.3684685627	81.2921568843	62.7396230213	76.285530934	77.5310081318	49.0066722531
55.1066753307	69.0361090666	66.4103177113	76.5047546414	73.6971210087	77.3317446226	58.5707239064	81.2921568843	87.3684685627	64.9660974352	77.3022055439	75.8494887331	49.5912832636
55.1619678245	58.6985591055	60.4826491609	60.3701497226	64.8879471611	66.70468186	68.6271762718	62.7396230213	64.9660974352	87.3684685627	59.794913019	66.5982881217	49.6406646183
52.4377545324	70.9369011478	66.9667031583	72.7173166352	70.6625374931	74.2399598682	56.5629258313	76.285530934	77.3022055439	59.794913019	87.3684685627	75.0836362061	49.4191663857
55.3970623297	69.6364380211	67.7121215568	75.0967789775	75.0892441081	75.7700068497	57.0305998236	77.5310081318	75.8494887331	66.5982881217	75.0836362061	87.3684685627	45.4528750103
52.5304588082	44.840294355	53.7913448534	48.8126507669	50.4611927365	53.4612646788	49.6196013039	49.0066722531	49.5912832636	49.6406646183	49.4191663857	45.4528750103	87.3684685627
Genotype stats (X^T * X): 	20.3044705895
Gene expression - Genotype stats (Y^T * X): 
-14.2771585148	-4.21304708624	-6.34392836418	-3.02075748658	-6.62553588746	-1.73774033114	-2.14212342551	-3.13730286456	-3.41648617772	-0.836098562009	-5.43346125739	-2.96525284223	-6.42588714067