Tissue	braincortex
N_samples	95
Chr	14
Gene	ENSG00000140092.10
SNP	rs72705373
Gene_list	ENSG00000117122.9	ENSG00000176692.4	ENSG00000140092.10	ENSG00000154175.12	ENSG00000118729.10	ENSG00000185585.15	ENSG00000162998.4
Gene expression stats (Y^T * Y): 
87.3684685627	65.7695246639	53.1315028152	54.0516666268	56.89896397	55.0813969727	63.1565741367
65.7695246639	87.3684685627	58.5144947148	61.5520650182	73.1102530155	64.1111449729	67.1121611377
53.1315028152	58.5144947148	87.3684685627	55.0936238285	52.4662014667	52.8181048994	54.4144355734
54.0516666268	61.5520650182	55.0936238285	87.3684685627	47.859577029	54.2884812475	61.2176732184
56.89896397	73.1102530155	52.4662014667	47.859577029	87.3684685627	62.43730441	66.4931313747
55.0813969727	64.1111449729	52.8181048994	54.2884812475	62.43730441	87.3684685627	63.3175671001
63.1565741367	67.1121611377	54.4144355734	61.2176732184	66.4931313747	63.3175671001	87.3684685627
Genotype stats (X^T * X): 	42.3437619368
Gene expression - Genotype stats (Y^T * X): 
-10.4065390376	-14.5815198263	-22.8301359377	-10.0959624109	-10.7538255468	-12.4535306255	-11.9891896748