Tissue	braincortex
N_samples	95
Chr	4
Gene	ENSG00000150625.12
SNP	rs10026458
Gene_list	ENSG00000170540.10	ENSG00000111716.8	ENSG00000171885.9	ENSG00000110436.7	ENSG00000100242.11	ENSG00000181061.9	ENSG00000177576.6	ENSG00000136156.8	ENSG00000139644.8	ENSG00000169245.4	ENSG00000140391.10	ENSG00000145284.7	ENSG00000148053.11	ENSG00000152583.8	ENSG00000148672.7	ENSG00000105854.8	ENSG00000164929.12	ENSG00000136717.10	ENSG00000145824.8	ENSG00000105894.7	ENSG00000018625.10	ENSG00000109472.9	ENSG00000150625.12	ENSG00000135924.11	ENSG00000135919.8
Gene expression stats (Y^T * Y): 
87.3684685627	51.2903663422	39.1132883602	36.1635405268	-30.8978754149	69.4108977921	61.4551228492	54.1081534281	40.3641783477	49.7965016232	36.8852114276	45.7476140557	38.5743169785	47.2617314262	45.1094129181	40.8664365795	42.4705090673	-33.9492001221	18.9840014815	30.9498020989	26.0280599111	39.4132304403	60.493887242	-42.0325998938	34.1221265972
51.2903663422	87.3684685627	46.112362188	47.2904741803	-36.7136411143	61.7749966949	53.7578258689	41.1482220383	43.304614482	49.743464073	40.9577927965	37.8022099494	49.2083038321	44.8365923415	54.7316337645	50.0151912942	46.2447127974	-40.4439994087	31.063374665	39.9749593208	40.6184368402	42.2127450884	53.435802765	-38.4542785344	36.893218553
39.1132883602	46.112362188	87.3684685627	64.6055013946	-36.4060677707	42.9216209622	27.0114511549	58.9608843051	72.7456689056	38.9023416397	58.6096355632	43.5733829751	71.9072987819	71.1079597586	59.8847922606	66.5931348001	46.4383006238	-45.3882040772	38.7126848138	52.9528885066	66.2127834249	69.2521805209	56.5453504399	-25.0297421533	57.5120131579
36.1635405268	47.2904741803	64.6055013946	87.3684685627	-47.649944162	43.1021163429	39.7724725053	48.9123252794	67.4953404581	46.1335123221	49.6999210021	56.3143787945	79.5684600885	62.9547773763	74.7806078119	71.544968459	57.7241434347	-43.3945653241	53.1595408432	69.3624709288	78.4494608794	75.3717770127	65.0006886016	-36.2614007405	62.0971777439
-30.8978754149	-36.7136411143	-36.4060677707	-47.649944162	87.3684685627	-33.6552103209	-31.872364674	-31.9755027746	-28.1068309365	-29.970007187	-25.1610746014	-18.5827159462	-40.2930409894	-33.780897907	-54.5004420843	-34.0115861897	-32.1588208214	50.8916382598	-45.8971599754	-53.4427453548	-42.6566918835	-46.5094214633	-54.2020143243	43.9120914108	-43.2749572577
69.4108977921	61.7749966949	42.9216209622	43.1021163429	-33.6552103209	87.3684685627	67.237637166	46.7953462597	43.2374770542	52.8609893416	35.18772686	37.4518538943	42.9278672608	50.9661702936	51.5208996003	43.575744953	48.4862346562	-31.7226660015	24.8231718542	33.1565973775	29.9609309048	38.8300003952	53.6375937444	-38.7787409085	36.0841898708
61.4551228492	53.7578258689	27.0114511549	39.7724725053	-31.872364674	67.237637166	87.3684685627	43.9873546683	31.8212251365	52.7528400731	34.9910891022	44.5028559896	32.405724739	36.661942136	49.4236295868	37.028347721	46.1506951501	-22.5678729931	26.4713555199	40.5602954889	28.2058730123	35.1576443215	53.6852979384	-37.2196673585	33.1910556696
54.1081534281	41.1482220383	58.9608843051	48.9123252794	-31.9755027746	46.7953462597	43.9873546683	87.3684685627	57.2026207765	43.5985861801	59.0676813142	50.3733926425	50.0999573019	65.9257339215	50.8266824133	51.2299300593	33.8004950614	-42.3669158245	35.7159514854	47.5338035839	44.410385555	63.6469181782	62.5905081242	-40.7444129182	61.6492986421
40.3641783477	43.304614482	72.7456689056	67.4953404581	-28.1068309365	43.2374770542	31.8212251365	57.2026207765	87.3684685627	42.6478756649	61.6132482505	49.126960057	74.204758792	67.2210874786	64.758030139	72.7344227957	45.6181500298	-46.5625199066	32.9233974766	53.8186045481	67.9669910933	71.6966535256	56.4202052122	-26.3151693279	60.0633061268
49.7965016232	49.743464073	38.9023416397	46.1335123221	-29.970007187	52.8609893416	52.7528400731	43.5985861801	42.6478756649	87.3684685627	37.9860007176	39.1319439353	44.9538694863	39.0991453233	52.6296337582	45.9916612232	50.0329255548	-34.4268656027	34.50865593	44.2164528829	36.4798483858	43.490560932	57.1576374011	-32.8411980559	39.029285605
36.8852114276	40.9577927965	58.6096355632	49.6999210021	-25.1610746014	35.18772686	34.9910891022	59.0676813142	61.6132482505	37.9860007176	87.3684685627	50.3054199455	47.1554392846	55.9050573408	45.648237111	49.3272119222	34.2555629387	-37.4646819956	42.648950219	49.6697198878	45.8947080212	56.2230785898	55.5275589166	-22.3150640992	65.3412085998
45.7476140557	37.8022099494	43.5733829751	56.3143787945	-18.5827159462	37.4518538943	44.5028559896	50.3733926425	49.126960057	39.1319439353	50.3054199455	87.3684685627	50.1387334544	46.7213057198	48.3029587426	48.9894524804	40.6197953578	-17.2559636161	34.4649593521	52.9892308397	50.2241794818	56.7186429125	57.7292796062	-20.1424536208	46.2285402649
38.5743169785	49.2083038321	71.9072987819	79.5684600885	-40.2930409894	42.9278672608	32.405724739	50.0999573019	74.204758792	44.9538694863	47.1554392846	50.1387334544	87.3684685627	67.1331328737	73.9012275713	76.552168314	54.2391082704	-45.9172269561	42.1012297765	59.5479209709	76.1803697764	74.6304812169	61.1053270421	-32.8869682445	58.3676846704
47.2617314262	44.8365923415	71.1079597586	62.9547773763	-33.780897907	50.9661702936	36.661942136	65.9257339215	67.2210874786	39.0991453233	55.9050573408	46.7213057198	67.1331328737	87.3684685627	64.9922910336	63.0814796877	37.2470871721	-39.0937459331	32.1578215343	46.198721338	61.4210777791	70.2734899069	53.6536887345	-26.3982480231	59.6647601527
45.1094129181	54.7316337645	59.8847922606	74.7806078119	-54.5004420843	51.5208996003	49.4236295868	50.8266824133	64.758030139	52.6296337582	45.648237111	48.3029587426	73.9012275713	64.9922910336	87.3684685627	68.3879741602	51.7461566393	-47.0428657768	40.832305908	61.7164450072	70.512094225	71.3553461949	63.7228960872	-36.5357513987	55.3090391286
40.8664365795	50.0151912942	66.5931348001	71.544968459	-34.0115861897	43.575744953	37.028347721	51.2299300593	72.7344227957	45.9916612232	49.3272119222	48.9894524804	76.552168314	63.0814796877	68.3879741602	87.3684685627	52.1310372152	-37.5791137042	35.6555946081	53.4487826326	69.6241492495	72.6674818741	55.8670262704	-31.4289779408	53.9992024209
42.4705090673	46.2447127974	46.4383006238	57.7241434347	-32.1588208214	48.4862346562	46.1506951501	33.8004950614	45.6181500298	50.0329255548	34.2555629387	40.6197953578	54.2391082704	37.2470871721	51.7461566393	52.1310372152	87.3684685627	-35.8244083247	45.2524746435	48.6564901361	44.0438724723	48.7510783284	58.2468031217	-40.751481735	41.7175010762
-33.9492001221	-40.4439994087	-45.3882040772	-43.3945653241	50.8916382598	-31.7226660015	-22.5678729931	-42.3669158245	-46.5625199066	-34.4268656027	-37.4646819956	-17.2559636161	-45.9172269561	-39.0937459331	-47.0428657768	-37.5791137042	-35.8244083247	87.3684685627	-39.8625736093	-45.2267767498	-42.8069235293	-48.2954419734	-54.2183058234	55.995377036	-46.8425711011
18.9840014815	31.063374665	38.7126848138	53.1595408432	-45.8971599754	24.8231718542	26.4713555199	35.7159514854	32.9233974766	34.50865593	42.648950219	34.4649593521	42.1012297765	32.1578215343	40.832305908	35.6555946081	45.2524746435	-39.8625736093	87.3684685627	64.86441227	44.4636446482	46.8313955035	53.5450850149	-37.1779785753	64.8314499688
30.9498020989	39.9749593208	52.9528885066	69.3624709288	-53.4427453548	33.1565973775	40.5602954889	47.5338035839	53.8186045481	44.2164528829	49.6697198878	52.9892308397	59.5479209709	46.198721338	61.7164450072	53.4487826326	48.6564901361	-45.2267767498	64.86441227	87.3684685627	68.1265437566	65.6500393147	64.2080406242	-39.1507302393	65.2793841918
26.0280599111	40.6184368402	66.2127834249	78.4494608794	-42.6566918835	29.9609309048	28.2058730123	44.410385555	67.9669910933	36.4798483858	45.8947080212	50.2241794818	76.1803697764	61.4210777791	70.512094225	69.6241492495	44.0438724723	-42.8069235293	44.4636446482	68.1265437566	87.3684685627	74.8222494292	54.4560336501	-23.5568711937	55.0725780076
39.4132304403	42.2127450884	69.2521805209	75.3717770127	-46.5094214633	38.8300003952	35.1576443215	63.6469181782	71.6966535256	43.490560932	56.2230785898	56.7186429125	74.6304812169	70.2734899069	71.3553461949	72.6674818741	48.7510783284	-48.2954419734	46.8313955035	65.6500393147	74.8222494292	87.3684685627	64.3414617139	-33.6113616433	67.4481237315
60.493887242	53.435802765	56.5453504399	65.0006886016	-54.2020143243	53.6375937444	53.6852979384	62.5905081242	56.4202052122	57.1576374011	55.5275589166	57.7292796062	61.1053270421	53.6536887345	63.7228960872	55.8670262704	58.2468031217	-54.2183058234	53.5450850149	64.2080406242	54.4560336501	64.3414617139	87.3684685627	-53.0454423638	64.4949428579
-42.0325998938	-38.4542785344	-25.0297421533	-36.2614007405	43.9120914108	-38.7787409085	-37.2196673585	-40.7444129182	-26.3151693279	-32.8411980559	-22.3150640992	-20.1424536208	-32.8869682445	-26.3982480231	-36.5357513987	-31.4289779408	-40.751481735	55.995377036	-37.1779785753	-39.1507302393	-23.5568711937	-33.6113616433	-53.0454423638	87.3684685627	-40.7368693595
34.1221265972	36.893218553	57.5120131579	62.0971777439	-43.2749572577	36.0841898708	33.1910556696	61.6492986421	60.0633061268	39.029285605	65.3412085998	46.2285402649	58.3676846704	59.6647601527	55.3090391286	53.9992024209	41.7175010762	-46.8425711011	64.8314499688	65.2793841918	55.0725780076	67.4481237315	64.4949428579	-40.7368693595	87.3684685627
Genotype stats (X^T * X): 	40.9894736842
Gene expression - Genotype stats (Y^T * X): 
-19.3724455091	-11.9502443138	-4.49963947994	-5.15993352866	8.93704107726	-17.4221684727	-21.4417489727	-19.2307824055	-5.59419036871	-15.8410834161	-8.72435074171	-8.18236522338	-5.09953579517	-10.2121177668	-10.2815293616	-2.58614849939	-10.1776492333	7.19984354357	-12.068395823	-11.2635133523	-5.0294887909	-11.6240267006	-20.2748107377	8.08744581235	-16.2556481034