Tissue	braincortex
N_samples	95
Chr	9
Gene	ENSG00000229314.4
SNP	rs17650
Gene_list	ENSG00000134339.4	ENSG00000257017.4	ENSG00000163631.12	ENSG00000106927.7	ENSG00000229314.4	ENSG00000171564.7	ENSG00000171557.12	ENSG00000132693.8	ENSG00000158874.7
Gene expression stats (Y^T * Y): 
87.3684685627	50.8815663348	43.1964272901	31.3462970027	53.0924706758	54.2655537708	58.2521566495	44.4039532127	35.538050136
50.8815663348	87.3684685627	57.91217219	47.4352066887	65.1204869575	66.300411252	65.8129938866	37.1926254722	51.0772320547
43.1964272901	57.91217219	87.3684685627	61.5498167992	64.1937527738	61.5052103205	62.1766374624	34.2581344554	68.0686438083
31.3462970027	47.4352066887	61.5498167992	87.3684685627	58.4512591758	58.5994082138	50.7021799987	33.3404210773	64.8180258379
53.0924706758	65.1204869575	64.1937527738	58.4512591758	87.3684685627	75.1695303438	70.808251323	56.2796266301	62.5041603362
54.2655537708	66.300411252	61.5052103205	58.5994082138	75.1695303438	87.3684685627	76.4293149684	56.7096203113	61.1798035456
58.2521566495	65.8129938866	62.1766374624	50.7021799987	70.808251323	76.4293149684	87.3684685627	50.9396444224	55.372237629
44.4039532127	37.1926254722	34.2581344554	33.3404210773	56.2796266301	56.7096203113	50.9396444224	87.3684685627	38.669193442
35.538050136	51.0772320547	68.0686438083	64.8180258379	62.5041603362	61.1798035456	55.372237629	38.669193442	87.3684685627
Genotype stats (X^T * X): 	39.1409977263
Gene expression - Genotype stats (Y^T * X): 
19.2490546949	20.4631241939	13.7731364102	14.3778821229	19.6405880499	16.0613370331	14.6615008287	10.3573092573	8.99764348372