Tissue	braincortex
N_samples	95
Chr	10
Gene	ENSG00000170759.10
SNP	rs10763879
Gene_list	ENSG00000101265.11	ENSG00000129473.5	ENSG00000170759.10	ENSG00000154945.6	ENSG00000023287.8	ENSG00000197045.8	ENSG00000135720.8	ENSG00000124374.8	ENSG00000107829.9	ENSG00000179295.11	ENSG00000064393.11	ENSG00000169554.12	ENSG00000168280.12	ENSG00000151414.10
Gene expression stats (Y^T * Y): 
87.3684685627	56.9907278434	57.3242398279	66.1820873825	33.6893862945	51.274554217	54.595200298	47.6620647585	48.0665834203	56.5914972024	60.8283641815	61.2035854676	45.013328118	44.2754028807
56.9907278434	87.3684685627	55.0683057501	59.6543060655	44.28920279	53.2014840255	56.9608209545	45.9091348349	54.2680138013	54.2208640209	58.6935871346	51.8993527724	50.529639632	49.7544508236
57.3242398279	55.0683057501	87.3684685627	65.8816819125	53.0131297531	55.3644135927	64.2646815889	53.766747581	57.3709533476	56.4428957302	65.8881072582	58.3388528291	62.5872382053	60.0470262852
66.1820873825	59.6543060655	65.8816819125	87.3684685627	43.7150367131	58.8313181613	69.469706398	58.4724176944	63.1219862324	65.1815307642	73.9582619188	62.4853372981	48.7320224211	57.6511259756
33.6893862945	44.28920279	53.0131297531	43.7150367131	87.3684685627	48.4921211277	46.0379950548	39.8419318582	31.1181277085	46.935521234	40.4882065362	41.5429322785	54.1445024365	47.1347587
51.274554217	53.2014840255	55.3644135927	58.8313181613	48.4921211277	87.3684685627	54.9984497399	45.686439375	49.2347685395	55.8383192935	50.3202443583	44.3716309709	51.0493237454	58.4371541792
54.595200298	56.9608209545	64.2646815889	69.469706398	46.0379950548	54.9984497399	87.3684685627	62.0115142658	56.2221429241	62.203576558	70.5110887457	62.4379349576	51.8631038165	61.0573363417
47.6620647585	45.9091348349	53.766747581	58.4724176944	39.8419318582	45.686439375	62.0115142658	87.3684685627	61.3583981252	44.9043310908	69.1699816856	62.8193410165	43.8295268875	53.4176180867
48.0665834203	54.2680138013	57.3709533476	63.1219862324	31.1181277085	49.2347685395	56.2221429241	61.3583981252	87.3684685627	41.4147699822	67.3188735599	53.2028243221	38.5827570055	44.9748382215
56.5914972024	54.2208640209	56.4428957302	65.1815307642	46.935521234	55.8383192935	62.203576558	44.9043310908	41.4147699822	87.3684685627	55.921950521	51.1766788623	47.9571915216	57.339418517
60.8283641815	58.6935871346	65.8881072582	73.9582619188	40.4882065362	50.3202443583	70.5110887457	69.1699816856	67.3188735599	55.921950521	87.3684685627	68.4057422783	44.0874108072	56.388405394
61.2035854676	51.8993527724	58.3388528291	62.4853372981	41.5429322785	44.3716309709	62.4379349576	62.8193410165	53.2028243221	51.1766788623	68.4057422783	87.3684685627	43.359954633	61.310074869
45.013328118	50.529639632	62.5872382053	48.7320224211	54.1445024365	51.0493237454	51.8631038165	43.8295268875	38.5827570055	47.9571915216	44.0874108072	43.359954633	87.3684685627	38.6184055661
44.2754028807	49.7544508236	60.0470262852	57.6511259756	47.1347587	58.4371541792	61.0573363417	53.4176180867	44.9748382215	57.339418517	56.388405394	61.310074869	38.6184055661	87.3684685627
Genotype stats (X^T * X): 	33.4315789474
Gene expression - Genotype stats (Y^T * X): 
-3.86859441909	-9.05689989073	-17.9803866631	-10.9012056059	-15.4166738663	-12.9986715845	-15.092229338	-9.70812100986	-13.0935539431	-4.5303544582	-10.4400077592	-5.07559706128	-16.4740786858	-10.7859779733