Tissue	braincortex
N_samples	95
Chr	19
Gene	ENSG00000104951.11
SNP	rs283532
Gene_list	ENSG00000177150.8	ENSG00000188060.6	ENSG00000128342.4	ENSG00000114268.7	ENSG00000104951.11	ENSG00000159399.5
Gene expression stats (Y^T * Y): 
87.3684685627	60.9342609013	46.5441946587	50.6849283523	52.4418920114	64.6859284688
60.9342609013	87.3684685627	55.1958682135	46.7665797732	53.9415648652	75.2431549883
46.5441946587	55.1958682135	87.3684685627	49.8053570292	66.5720776533	65.270660151
50.6849283523	46.7665797732	49.8053570292	87.3684685627	55.1975481449	54.91445993
52.4418920114	53.9415648652	66.5720776533	55.1975481449	87.3684685627	55.9164911561
64.6859284688	75.2431549883	65.270660151	54.91445993	55.9164911561	87.3684685627
Genotype stats (X^T * X): 	34.4878298316
Gene expression - Genotype stats (Y^T * X): 
12.818661528	13.2131096071	11.1906002799	16.5378692505	19.3704288961	10.8724336426