Tissue	braincortex
N_samples	95
Chr	2
Gene	ENSG00000188042.5
SNP	rs2204511
Gene_list	ENSG00000136750.7	ENSG00000120903.6	ENSG00000168032.4	ENSG00000107242.13	ENSG00000189056.9	ENSG00000151136.10	ENSG00000146469.8	ENSG00000128683.9	ENSG00000144355.10	ENSG00000188042.5
Gene expression stats (Y^T * Y): 
87.3684685627	48.13571776	43.7567386183	27.443790022	56.0386280049	65.4933877618	58.8739630098	76.9237163422	67.0124517862	60.7126247093
48.13571776	87.3684685627	44.3935274435	45.9848355562	50.8382566859	52.7932625191	59.6830530151	47.0909441892	59.4314149034	56.8841096904
43.7567386183	44.3935274435	87.3684685627	49.1364572236	40.651556282	50.3923017632	47.3395683228	47.0939243921	44.644443134	52.5095499144
27.443790022	45.9848355562	49.1364572236	87.3684685627	52.464719464	33.1561035325	45.9390322631	29.0124306659	36.6172742667	54.1715978106
56.0386280049	50.8382566859	40.651556282	52.464719464	87.3684685627	42.4221986431	60.6252320877	53.7416884231	60.9923591646	52.7302743462
65.4933877618	52.7932625191	50.3923017632	33.1561035325	42.4221986431	87.3684685627	43.4155889786	66.1440203921	58.0990893371	57.6994805183
58.8739630098	59.6830530151	47.3395683228	45.9390322631	60.6252320877	43.4155889786	87.3684685627	54.1062328518	71.373421123	61.0262733196
76.9237163422	47.0909441892	47.0939243921	29.0124306659	53.7416884231	66.1440203921	54.1062328518	87.3684685627	63.3673822511	56.6958647239
67.0124517862	59.4314149034	44.644443134	36.6172742667	60.9923591646	58.0990893371	71.373421123	63.3673822511	87.3684685627	62.1459937838
60.7126247093	56.8841096904	52.5095499144	54.1715978106	52.7302743462	57.6994805183	61.0262733196	56.6958647239	62.1459937838	87.3684685627
Genotype stats (X^T * X): 	29.5368421053
Gene expression - Genotype stats (Y^T * X): 
12.0872648417	7.69145093024	12.3138387163	5.47881872662	8.68457171901	7.5557145718	18.4775463858	9.30487212393	14.8701023972	19.3099588611