Tissue	braincortex
N_samples	95
Chr	19
Gene	ENSG00000108107.8
SNP	rs28626567
Gene_list	ENSG00000142089.11	ENSG00000177600.4	ENSG00000115268.5	ENSG00000140988.11	ENSG00000110651.7	ENSG00000171863.8	ENSG00000130255.8	ENSG00000161970.8	ENSG00000166441.8	ENSG00000132639.8	ENSG00000144713.8	ENSG00000110700.2	ENSG00000163032.7	ENSG00000105640.8	ENSG00000221983.3	ENSG00000134419.11	ENSG00000137154.8	ENSG00000165795.16	ENSG00000142676.8	ENSG00000198242.9	ENSG00000122026.6	ENSG00000128245.10	ENSG00000231500.2	ENSG00000124614.9	ENSG00000198755.6	ENSG00000125691.8	ENSG00000108298.5	ENSG00000168028.9	ENSG00000100316.11	ENSG00000105193.4	ENSG00000145592.9	ENSG00000131469.8	ENSG00000105372.2	ENSG00000140264.15	ENSG00000142937.7	ENSG00000265681.2	ENSG00000160307.5	ENSG00000232112.3	ENSG00000063177.8	ENSG00000087086.9	ENSG00000142541.12	ENSG00000142534.2	ENSG00000213741.4	ENSG00000162244.6	ENSG00000123349.9	ENSG00000170889.9	ENSG00000143947.8	ENSG00000108107.8	ENSG00000229117.4	ENSG00000087250.4	ENSG00000008988.5	ENSG00000168309.12	ENSG00000083845.4	ENSG00000139970.12	ENSG00000171858.13	ENSG00000125534.5	ENSG00000133318.9	ENSG00000014641.13	ENSG00000149806.6	ENSG00000174444.10	ENSG00000137818.7	ENSG00000172809.8	ENSG00000021300.9	ENSG00000149273.10	ENSG00000138326.14	ENSG00000186468.8	ENSG00000167526.9	ENSG00000156482.6	ENSG00000166925.4	ENSG00000114391.8	ENSG00000109475.12	ENSG00000118181.6	ENSG00000154096.9	ENSG00000089157.11	ENSG00000136942.10	ENSG00000197958.8	ENSG00000112306.7	ENSG00000148303.12	ENSG00000104529.13	ENSG00000161016.11	ENSG00000164587.7	ENSG00000177954.7	ENSG00000160781.11	ENSG00000128656.9	ENSG00000182899.10	ENSG00000197756.5	ENSG00000172428.6
Gene expression stats (Y^T * Y): 
87.3684685627	49.8461216278	52.2536585904	56.929593526	69.3531785347	52.224724908	50.8724914592	38.317759489	51.226479722	-51.6381082272	52.9203847335	43.281100992	-48.1596451611	54.6355746817	38.6857800731	53.5670260665	59.2125829813	42.7557738338	49.9136401408	54.6927742891	41.2647618481	-50.3021331501	51.9571937732	43.6062343524	37.2180891772	52.6213709267	56.7128932016	41.6483627224	49.5517664444	62.3364093162	53.1543243574	51.5447199667	61.25702012	53.8189913246	57.0642398438	56.1774636225	41.8888652087	34.457531693	58.710734182	61.3780635927	61.7063362392	60.2857503082	47.9519280204	44.8635740266	43.0392723644	45.0539404732	45.0762106701	53.6535170126	52.6316484575	53.0427483951	48.7369796636	66.2499421139	42.1040859018	-49.2812728829	48.491314862	32.5442676167	-53.5998435002	-51.8460546405	48.5812109599	50.3616776924	58.6307379326	55.3401251617	43.381687448	53.8171151011	44.5024707342	53.4950693632	49.1203386263	55.376539159	40.6925986887	49.4671853473	43.2108913403	50.2845812228	-59.2138809273	56.5427619298	49.7498100654	38.9899354354	50.5113015757	52.2574506862	39.0003230567	52.1187719578	39.1049770106	46.1909169542	27.8338602396	-45.8245348727	46.1712736869	41.1181042725	37.7513906525
49.8461216278	87.3684685627	74.5756102197	63.4519321908	49.865624121	60.5018340054	72.951586699	48.4964979393	65.3203929436	-51.589036345	66.9378243928	48.8112615416	-52.7283321052	65.7741096674	63.5614836849	59.0309260289	64.4745936653	46.5670680906	66.4048372804	72.9023199376	68.3566724443	-52.8344158034	62.539265512	62.6010465362	40.8319961814	62.2229346732	72.2880466033	51.001854887	58.3542105122	73.931235652	77.4304615897	64.8840143354	77.4765238949	67.3881445365	61.9781319565	57.4885229647	58.3212273353	60.9160009651	62.0791717621	54.4828045204	75.9864731568	69.1764258117	61.1040956821	59.1061509473	56.7868905814	66.0708741567	62.7355098283	70.2738056986	65.6885343476	59.1782214057	51.3198355076	52.1535814072	54.5485731772	-59.2689925465	61.7562482754	48.5358240626	-58.4426267228	-58.4336224533	75.7908058111	44.9323831551	79.4921406066	77.5682845955	57.8429134852	65.6090450346	53.1090173128	62.1311948321	68.5460376893	64.2059647284	51.929126985	54.6830056461	51.4439421548	55.972251078	-49.6026918534	42.09424132	67.1423344969	61.8040223799	60.8175120771	54.0927518667	66.6748486455	71.1367795659	53.7649840818	41.3633725413	47.9472971362	-55.135531636	58.9406939979	60.2051516567	52.6685073311
52.2536585904	74.5756102197	87.3684685627	69.013242566	47.599975049	59.7221535659	77.6826602537	48.9115749236	68.0132327634	-54.1000941546	67.6418498249	53.8955945029	-54.1466450998	77.0320623423	62.6759225194	62.6038201961	65.5989160039	47.602887195	67.2894954368	69.5795598495	54.9748112962	-56.8227431551	63.3690913604	72.0856170877	46.9276384006	61.8871808819	71.7301067479	57.3891414642	58.5525591745	78.3175457607	71.0800436395	69.8254640206	79.4919221207	67.7269537508	66.0535627172	61.3822149756	53.0547936247	58.7415074508	75.7539255802	62.1117861529	75.5562330658	72.585422821	68.948431364	64.2840929013	60.3268374832	73.0151245346	62.8879044003	78.1114030919	65.6609314477	61.8318365799	56.6076455405	54.0780431264	65.4548355812	-58.7236324497	70.4344516752	57.1724886168	-61.6313242054	-56.8291476916	78.1912152615	47.0071432978	79.7312366023	76.3932685713	53.0804448255	66.8170057147	54.3708540527	62.8243907029	79.8817020769	64.030383628	52.7529248226	59.9784697542	57.1674022548	58.103681294	-52.9771287527	50.1331465506	76.8312728485	59.8112792903	63.9043202473	53.9687732113	61.6294536055	72.9696703511	59.0455535073	55.3351915457	48.7008741527	-55.8389497581	62.3953410457	65.7910758893	61.6920907475
56.929593526	63.4519321908	69.013242566	87.3684685627	51.1361661375	57.8759828768	65.9492254729	44.7309923473	59.0707872545	-54.0841548401	61.7190394111	48.4552775681	-55.1206331114	69.0380604781	67.7946134652	59.3353427854	60.122697234	41.0904450118	63.5444235428	59.7934155376	55.1985986679	-48.1675155407	63.0456460262	65.0654265439	51.0455412167	56.6682579126	65.2017369382	65.1883449335	58.2417751775	71.659161283	62.2163923699	59.9577829438	74.2150299697	58.4909200087	60.1503379683	58.8086639846	40.8144417566	40.3307703613	66.2507031419	58.3646355756	71.346303718	67.0159616102	59.0695422066	60.2042990605	48.6742844701	62.7384553579	55.5850325017	70.1888853214	60.8138860716	49.3899409332	55.6615235075	49.0905021955	62.278756425	-51.5727786593	55.2257193282	51.1902658888	-57.16106214	-55.5481692355	68.1908775702	53.2056220114	67.3726459539	64.4586917594	41.2433630833	63.3211731228	44.4625340917	56.8843019132	67.5647810206	56.0728829592	41.0615651574	55.7012826829	46.8737908552	48.6106832159	-42.7629459844	60.4584124027	62.6330067173	52.7135197223	60.5077965632	61.5576392679	54.1331082551	70.4376147344	52.348843137	51.2213520971	39.3649196719	-52.1760977352	50.929816467	53.1541199815	44.773260782
69.3531785347	49.865624121	47.599975049	51.1361661375	87.3684685627	41.559584104	45.3330236718	27.9763315913	45.2382071597	-64.0198620358	44.8804371296	30.2940929985	-62.2332403238	51.0039889133	34.4121649509	46.0153045316	53.1087701121	63.5543254448	47.155484838	55.783416576	48.405248839	-60.9582254749	45.7212589612	40.100437151	31.003177214	42.7644831396	52.2660501888	38.6371723344	47.8128559047	57.1161171276	51.3465611645	42.2696411186	58.6419589935	52.6186260853	47.8692939574	48.3065248364	58.2891332389	40.2657561695	54.9805669481	56.937212066	61.866483537	53.457707684	42.6668117583	42.0226316295	34.4790415768	39.7714795036	36.5999943015	52.7907227747	52.829769967	58.8952123343	44.5843893156	67.0503284389	35.2250709088	-63.2346657525	37.2789846548	34.1093856657	-60.6702229252	-60.6954556047	49.6175957078	38.889999257	57.3168826307	48.7389046364	51.7449281049	44.596249729	38.7086632199	45.4432802069	44.7815726508	50.4231429259	55.81232086	40.5971136253	37.0151537854	42.0648627016	-62.1168413071	47.6954117356	43.6360466272	35.7993768991	43.3256140744	44.3853660183	31.8301729223	50.1339636025	32.2013584472	36.5842869979	34.8656050096	-59.4417362424	41.5613286369	33.5992396799	35.978785926
52.224724908	60.5018340054	59.7221535659	57.8759828768	41.559584104	87.3684685627	67.574238295	69.0353883395	69.1711065608	-38.0109102724	77.1198223751	68.5672487284	-31.9412508857	63.2364874741	57.8513444488	73.7960302243	72.42184159	35.7234301639	66.3814274746	69.3060770425	45.6444236389	-34.4249456231	73.983472428	66.5122455666	54.4442305679	73.2205725801	67.7705890437	64.3940480714	65.3927122348	71.1185799417	69.0698862792	75.6602725688	68.3544958095	57.0769891868	73.6119431404	73.3640631897	37.1543764411	57.0325726729	65.7905213657	50.3911158142	66.6666743474	73.5449980003	67.0334053873	64.1883422999	72.3373625588	60.3431005836	69.6570545371	57.1227634702	67.4141659881	50.3391167385	70.0287372102	54.089830095	63.3204593475	-41.0650980064	69.6648140896	34.0265497804	-44.2350682902	-40.827175181	63.0852322579	63.7479344653	63.7626633317	72.6795435057	36.3221996116	68.2477815178	72.6363858473	66.7109408114	59.7712312442	67.3526657213	29.2990626245	78.2333346355	71.9446283674	68.2400454212	-52.4375282339	62.9408778259	70.5635779494	63.0229998483	60.802255964	66.6521803215	48.8938616494	66.9377533639	58.5414163138	55.891588139	19.5913012058	-29.259212249	77.5632039495	55.0514541386	55.3847290599
50.8724914592	72.951586699	77.6826602537	65.9492254729	45.3330236718	67.574238295	87.3684685627	48.9939667694	65.2765216306	-47.2337637038	68.2959829207	52.1104649019	-45.3365591283	72.6115421162	64.1452570596	61.524766444	61.1209415933	43.1291877694	60.9921061002	68.3944074909	54.0581937201	-45.3672959799	67.3358467464	70.4447604784	47.5147948875	65.332953227	66.4235008141	57.4596322932	60.5514702964	73.7393977834	69.6981054359	73.3389619738	76.5187213167	64.0012561362	64.7087653121	62.6080795243	42.7184583714	64.3071325984	72.1241759006	53.0437121829	71.9484677691	69.7066474171	63.5063671583	63.703560884	60.5363815427	68.9713330019	59.619580668	70.295492761	68.6844184067	66.9868050279	53.745812487	54.2675378941	63.087817598	-50.4882698744	71.6093349577	47.9939844385	-59.9969033676	-49.729692791	77.5419782574	45.1225779758	75.5278681227	76.0698632294	41.1807516107	63.9216195868	55.6588736224	58.1659696186	72.7937439047	58.0819110769	40.6556393642	64.2732957779	58.7227590668	57.4581784813	-48.3397482104	50.8457119603	74.8373485753	62.8669385285	55.5847879232	60.013142613	54.6153582018	74.6853312027	60.6103991567	45.6810926007	34.986580066	-44.3180236066	67.6243024682	56.8485970799	65.4049771125
38.317759489	48.4964979393	48.9115749236	44.7309923473	27.9763315913	69.0353883395	48.9939667694	87.3684685627	71.5156706112	-28.2779293952	76.2072331675	79.2961639045	-26.2079388654	56.6482867355	57.6494802025	75.4269872692	74.009350534	35.1724742895	69.2714450708	68.0861316462	39.0568535044	-30.8307513316	68.5468672959	66.6055039694	64.5261719931	70.7144983432	66.390231409	64.4952530073	62.4165881083	58.9620927394	61.6683581213	73.8768514448	56.1125786805	38.731322164	72.2983835854	75.3003946533	42.7947088701	43.4200914898	59.4804046919	47.4730271672	57.5205730013	66.3503078661	69.5828285881	59.6884296598	76.0783564633	51.7746940379	79.5277651156	57.044004877	62.8933687514	30.5341246725	73.8500768937	47.664421416	62.9046011718	-33.3224348406	58.1067497065	29.2232575887	-28.6391115331	-29.3962111263	48.5410155079	70.6133152826	52.0688846912	62.8460999446	39.6178252647	68.9228064268	78.9131290668	68.4895540268	53.4593341677	75.2539251772	28.397922498	74.3625322077	76.9813864305	73.9928121549	-50.1109464525	62.1299707316	64.8014035917	65.6621205885	70.1410801221	66.2328569061	41.0471814042	52.5050623624	55.2523601422	66.2845794062	30.9905648688	-26.5683887731	74.5208250132	55.3812440313	47.8537286675
51.226479722	65.3203929436	68.0132327634	59.0707872545	45.2382071597	69.1711065608	65.2765216306	71.5156706112	87.3684685627	-50.5143514707	76.5377775078	72.0483476962	-49.3636453785	68.4759951227	60.2440863396	76.2182204707	78.0619751446	50.941866558	77.9910848501	73.6587269358	45.8740049115	-54.0377234394	74.3300516463	74.0354847676	56.4408524601	67.0545184619	77.2958807408	63.8507313866	69.0207641024	72.5846710624	69.2764307483	77.9733774182	72.594403453	58.6176443098	77.9653408979	72.7300575741	57.7345727631	55.7691492627	73.9035568878	61.7842193424	71.8693279262	76.4705879884	76.7005065795	67.3839878005	76.2127580604	67.062571194	74.8086680722	70.6568755904	68.1747347545	51.6047290619	73.0419834905	57.5761072665	66.5977227457	-55.5195370926	64.8548415963	47.3085353827	-54.408556162	-48.3034291483	66.3206211531	62.1035881764	71.4395867243	72.8758109582	55.1429041454	73.0626271699	75.3901927704	68.2794026625	69.2859318387	79.7635960099	51.478078402	74.5403023025	75.5697164208	75.3766640571	-65.3817830149	61.3791689718	78.7311100273	68.6921453434	74.8383327343	64.0158818537	52.3261752792	67.047768858	61.2215100986	68.7421432151	47.2592818732	-50.9526908501	74.5614622182	60.2753466113	56.8414764149
-51.6381082272	-51.589036345	-54.1000941546	-54.0841548401	-64.0198620358	-38.0109102724	-47.2337637038	-28.2779293952	-50.5143514707	87.3684685627	-50.1674900481	-34.9702418866	81.9425525812	-48.3036189746	-35.1553440634	-45.6945101416	-55.6138751627	-59.971109233	-56.0584849473	-57.526363472	-47.4609865214	72.4947642655	-52.470059948	-47.4499658382	-23.3891277028	-39.3581716423	-56.9781360923	-46.1244720068	-44.744300913	-57.3473500294	-54.7555821313	-45.0429778843	-62.1768831278	-55.3594615621	-50.1272037284	-48.0772895251	-57.8959578195	-30.7416643848	-58.8790083491	-56.8124191722	-61.7266716616	-59.5372893497	-48.0524757991	-38.1811451073	-41.777487324	-43.6432506166	-39.839824608	-54.5636306709	-47.0669111331	-52.8458803077	-46.2716031414	-66.1246301499	-40.1366020461	79.2588704507	-42.8973013365	-29.6980197211	73.1642722667	73.8433148833	-48.0487458054	-38.009300252	-58.186313359	-54.3716081488	-62.4141305392	-51.5123221759	-37.3091503536	-46.2382213608	-49.4759350753	-54.285124447	-56.3326234354	-38.8052118524	-39.9880531881	-42.6628632737	61.463168624	-36.5348755868	-51.0016842416	-29.9190109827	-48.9007700146	-36.3508251143	-44.1299812918	-49.9413442639	-39.5778617758	-41.3628695873	-45.6494764814	73.7134053658	-37.3795006141	-40.7410677083	-34.5850975833
52.9203847335	66.9378243928	67.6418498249	61.7190394111	44.8804371296	77.1198223751	68.2959829207	76.2072331675	76.5377775078	-50.1674900481	87.3684685627	75.5783626787	-45.2189467561	69.0423369388	67.5072127175	79.2736502133	79.6173294111	45.2305533319	77.4458782105	77.9330138513	53.7504118577	-47.084712083	78.2218842084	75.9367297079	62.3291727146	78.3643928995	78.8889925766	71.1991823881	70.7895700886	75.7522049844	75.5863382922	81.638323348	74.3588766314	57.6948769898	79.8957208726	79.5600976327	50.8831538506	57.619642141	74.9169030714	60.5153275842	73.8001591727	80.8360118514	77.7694904812	69.5939254262	79.1469498383	66.1516851382	78.1739602917	71.3218965783	75.8497991381	51.7376327456	75.6471841036	60.5860206106	72.6179381562	-52.0075133391	71.3544650867	43.129183337	-49.3608686383	-47.1903493864	68.3786764574	70.5939940296	69.952641046	78.3715957647	50.296841973	78.6881051515	76.4936437406	74.5243127019	68.516336893	78.919380009	40.1418436804	78.9395100058	76.8955803448	73.6140334591	-59.4046002849	67.3057174871	77.1460083485	69.452920227	73.4043880387	73.7043862196	53.9649062571	69.6595630813	68.1529938901	65.9062406252	39.0649929017	-42.4318089731	78.6366504742	66.9523374138	59.1187032662
43.281100992	48.8112615416	53.8955945029	48.4552775681	30.2940929985	68.5672487284	52.1104649019	79.2961639045	72.0483476962	-34.9702418866	75.5783626787	87.3684685627	-31.1980834717	61.5819985499	59.1994032531	78.4292994591	76.0074099635	35.4613588101	70.0800831824	67.7650498876	31.2738976918	-35.8194343408	70.4786636934	70.8844125613	64.867889373	69.1991273576	67.4986933178	66.172110948	63.0450072689	63.1362618734	59.3626344731	76.0979273432	59.140327634	41.8881550607	75.9191541404	73.4310594702	39.7859653737	39.5857261797	66.7364844882	53.6875373606	56.8230883886	70.3392444587	73.7907698984	61.8163927709	72.0915285968	60.3011858836	74.845340684	58.0386636934	59.4560099518	28.9068279201	78.2274517031	49.6012159165	67.9344133572	-37.4677743795	61.5139332515	35.8096843879	-33.6135668522	-30.9210993949	51.2282905599	70.812496911	55.2328089143	63.5662462142	39.2544632855	72.4351432835	76.8366196861	72.8221353374	59.0326926747	75.4214448824	30.1499139999	75.8083080392	75.9673347538	74.2912985065	-51.6110597057	67.1950749642	68.904480887	63.5766307392	70.8598602002	61.9466421976	40.1667954105	53.1669786894	59.111324394	72.2680752183	29.403162602	-27.9257219829	74.353128413	56.4902819337	47.7829291184
-48.1596451611	-52.7283321052	-54.1466450998	-55.1206331114	-62.2332403238	-31.9412508857	-45.3365591283	-26.2079388654	-49.3636453785	81.9425525812	-45.2189467561	-31.1980834717	87.3684685627	-46.6879878336	-38.9587532397	-42.4459664454	-52.6168331572	-60.0215512128	-56.0581347413	-54.9039080431	-50.0913229373	75.1352901404	-50.1686622376	-46.9573159276	-26.1947374724	-32.3409436389	-56.7803197371	-42.0450274965	-44.2278622096	-55.0674212734	-53.9787525813	-42.4568101225	-62.4662971133	-52.1140100143	-45.0237159182	-43.5140439345	-60.2759453694	-26.3371427271	-55.2918242072	-53.0511333396	-60.4902598245	-53.9994892785	-45.0543308373	-34.8691216246	-35.3878744051	-46.5589658281	-40.0667180393	-55.1393418638	-45.8153062751	-48.8163060516	-41.3493774619	-57.9321456452	-39.3418215287	78.2918171086	-36.0329638088	-34.4601860181	75.8305085072	74.011768759	-49.1247608997	-33.2373826926	-58.330448402	-50.86265161	-63.7048451513	-49.7211218461	-30.0838011758	-45.7714142027	-50.4805959776	-50.3215730934	-60.3491039965	-31.7928271623	-32.9147652303	-36.0409788217	55.6532730756	-34.1414829615	-47.7494060519	-33.5444817582	-51.9874129532	-33.2239007186	-43.7326246205	-51.0314343213	-37.6982459661	-37.445943625	-54.8572764752	80.5264254546	-30.8360502805	-38.1928275038	-28.1059282885
54.6355746817	65.7741096674	77.0320623423	69.0380604781	51.0039889133	63.2364874741	72.6115421162	56.6482867355	68.4759951227	-48.3036189746	69.0423369388	61.5819985499	-46.6879878336	87.3684685627	65.3440285548	68.2549860119	67.0950992437	44.6808674138	68.4466631596	67.9555530059	52.3102299557	-46.0378819484	66.6036315649	73.6019767463	59.9359873741	68.6714207776	68.9043564564	63.4000558782	66.4602137296	77.9485110863	65.1681617959	70.6823362456	73.5800999556	60.0772960025	69.9766649572	68.4994925082	45.7475793135	51.7625770732	76.1981864753	60.9423480945	75.6177694289	73.1394940412	71.0542512653	70.5243705531	58.834285938	69.2315424834	65.7469352341	76.1362017229	70.7429634201	56.4339106677	64.2030933601	54.973467214	73.4700839883	-50.6632655303	70.2206524796	53.5318448297	-52.9823800372	-51.604438519	74.3880483874	58.1943926983	74.1814678888	71.3582975016	40.2610581809	69.4304569818	61.1447901676	66.147421624	76.1245307975	66.608443054	40.8361876735	65.1643858417	60.1985944739	59.790181419	-52.271341419	65.4885077531	73.7654893086	64.0793910907	63.2587612976	63.7132433798	55.5418880132	74.1836283803	58.3972373062	60.3738798001	32.9325618495	-47.021145875	66.3476100365	63.8941481873	59.9734545686
38.6857800731	63.5614836849	62.6759225194	67.7946134652	34.4121649509	57.8513444488	64.1452570596	57.6494802025	60.2440863396	-35.1553440634	67.5072127175	59.1994032531	-38.9587532397	65.3440285548	87.3684685627	63.9919290726	61.4279603615	34.3026787466	66.9706590161	62.9213083203	51.9095182915	-35.2430975824	64.1814312806	70.7783348464	61.5233484021	62.8054991017	67.6620886234	65.5471705115	62.3277924952	66.2410518835	64.5138667914	66.3873505077	64.2089563615	50.2683365915	59.906333232	59.9184435937	40.7159522202	41.7700895717	63.2494073743	50.1491018561	65.3615160665	66.9691763593	62.9206773377	62.1250707323	56.0540165291	64.4440526627	64.588487592	68.6202301127	63.600179358	42.6743700873	60.7576897963	39.7318278288	69.2734816768	-37.1888566561	58.1281231424	52.2527200552	-39.5895451911	-37.1031255237	65.8310321023	59.7117501225	60.487236546	64.3013889969	38.9766107886	67.3113157123	52.9445690578	64.2927635924	63.9204582786	58.5366753962	31.8596134601	58.7189794147	54.9111511755	54.5434227631	-34.6417508168	56.8486034543	63.481588493	66.6131399423	65.3892092561	66.1289129484	51.0015006606	68.371744279	57.6622903249	52.2197576655	41.0008976118	-37.0211783847	61.1509392946	60.4345387594	48.7479179831
53.5670260665	59.0309260289	62.6038201961	59.3353427854	46.0153045316	73.7960302243	61.524766444	75.4269872692	76.2182204707	-45.6945101416	79.2736502133	78.4292994591	-42.4459664454	68.2549860119	63.9919290726	87.3684685627	80.159048015	43.7174956975	77.6868221043	74.6648723367	46.6116019112	-43.400141979	75.8627591248	74.845670546	62.8290669795	76.2491620173	74.8261176342	67.5783272776	67.9739023671	73.6515240072	68.9489481995	78.6229824411	70.563048942	53.3961516604	79.0283065534	79.0544465751	49.2049819721	47.4195943817	73.5552677149	61.2454613185	70.1231006201	77.4839473608	77.3450162892	68.4879561762	72.7310213052	65.0496299742	77.88872107	66.9463128612	69.9437300448	44.9387404795	78.0006272429	57.8405293703	69.8551886283	-47.0728055796	66.0684465536	45.097577833	-43.0775821705	-44.0059350873	63.2343342749	72.6365075965	67.1897381003	72.3972975902	46.7369360209	78.2675415605	76.7940360259	77.6254743247	67.126839773	79.2425164881	36.6341168898	78.5622467318	75.3989184932	73.1494145862	-57.6168491612	69.1083947598	73.0702079435	66.8096870849	75.0753718067	69.3247508992	47.8995170124	63.204513255	61.398808511	72.0118051332	36.4894565883	-40.8016765457	78.1366889874	63.7051402113	53.5864880812
59.2125829813	64.4745936653	65.5989160039	60.122697234	53.1087701121	72.42184159	61.1209415933	74.009350534	78.0619751446	-55.6138751627	79.6173294111	76.0074099635	-52.6168331572	67.0950992437	61.4279603615	80.159048015	87.3684685627	51.8089633949	80.7691356196	78.0454559753	50.7646732199	-56.3616006211	77.4452687152	72.2248508862	61.7893986808	72.3365341174	80.511404752	66.4535548846	70.7549765614	75.5122095973	72.9201612322	77.3848973393	74.1681702202	57.3416795665	82.15759546	79.1767693794	60.3357602594	48.0139313683	75.2040787494	68.239655691	74.6071999547	79.1662248423	76.5072315391	64.2387545712	75.9060833607	65.7507913204	77.5960993071	71.0539966311	68.3181302409	46.1991703593	77.5261395306	65.1159524992	67.5903433097	-56.230861613	63.9926008314	44.6758177486	-52.5801009422	-50.8749587692	64.7096924209	71.2331115321	69.7377041041	74.6752979204	60.691574309	78.5071993959	77.0267715592	73.9115527662	67.7115336076	84.0098873082	49.4333790329	76.5430515959	76.723162688	76.7353751339	-66.0917744769	64.759807305	74.572641836	65.0615818142	78.131366629	66.442771755	52.825096756	65.6721670098	65.6788052984	70.8817783007	48.5842776392	-51.039309918	75.0611718377	61.4802702622	49.7346449874
42.7557738338	46.5670680906	47.602887195	41.0904450118	63.5543254448	35.7234301639	43.1291877694	35.1724742895	50.941866558	-59.971109233	45.2305533319	35.4613588101	-60.0215512128	44.6808674138	34.3026787466	43.7174956975	51.8089633949	87.3684685627	48.1021956062	59.1490922304	42.2240143681	-66.3556981199	47.0813766626	49.5362330271	31.667398327	33.3809344883	46.5736295835	43.8119102086	47.171512795	47.8051261187	50.4619010547	46.0015308495	52.6131782688	45.0859331384	42.9571047337	45.8661789697	71.7380616964	48.8825227689	52.777154867	51.5665165668	54.5007527386	48.8961779365	47.7257082584	45.3178026332	42.7443808442	39.3270790679	41.7939019469	53.7748588993	48.6826012774	57.9770044867	43.6662678182	64.7501672531	31.4382089425	-68.2536695026	35.8998516779	34.8009211158	-59.248457631	-52.3535471309	46.9951189168	30.8811321917	52.8213264331	49.3261123096	64.2721687622	40.9204204707	42.4478186443	42.1260938007	47.8535364847	51.6345942307	69.4539918795	41.4716051172	42.4958655242	45.5960719226	-64.0083176043	39.4448425723	49.1763474065	41.0355084865	48.4334702312	32.8303147221	29.2318675293	43.7633027917	42.5207537885	35.9120731979	52.6154528034	-60.1031571222	43.5180016746	29.6669273324	42.3262625918
49.9136401408	66.4048372804	67.2894954368	63.5444235428	47.155484838	66.3814274746	60.9921061002	69.2714450708	77.9910848501	-56.0584849473	77.4458782105	70.0800831824	-56.0581347413	68.4466631596	66.9706590161	77.6868221043	80.7691356196	48.1021956062	87.3684685627	75.0728969604	54.2726396726	-54.8920317476	75.5611232123	74.7823677876	63.1286233524	70.8320133883	82.217828392	66.181495983	72.887189804	76.0366873482	73.7213922869	73.0587163184	75.1144881812	55.9655180573	78.6035775855	74.9089023135	59.9839514695	43.8729865792	73.2629669758	65.3729678364	76.1984289574	79.0881498887	77.8313380398	64.7199587665	71.0987002765	69.2673522906	76.2979139368	73.3336196004	69.0887111182	44.6224559752	73.285066301	57.2676431667	72.5442820333	-56.9728428022	63.8872724945	48.4186147522	-51.427507758	-53.9937192504	67.4832924173	70.5819760396	69.2306349921	74.5335845318	61.8408377745	79.1977548821	69.8930968891	74.3515053796	70.5844875661	80.6157647213	48.1555243667	69.2280771219	69.1292157228	68.4461610994	-58.7648744104	61.3850856405	73.5923970412	66.9254298464	80.8753048502	68.3019418221	57.8445656859	70.115268854	62.8783973009	69.1489694493	53.7913976351	-55.8680992999	68.8530899002	68.1573006821	46.1174750848
54.6927742891	72.9023199376	69.5795598495	59.7934155376	55.783416576	69.3060770425	68.3944074909	68.0861316462	73.6587269358	-57.526363472	77.9330138513	67.7650498876	-54.9039080431	67.9555530059	62.9213083203	74.6648723367	78.0454559753	59.1490922304	75.0728969604	87.3684685627	56.8359443434	-56.2545499105	73.69862719	70.4528407197	57.0681409206	72.9540026283	76.4566320844	63.8313248265	67.0851553292	75.2922213031	77.9551521376	75.1316986595	76.0246969022	62.284470792	74.1471068975	74.5244006632	65.2705231105	61.6416255451	71.8015809299	63.2696120421	77.4397771323	78.1755633911	72.8649420713	64.51506302	70.6198817763	63.6218247626	74.7743022878	71.8230196628	71.9543284371	58.7472100762	69.1807160121	69.3011046521	61.1903348791	-63.357174148	66.7853364693	45.8705299659	-57.0054800852	-57.6970958291	68.9426683558	61.9179729461	75.6516289072	77.3179570892	62.119478301	74.5429800788	71.7709988493	73.6890722702	69.0845160927	77.1727041328	53.1505035609	69.2611547242	69.9475417599	73.8613318943	-66.7126940686	56.1480609809	72.6094751426	66.3924730614	72.1308857114	62.667243189	55.1395121378	68.5029300957	61.0412576839	58.7492466042	45.8436753466	-56.2022157405	73.5932974683	62.6113946475	57.328859226
41.2647618481	68.3566724443	54.9748112962	55.1985986679	48.405248839	45.6444236389	54.0581937201	39.0568535044	45.8740049115	-47.4609865214	53.7504118577	31.2738976918	-50.0913229373	52.3102299557	51.9095182915	46.6116019112	50.7646732199	42.2240143681	54.2726396726	56.8359443434	87.3684685627	-43.2422931717	48.8905735595	48.1083668909	33.3697930599	51.3946078598	56.0612366315	42.9293767725	46.8845943936	60.2216760283	68.543248614	47.2549260183	65.9178151447	50.3973758094	45.7791829565	52.4705230547	49.4597089229	41.0801723301	44.6387647155	45.8923033406	66.7943790644	51.781388918	43.5664323994	43.4947813958	40.1451137209	48.6467665057	51.0637180212	57.5319392753	61.9303779162	48.9451165365	36.4851514089	42.2184507402	43.9501674636	-51.0422631835	44.5472370832	38.4096040835	-49.5897173201	-57.1310463456	62.8214502057	40.8058676012	60.1170269668	62.1544336868	49.7344241721	54.9555819497	35.8934674095	51.1624262666	49.0329239715	51.3663341329	34.0043602187	39.9388508848	31.3518096598	33.5314182945	-35.6560383982	33.3336833753	45.6978974895	46.9241419277	50.0018481733	51.4185033971	52.9077014388	59.3940738363	39.1831392909	26.4181225681	41.2346357219	-51.4323378987	39.2488401677	54.1526737808	33.2439867373
-50.3021331501	-52.8344158034	-56.8227431551	-48.1675155407	-60.9582254749	-34.4249456231	-45.3672959799	-30.8307513316	-54.0377234394	72.4947642655	-47.084712083	-35.8194343408	75.1352901404	-46.0378819484	-35.2430975824	-43.400141979	-56.3616006211	-66.3556981199	-54.8920317476	-56.2545499105	-43.2422931717	87.3684685627	-51.0448977118	-46.601748836	-24.8717996305	-30.1400951747	-57.656772459	-40.8957674756	-43.7018580188	-56.113173417	-54.7694467013	-45.6761396805	-61.4203769775	-53.2696347363	-46.0024064525	-43.7518134042	-65.191297523	-39.3106638868	-59.6467239354	-51.7872271717	-58.6066134759	-54.6319854745	-49.2162692217	-38.8292405744	-44.0152301878	-46.6876500689	-42.6285217083	-56.2989524406	-43.4825697663	-49.1756245782	-44.659414562	-61.749317224	-37.7208128126	77.0610723802	-38.3849726115	-35.5927498685	74.8928163113	65.2653989967	-49.9857606112	-28.7910072611	-59.7871371111	-53.5806750077	-65.5357887553	-49.7128255771	-36.646980474	-44.0384577635	-50.8853876806	-54.839777214	-69.2482087297	-35.8909473632	-41.7871231782	-46.8640446374	64.5098300872	-36.3295669024	-53.1581819107	-36.3225008258	-53.8720799907	-30.0958351576	-41.2949015604	-47.9598257911	-36.4460258333	-41.7428378523	-60.1232178646	74.4985655542	-37.0928182468	-36.9836818109	-35.0637008732
51.9571937732	62.539265512	63.3690913604	63.0456460262	45.7212589612	73.983472428	67.3358467464	68.5468672959	74.3300516463	-52.470059948	78.2218842084	70.4786636934	-50.1686622376	66.6036315649	64.1814312806	75.8627591248	77.4452687152	47.0813766626	75.5611232123	73.69862719	48.8905735595	-51.0448977118	87.3684685627	71.8978575381	59.6979633842	69.8303336555	76.4115349495	68.1281188492	66.7036139928	72.6700613646	71.2948262501	76.7635606385	72.1430369656	55.0729994372	75.1520532897	73.8855673365	51.023468502	49.8887863208	72.4156430174	57.8158174115	70.7692545642	76.0933212469	73.2826717478	64.0290364043	71.9179625701	64.858522801	71.4961702303	68.6295216747	72.2445328799	50.4638553673	71.3150902908	56.2268182691	70.0083026639	-51.7327502822	64.4962583002	42.5315913972	-55.104918121	-47.8386448527	67.5837302332	61.1447337255	67.3322593776	73.780683082	48.2642652388	73.5044423421	68.9067979081	69.0094416094	65.6056048266	74.4124892404	39.8783218289	72.4751078131	70.7359743017	70.8941795765	-58.3609616274	63.0664642813	72.2377473303	65.7803925434	69.8034433474	66.9305902683	53.2290541276	68.8636446745	62.9244286782	63.9917448854	40.9323964207	-47.6259625327	71.9652276114	59.6309985533	51.8351608127
43.6062343524	62.6010465362	72.0856170877	65.0654265439	40.100437151	66.5122455666	70.4447604784	66.6055039694	74.0354847676	-47.4499658382	75.9367297079	70.8844125613	-46.9573159276	73.6019767463	70.7783348464	74.845670546	72.2248508862	49.5362330271	74.7823677876	70.4528407197	48.1083668909	-46.601748836	71.8978575381	87.3684685627	65.730264549	69.2491626557	72.7403228914	72.0381481952	70.4752709086	73.4335162389	67.7730265592	79.6200006894	71.4969065151	54.8776131238	73.7317324599	71.2977798248	49.8512809728	52.6637440976	77.0755300856	61.2597522633	69.2800905372	74.8741597503	78.2986034218	72.4409219381	69.8877808183	72.5093730541	72.3661515675	72.4351662864	70.1098196769	52.1783100792	71.3530448593	51.7374337795	74.3776858182	-50.2705874253	70.6929045803	50.2355148741	-49.2938774943	-43.6717538043	70.3172848382	63.1354328738	69.1004058478	72.3918240845	47.9086568075	73.8205674393	67.4488736566	69.6778611339	76.4126793302	70.7702464882	45.0621862702	72.5102569466	69.696089976	66.7665907203	-51.4278090106	66.5406198457	79.0505080783	68.1274111328	74.3174821342	69.3751259199	46.4068184202	68.750688574	69.0341013427	66.8277549977	45.3542991221	-44.0923547507	73.3117589182	64.1348308721	63.9869743898
37.2180891772	40.8319961814	46.9276384006	51.0455412167	31.003177214	54.4442305679	47.5147948875	64.5261719931	56.4408524601	-23.3891277028	62.3291727146	64.867889373	-26.1947374724	59.9359873741	61.5233484021	62.8290669795	61.7893986808	31.667398327	63.1286233524	57.0681409206	33.3697930599	-24.8717996305	59.6979633842	65.730264549	87.3684685627	63.0633447974	58.2480328974	64.270557665	69.217048064	53.9789265632	49.6701019672	61.7880777592	51.7207964787	27.1198155534	64.5399072209	66.6816967699	36.1503277148	33.8104188758	57.960732101	51.4035232316	53.6157170179	57.8476642068	64.7599829411	57.9803775185	58.1957487436	56.8793539343	65.2202666915	57.586247314	62.2031393675	26.6691215741	64.8082939115	37.8389547601	67.1836564722	-24.7068358985	49.9351173549	48.1982545054	-24.095268413	-21.2414019271	51.4084144681	65.9033348	46.3319068704	52.3499602771	28.8315230214	61.9423737237	60.8313894014	59.9910012614	56.5199870568	59.1818687534	24.4084147437	62.0797941534	58.5457859327	56.9221254861	-38.0954505565	67.5274112106	57.5558581112	64.5661139615	63.0771994119	68.2817531133	25.8987284431	58.3649459339	58.3517958592	59.5819798362	28.6882128432	-28.0034765897	59.4902885608	53.4993027802	39.9627518845
52.6213709267	62.2229346732	61.8871808819	56.6682579126	42.7644831396	73.2205725801	65.332953227	70.7144983432	67.0545184619	-39.3581716423	78.3643928995	69.1991273576	-32.3409436389	68.6714207776	62.8054991017	76.2491620173	72.3365341174	33.3809344883	70.8320133883	72.9540026283	51.3946078598	-30.1400951747	69.8303336555	69.2491626557	63.0633447974	87.3684685627	70.9105406467	61.4495953121	68.9190471634	70.4549526493	68.9327385026	75.3364935876	67.134803415	51.4868419726	77.0022256377	77.2213926889	40.6072364814	51.0177113	67.7219750384	56.0477695698	69.375803927	74.342591023	70.4328818305	64.6281431056	70.0186457306	58.4662821118	72.828925253	65.2140022258	73.2288925388	49.7499040965	68.3816969529	57.489351424	66.7538028829	-38.7045314244	67.1753280172	37.5378429617	-34.8975836507	-38.6396100953	64.0930310379	69.0312291041	63.9711571798	73.2242771849	37.1128407257	73.8207081582	73.7379477216	70.5379414507	65.4108751141	71.3397860464	25.5188629032	74.5653946363	70.3513732254	67.5413665085	-52.6175315744	62.3735979339	69.3528011261	66.121829523	65.4951743432	72.6747728792	50.7499660204	66.3033971644	61.8711406017	62.2113831832	23.0678782886	-31.8382274357	74.735806092	67.0966062793	55.3041074065
56.7128932016	72.2880466033	71.7301067479	65.2017369382	52.2660501888	67.7705890437	66.4235008141	66.390231409	77.2958807408	-56.9781360923	78.8889925766	67.4986933178	-56.7803197371	68.9043564564	67.6620886234	74.8261176342	80.511404752	46.5736295835	82.217828392	76.4566320844	56.0612366315	-57.656772459	76.4115349495	72.7403228914	58.2480328974	70.9105406467	87.3684685627	62.8104040492	70.9620645772	77.7950505071	76.6423640619	75.1097817807	78.0840044205	62.1058007054	78.0934082659	72.0502657351	62.1692496475	51.4264004141	74.8037710668	64.7881781842	77.8436180479	80.6210877528	75.415066422	62.9606794597	72.1690846719	71.7418146465	75.2040760874	76.8139009052	70.5772631369	48.7173106906	70.9017638031	58.1676591707	70.153721511	-58.0819282876	65.2129150649	49.2760302987	-56.1574472267	-54.7945367399	73.0582517627	65.1385884034	74.9738591745	76.6604579623	62.7011685399	77.6880781239	69.2471356469	73.0412485694	72.6871048405	79.5430429199	51.1913770264	68.3862182254	68.895401852	71.66082459	-61.7347232688	61.372428785	76.6740407405	68.7954248764	77.9730790795	67.9724205222	61.1237965661	71.0420907333	62.3806012351	66.2751429056	55.3743770156	-58.5263858261	69.8602055217	66.8353651854	49.2454254623
41.6483627224	51.001854887	57.3891414642	65.1883449335	38.6371723344	64.3940480714	57.4596322932	64.4952530073	63.8507313866	-46.1244720068	71.1991823881	66.172110948	-42.0450274965	63.4000558782	65.5471705115	67.5783272776	66.4535548846	43.8119102086	66.181495983	63.8313248265	42.9293767725	-40.8957674756	68.1281188492	72.0381481952	64.270557665	61.4495953121	62.8104040492	87.3684685627	66.1311191674	65.1931458319	55.9688337701	68.7176188164	63.1745887842	46.1322154877	66.5274490727	70.1795845223	38.3376444529	40.3785422219	65.1500022213	56.6771307341	61.5836861885	69.6088875678	67.2412660122	65.2623041294	66.6310432749	55.6777283477	66.8806024733	62.1329165369	59.869601671	43.0115963665	69.5838282244	48.1262767853	68.8784612301	-43.8211170583	58.2580685667	46.5521687311	-42.8165322421	-39.3425632189	52.9893338197	63.5372987072	56.0883001203	59.7302739415	38.0804486874	65.3457251484	62.430740073	60.5728312606	60.7150762732	63.4670737734	31.7730455081	68.9006116849	64.3289811199	62.8743086853	-45.3662426522	65.8856287805	67.1690495854	57.1255639084	63.3584528144	66.8121064863	42.4890994857	60.6902761615	59.3004416631	60.5104627686	29.5481409683	-36.0371051183	64.9109267146	52.2362148383	54.7376810513
49.5517664444	58.3542105122	58.5525591745	58.2417751775	47.8128559047	65.3927122348	60.5514702964	62.4165881083	69.0207641024	-44.744300913	70.7895700886	63.0450072689	-44.2278622096	66.4602137296	62.3277924952	67.9739023671	70.7549765614	47.171512795	72.887189804	67.0851553292	46.8845943936	-43.7018580188	66.7036139928	70.4752709086	69.217048064	68.9190471634	70.9620645772	66.1311191674	87.3684685627	65.2853203749	62.3017385185	68.5765765946	64.3059952202	40.5526370133	71.521835986	70.2255915279	50.283708556	46.0079839422	67.5606871226	54.3358038207	69.0438591649	69.5070143295	68.4552977228	63.5389855914	68.3226702062	63.6499962426	68.9904115163	65.6691062877	65.6177611583	41.7039245574	68.6126965597	57.317164018	67.8986098314	-48.3697978923	58.6097888015	42.1549061405	-46.4615528014	-40.8137412712	63.5631825388	68.6561063052	60.5642067013	63.9536543123	43.8536551396	68.1990222163	66.5248027131	59.9180914186	65.1987009651	67.1253442183	39.8525876282	69.3777747994	64.8175691537	65.1509323899	-59.3752436895	69.8610302636	69.1119738996	67.9789753605	66.430735893	70.3371123152	44.3360696103	68.0515974184	62.4587666772	57.5616597055	35.1408091586	-44.9101409512	68.2086150489	54.0074300496	49.1339454956
62.3364093162	73.931235652	78.3175457607	71.659161283	57.1161171276	71.1185799417	73.7393977834	58.9620927394	72.5846710624	-57.3473500294	75.7522049844	63.1362618734	-55.0674212734	77.9485110863	66.2410518835	73.6515240072	75.5122095973	47.8051261187	76.0366873482	75.2922213031	60.2216760283	-56.113173417	72.6700613646	73.4335162389	53.9789265632	70.4549526493	77.7950505071	65.1931458319	65.2853203749	87.3684685627	77.3234795384	73.9057519857	82.2506874541	70.9218567705	74.2689588225	71.0332075166	52.3419855304	53.5446326886	77.3144851686	68.4929167265	82.2178258229	81.9446889678	73.8789728442	66.8763945541	65.2344941358	73.4006991728	69.2419956987	76.3712766072	73.0711323249	61.794895973	67.2118050674	60.4775112579	70.5285368157	-59.402600386	75.0394842475	51.5306150206	-61.25985011	-63.8182521058	76.6128455127	59.8486436928	80.3760442746	80.3613411088	54.9824348136	77.4539905824	62.967964082	73.0177985013	75.2332279194	73.635393546	48.0728821023	66.4913406295	64.0246912085	64.1002490744	-57.5569204982	60.7276535661	75.1986762457	63.5910172711	70.6360325265	65.5847125689	63.4138957682	75.9464079998	62.4825351649	61.590649783	42.4628415589	-55.5632365262	68.207513477	71.1546191174	54.9630903892
53.1543243574	77.4304615897	71.0800436395	62.2163923699	51.3465611645	69.0698862792	69.6981054359	61.6683581213	69.2764307483	-54.7555821313	75.5863382922	59.3626344731	-53.9787525813	65.1681617959	64.5138667914	68.9489481995	72.9201612322	50.4619010547	73.7213922869	77.9551521376	68.543248614	-54.7694467013	71.2948262501	67.7730265592	49.6701019672	68.9327385026	76.6423640619	55.9688337701	62.3017385185	77.3234795384	87.3684685627	69.8848991556	78.1744996556	65.0411264374	68.6468919921	67.2638655143	59.3682395435	59.1308850688	66.3444434778	57.896711532	78.3562221186	75.0777858251	68.6742184082	59.4197089693	65.128663963	66.1035438648	70.0737528928	70.074244978	73.5882656454	55.8046212065	60.4654245197	59.228708175	60.4911760552	-61.7528713523	67.7948564443	42.0926663695	-60.0789800106	-61.726864555	74.5141433499	58.1530512414	75.4953340723	81.6415700474	61.9771537092	73.9859185437	61.6139023108	71.0956903686	64.9022014648	72.6613511924	49.1827663279	61.5368167417	59.8773728155	62.1298994258	-57.545575658	49.2655260361	68.9213930219	65.6907281904	68.7920497391	62.338921935	60.5948241721	69.6727124352	59.001613603	50.9159728837	48.7669312572	-55.4083175694	65.2669602005	68.4393054302	49.5667834666
