Tissue	braincortex
N_samples	95
Chr	19
Gene	ENSG00000088256.4
SNP	rs216270
Gene_list	ENSG00000133275.11	ENSG00000157933.9	ENSG00000123933.10	ENSG00000088256.4	ENSG00000011451.13	ENSG00000125966.8	ENSG00000162302.8	ENSG00000173020.6	ENSG00000140948.7
Gene expression stats (Y^T * Y): 
87.3684685627	44.0769519905	31.3162160764	60.9491789095	44.9934140724	38.6107743795	34.1092816356	60.3935533687	41.2406928573
44.0769519905	87.3684685627	45.5745305031	58.3580407513	30.8125063546	36.7979378822	48.1675516874	43.3474359135	48.4445098138
31.3162160764	45.5745305031	87.3684685627	52.4894402215	45.558905051	39.1837851057	47.519181451	48.6076225942	31.5665175219
60.9491789095	58.3580407513	52.4894402215	87.3684685627	52.7439470848	52.4326754797	53.3064487818	58.1745331955	56.1210922085
44.9934140724	30.8125063546	45.558905051	52.7439470848	87.3684685627	28.3907390121	32.7182553681	54.5221642248	29.0306987796
38.6107743795	36.7979378822	39.1837851057	52.4326754797	28.3907390121	87.3684685627	34.6741656915	39.833462006	27.6821429251
34.1092816356	48.1675516874	47.519181451	53.3064487818	32.7182553681	34.6741656915	87.3684685627	38.7969491898	37.1364718028
60.3935533687	43.3474359135	48.6076225942	58.1745331955	54.5221642248	39.833462006	38.7969491898	87.3684685627	43.311436465
41.2406928573	48.4445098138	31.5665175219	56.1210922085	29.0306987796	27.6821429251	37.1364718028	43.311436465	87.3684685627
Genotype stats (X^T * X): 	53.4315789474
Gene expression - Genotype stats (Y^T * X): 
19.2327037348	17.4458746122	17.7054794915	23.9130592542	17.3751550556	12.3257658902	6.26204746017	19.1426306057	15.6983647128