Tissue	braincortex
N_samples	95
Chr	1
Gene	ENSG00000143127.8
SNP	rs61816210
Gene_list	ENSG00000121068.9	ENSG00000168874.8	ENSG00000198682.8	ENSG00000166825.9	ENSG00000138696.6	ENSG00000112333.7	ENSG00000143127.8	ENSG00000133561.11
Gene expression stats (Y^T * Y): 
87.3684685627	36.344179122	28.1496297954	41.8136063926	-37.8388468778	-39.2318796191	54.5514025498	18.6895879164
36.344179122	87.3684685627	41.7260786873	36.8422618482	-52.9516560432	-51.7463656216	60.7693738697	37.9933513834
28.1496297954	41.7260786873	87.3684685627	35.5531010828	-34.0673103096	-42.3636153191	56.6613275842	50.8162601046
41.8136063926	36.8422618482	35.5531010828	87.3684685627	-37.2778588966	-37.7789314149	54.5556628347	34.2707610994
-37.8388468778	-52.9516560432	-34.0673103096	-37.2778588966	87.3684685627	55.0823731403	-56.4551394849	-40.1996506895
-39.2318796191	-51.7463656216	-42.3636153191	-37.7789314149	55.0823731403	87.3684685627	-57.3246215053	-46.3050765357
54.5514025498	60.7693738697	56.6613275842	54.5556628347	-56.4551394849	-57.3246215053	87.3684685627	53.0643254323
18.6895879164	37.9933513834	50.8162601046	34.2707610994	-40.1996506895	-46.3050765357	53.0643254323	87.3684685627
Genotype stats (X^T * X): 	5.02342014737
Gene expression - Genotype stats (Y^T * X): 
-8.64160497186	-4.179433848	-5.15407651316	-4.26728021359	4.05911918818	6.3584362584	-8.23389883067	-3.04510663639