Tissue	braincortex
N_samples	95
Chr	7
Gene	ENSG00000179144.4
SNP	rs11763094
Gene_list	ENSG00000128284.15	ENSG00000171115.3	ENSG00000179144.4	ENSG00000133574.5	ENSG00000133561.11	ENSG00000213203.2	ENSG00000121858.6
Gene expression stats (Y^T * Y): 
87.3684685627	56.8105067779	57.2938055533	46.2803930724	58.9397749626	46.2627185446	59.6646379439
56.8105067779	87.3684685627	69.824939509	59.6269011984	65.6692400569	52.3390288679	55.5085805219
57.2938055533	69.824939509	87.3684685627	64.1338364784	60.8990136281	57.4394535708	55.2584480816
46.2803930724	59.6269011984	64.1338364784	87.3684685627	54.1978609056	48.530468057	46.4567682351
58.9397749626	65.6692400569	60.8990136281	54.1978609056	87.3684685627	48.1704987781	55.4469701605
46.2627185446	52.3390288679	57.4394535708	48.530468057	48.1704987781	87.3684685627	54.2368324336
59.6646379439	55.5085805219	55.2584480816	46.4567682351	55.4469701605	54.2368324336	87.3684685627
Genotype stats (X^T * X): 	41.9413536842
Gene expression - Genotype stats (Y^T * X): 
9.54356588895	11.951950208	20.1286696557	17.4964665918	10.1262187502	3.19318232229	2.69100092517