Tissue	braincortex
N_samples	95
Chr	19
Gene	ENSG00000007080.6
SNP	rs10417226
Gene_list	ENSG00000175756.9	ENSG00000129968.11	ENSG00000123144.6	ENSG00000179271.1	ENSG00000007080.6	ENSG00000187051.4	ENSG00000175602.2	ENSG00000141552.13	ENSG00000182196.9
Gene expression stats (Y^T * Y): 
87.3684685627	49.5991726551	43.2696190634	52.4189207914	59.7383682098	49.3827511428	54.0520737313	48.270321109	47.6896173175
49.5991726551	87.3684685627	46.6218660667	31.4524567853	57.0651066324	43.9201159703	70.112435961	44.055034882	51.4590984316
43.2696190634	46.6218660667	87.3684685627	56.3493786517	53.521265272	33.7907693271	57.3460736661	45.5559263223	41.9410690434
52.4189207914	31.4524567853	56.3493786517	87.3684685627	52.6472142528	45.017987825	49.5467076868	44.4786731962	32.780123749
59.7383682098	57.0651066324	53.521265272	52.6472142528	87.3684685627	68.3428144484	54.8846396063	57.831017972	54.7719504097
49.3827511428	43.9201159703	33.7907693271	45.017987825	68.3428144484	87.3684685627	37.0399073642	54.1904679251	55.6443090237
54.0520737313	70.112435961	57.3460736661	49.5467076868	54.8846396063	37.0399073642	87.3684685627	42.7347807553	51.4444297381
48.270321109	44.055034882	45.5559263223	44.4786731962	57.831017972	54.1904679251	42.7347807553	87.3684685627	43.6471267251
47.6896173175	51.4590984316	41.9410690434	32.780123749	54.7719504097	55.6443090237	51.4444297381	43.6471267251	87.3684685627
Genotype stats (X^T * X): 	37.6210526316
Gene expression - Genotype stats (Y^T * X): 
-11.6435467875	-12.9463607177	-10.3119692913	-13.0670874648	-20.5483733142	-9.54610537391	-15.9710152304	-8.15143347365	-11.8666266692