Tissue	braincortex
N_samples	95
Chr	5
Gene	ENSG00000134982.12
SNP	rs7707152
Gene_list	ENSG00000132359.9	ENSG00000144711.9	ENSG00000182601.6	ENSG00000122733.11	ENSG00000108960.3	ENSG00000023287.8	ENSG00000079841.14	ENSG00000134982.12	ENSG00000074416.9	ENSG00000196358.6
Gene expression stats (Y^T * Y): 
87.3684685627	44.9637871819	67.5346355865	55.7837730622	45.3096617608	43.9365555221	40.983975775	53.8647181824	47.8945013246	68.7080441088
44.9637871819	87.3684685627	47.0418534696	45.7835416649	35.0009513687	42.4869465931	52.5797090575	55.8160503942	60.2806260299	47.1195114151
67.5346355865	47.0418534696	87.3684685627	56.1976891768	38.0699682784	54.6055251679	47.3412780659	56.1479068745	51.7677176398	65.3145762846
55.7837730622	45.7835416649	56.1976891768	87.3684685627	32.9136363539	41.0054107594	40.9881600595	53.6379691519	56.3560394531	56.7714017149
45.3096617608	35.0009513687	38.0699682784	32.9136363539	87.3684685627	33.2543019586	48.3290920169	56.5568478309	36.6454701821	33.1946940973
43.9365555221	42.4869465931	54.6055251679	41.0054107594	33.2543019586	87.3684685627	54.6631814718	52.9862625932	40.8850095108	49.3863429251
40.983975775	52.5797090575	47.3412780659	40.9881600595	48.3290920169	54.6631814718	87.3684685627	60.1838555406	55.9333764924	37.3093998375
53.8647181824	55.8160503942	56.1479068745	53.6379691519	56.5568478309	52.9862625932	60.1838555406	87.3684685627	56.848497198	57.2064050107
47.8945013246	60.2806260299	51.7677176398	56.3560394531	36.6454701821	40.8850095108	55.9333764924	56.848497198	87.3684685627	49.7793542078
68.7080441088	47.1195114151	65.3145762846	56.7714017149	33.1946940973	49.3863429251	37.3093998375	57.2064050107	49.7793542078	87.3684685627
Genotype stats (X^T * X): 	19.9578947368
Gene expression - Genotype stats (Y^T * X): 
-12.0400188143	-8.83436897174	-10.8379011974	-10.6260700167	-16.2808434591	-11.620328677	-10.1068555827	-14.8103080065	-10.8231022866	-12.0260666778