Tissue	braincortex
N_samples	95
Chr	13
Gene	ENSG00000150457.7
SNP	rs9509542
Gene_list	ENSG00000054598.5	ENSG00000153162.8	ENSG00000150457.7	ENSG00000142910.11	ENSG00000138119.12	ENSG00000127083.7
Gene expression stats (Y^T * Y): 
87.3684685627	54.3280863596	53.5779762526	46.0476894438	52.4596098287	56.7673697439
54.3280863596	87.3684685627	53.4976919166	52.4259583559	46.0643767966	50.7327704453
53.5779762526	53.4976919166	87.3684685627	53.8802774124	52.9329134992	53.2252717645
46.0476894438	52.4259583559	53.8802774124	87.3684685627	49.71559063	41.0749983114
52.4596098287	46.0643767966	52.9329134992	49.71559063	87.3684685627	41.8957968023
56.7673697439	50.7327704453	53.2252717645	41.0749983114	41.8957968023	87.3684685627
Genotype stats (X^T * X): 	34.8227392
Gene expression - Genotype stats (Y^T * X): 
18.4779644002	19.1590035121	22.7671587224	13.82560757	9.75430376679	18.3768040818