Tissue	braincortex
N_samples	95
Chr	3
Gene	ENSG00000187672.8
SNP	rs597437
Gene_list	ENSG00000182319.5	ENSG00000163873.5	ENSG00000187672.8	ENSG00000095596.7	ENSG00000172673.6	ENSG00000158258.11
Gene expression stats (Y^T * Y): 
87.3684685627	-50.7912444889	-59.5334982818	-45.9255879398	-47.8676970028	-56.5612602316
-50.7912444889	87.3684685627	53.8077458499	64.7783149876	58.9272448038	62.1655797656
-59.5334982818	53.8077458499	87.3684685627	52.9120883042	52.5016332386	56.3771629442
-45.9255879398	64.7783149876	52.9120883042	87.3684685627	56.497161552	52.7672517684
-47.8676970028	58.9272448038	52.5016332386	56.497161552	87.3684685627	66.6965328546
-56.5612602316	62.1655797656	56.3771629442	52.7672517684	66.6965328546	87.3684685627
Genotype stats (X^T * X): 	44.2893921474
Gene expression - Genotype stats (Y^T * X): 
18.5214729503	-17.0399002468	-22.7137777695	-16.8239522751	-21.6687365628	-17.8129718847