Tissue	braincortex
N_samples	95
Chr	11
Gene	ENSG00000167986.9
SNP	rs7118023
Gene_list	ENSG00000111667.9	ENSG00000100994.7	ENSG00000165280.11	ENSG00000108344.10	ENSG00000167986.9	ENSG00000148362.6
Gene expression stats (Y^T * Y): 
87.3684685627	44.0337090109	46.1694260984	28.9612273865	53.0731265351	-25.934665101
44.0337090109	87.3684685627	35.0404982255	30.2720446583	53.2535141386	-27.1347974028
46.1694260984	35.0404982255	87.3684685627	57.9123820517	55.6439252103	-36.3189904932
28.9612273865	30.2720446583	57.9123820517	87.3684685627	53.3351775827	-40.6976215974
53.0731265351	53.2535141386	55.6439252103	53.3351775827	87.3684685627	-55.9465882347
-25.934665101	-27.1347974028	-36.3189904932	-40.6976215974	-55.9465882347	87.3684685627
Genotype stats (X^T * X): 	22.6813913053
Gene expression - Genotype stats (Y^T * X): 
-8.5375326714	-5.29448623753	-14.3902974623	-15.0613417019	-15.7387292057	9.15007930359