Tissue	braincortex
N_samples	95
Chr	6
Gene	ENSG00000096060.10
SNP	rs4713905
Gene_list	ENSG00000006831.9	ENSG00000099998.13	ENSG00000096060.10	ENSG00000141469.12	ENSG00000124440.11	ENSG00000004799.7
Gene expression stats (Y^T * Y): 
87.3684685627	44.6786255865	60.0098538866	41.4195653429	41.5551229657	47.4933064722
44.6786255865	87.3684685627	52.5442494821	43.9342208913	22.8371950076	40.4010424705
60.0098538866	52.5442494821	87.3684685627	53.2897507039	53.6173289125	54.1191666627
41.4195653429	43.9342208913	53.2897507039	87.3684685627	44.6331445134	50.2085597195
41.5551229657	22.8371950076	53.6173289125	44.6331445134	87.3684685627	43.3847365944
47.4933064722	40.4010424705	54.1191666627	50.2085597195	43.3847365944	87.3684685627
Genotype stats (X^T * X): 	24.2144321474
Gene expression - Genotype stats (Y^T * X): 
-12.6036874952	-14.9305620455	-17.1660111236	-10.622312916	-8.12146032261	-8.75290368562