Tissue	braincortex
N_samples	95
Chr	4
Gene	ENSG00000183090.5
SNP	rs12647080
Gene_list	ENSG00000060140.4	ENSG00000197261.7	ENSG00000176204.9	ENSG00000185742.6	ENSG00000177707.6	ENSG00000164484.7	ENSG00000183090.5
Gene expression stats (Y^T * Y): 
87.3684685627	46.7016619217	52.9137848337	54.795443932	49.4942314936	45.2020910299	55.1087117003
46.7016619217	87.3684685627	33.0084916289	50.4553892834	43.9239757444	45.2173896427	55.661999094
52.9137848337	33.0084916289	87.3684685627	48.8594363841	59.7160097823	54.2445613518	55.5974323237
54.795443932	50.4553892834	48.8594363841	87.3684685627	53.207649784	52.9436163289	58.6590459711
49.4942314936	43.9239757444	59.7160097823	53.207649784	87.3684685627	50.4837583242	54.7850122089
45.2020910299	45.2173896427	54.2445613518	52.9436163289	50.4837583242	87.3684685627	60.6971648764
55.1087117003	55.661999094	55.5974323237	58.6590459711	54.7850122089	60.6971648764	87.3684685627
Genotype stats (X^T * X): 	39.1580047368
Gene expression - Genotype stats (Y^T * X): 
-13.4988127894	-12.0381420545	-15.507010441	-15.3997675231	-15.8887404606	-12.595212311	-21.2988265892