Tissue	braincortex
N_samples	95
Chr	4
Gene	ENSG00000169676.4
SNP	rs11723334
Gene_list	ENSG00000169676.4	ENSG00000158089.10	ENSG00000163873.5	ENSG00000169213.6	ENSG00000153266.8	ENSG00000180616.4	ENSG00000167178.11	ENSG00000198742.5	ENSG00000135116.5	ENSG00000158258.11	ENSG00000171509.11	ENSG00000162630.5	ENSG00000082482.9
Gene expression stats (Y^T * Y): 
87.3684685627	54.9527502118	55.8655014948	52.5061353265	56.3998688284	58.3667586283	52.8197890856	56.9321659262	57.4639436987	54.3089028455	53.5809276089	53.3641518653	52.9182904426
54.9527502118	87.3684685627	72.0022927711	53.5242248254	61.2546336071	60.6609311723	56.4352815547	51.1926818643	52.3569150419	54.4238342879	63.2611813841	67.6282755632	48.9489510389
55.8655014948	72.0022927711	87.3684685627	66.978535838	63.1864670555	61.3581966915	51.2364864958	52.5963469214	58.6938245481	62.1655797656	65.2554941873	63.9012612698	54.7791599852
52.5061353265	53.5242248254	66.978535838	87.3684685627	55.3164230129	49.1366614798	34.6373148643	52.6940647582	46.1718855453	56.0549437069	54.8796423751	57.542421419	49.7581024822
56.3998688284	61.2546336071	63.1864670555	55.3164230129	87.3684685627	54.5698767604	49.6847694432	52.7541854884	56.6421493175	68.2849791522	72.5507008344	65.3239287399	54.1793937319
58.3667586283	60.6609311723	61.3581966915	49.1366614798	54.5698767604	87.3684685627	49.1568880574	56.8021417438	47.1399948247	60.5264540321	64.6879906086	59.7617302564	57.7160455064
52.8197890856	56.4352815547	51.2364864958	34.6373148643	49.6847694432	49.1568880574	87.3684685627	39.4917188138	43.8638942697	54.1825338352	42.3979226804	55.575051846	46.8061156871
56.9321659262	51.1926818643	52.5963469214	52.6940647582	52.7541854884	56.8021417438	39.4917188138	87.3684685627	50.6800171413	42.3250464435	52.4662447669	50.0098083976	47.326777666
57.4639436987	52.3569150419	58.6938245481	46.1718855453	56.6421493175	47.1399948247	43.8638942697	50.6800171413	87.3684685627	49.6554425905	54.7494210117	43.7573953495	49.1754548674
54.3089028455	54.4238342879	62.1655797656	56.0549437069	68.2849791522	60.5264540321	54.1825338352	42.3250464435	49.6554425905	87.3684685627	62.7245436907	62.3299327597	65.5927541282
53.5809276089	63.2611813841	65.2554941873	54.8796423751	72.5507008344	64.6879906086	42.3979226804	52.4662447669	54.7494210117	62.7245436907	87.3684685627	70.1042244278	54.1935395295
53.3641518653	67.6282755632	63.9012612698	57.542421419	65.3239287399	59.7617302564	55.575051846	50.0098083976	43.7573953495	62.3299327597	70.1042244278	87.3684685627	51.8831110341
52.9182904426	48.9489510389	54.7791599852	49.7581024822	54.1793937319	57.7160455064	46.8061156871	47.326777666	49.1754548674	65.5927541282	54.1935395295	51.8831110341	87.3684685627
Genotype stats (X^T * X): 	10.6078116211
Gene expression - Genotype stats (Y^T * X): 
-13.0606474992	-8.24801726993	-7.1699386288	-7.62301261042	-5.55684152511	-2.75690625516	-3.81191440525	-4.5983264779	-4.99731936673	-3.4892987979	-4.75139865325	-5.05085503844	-5.71293109876