Tissue	braincortex
N_samples	95
Chr	19
Gene	ENSG00000126267.4
SNP	rs231237
Gene_list	ENSG00000198258.6	ENSG00000126267.4	ENSG00000125743.6	ENSG00000131143.4	ENSG00000134248.9	ENSG00000131495.4	ENSG00000187145.10
Gene expression stats (Y^T * Y): 
87.3684685627	62.9293066145	59.5761288918	59.7435645498	61.7555148234	55.2599351546	53.7140772038
62.9293066145	87.3684685627	58.0641882611	58.2639105525	53.3122387021	54.7593077967	54.5319251212
59.5761288918	58.0641882611	87.3684685627	59.2932721999	49.4465315288	54.6984780607	44.5767911429
59.7435645498	58.2639105525	59.2932721999	87.3684685627	49.9397369762	48.4365659993	44.3463582882
61.7555148234	53.3122387021	49.4465315288	49.9397369762	87.3684685627	50.6843831766	47.5958598912
55.2599351546	54.7593077967	54.6984780607	48.4365659993	50.6843831766	87.3684685627	52.6436220915
53.7140772038	54.5319251212	44.5767911429	44.3463582882	47.5958598912	52.6436220915	87.3684685627
Genotype stats (X^T * X): 	57.9368421053
Gene expression - Genotype stats (Y^T * X): 
-13.0845480155	-26.7666113764	-3.34513669344	-6.51755393073	-9.75969714418	-5.35824622107	-2.25569565565