Tissue	braincortex
N_samples	95
Chr	1
Gene	ENSG00000143198.8
SNP	rs9333400
Gene_list	ENSG00000154723.8	ENSG00000241837.2	ENSG00000167863.7	ENSG00000164919.6	ENSG00000166136.11	ENSG00000173915.8	ENSG00000136810.8	ENSG00000128609.10	ENSG00000143198.8
Gene expression stats (Y^T * Y): 
87.3684685627	66.089871443	52.1651781711	50.5869998628	50.043515111	72.100698645	50.7385429906	61.1870139789	53.8373743024
66.089871443	87.3684685627	58.0962475439	57.7986299409	44.703250004	63.4382364622	49.6932744297	57.428257637	56.7443384822
52.1651781711	58.0962475439	87.3684685627	73.2203927028	53.1896250297	50.243442108	60.8204433521	55.0271851988	61.1217513649
50.5869998628	57.7986299409	73.2203927028	87.3684685627	59.7385342096	58.6236940619	59.1558135537	61.1463593754	59.9741684045
50.043515111	44.703250004	53.1896250297	59.7385342096	87.3684685627	48.7813888444	42.9378252086	49.0709272649	54.0056532814
72.100698645	63.4382364622	50.243442108	58.6236940619	48.7813888444	87.3684685627	57.8035915514	63.408822807	55.3492149686
50.7385429906	49.6932744297	60.8204433521	59.1558135537	42.9378252086	57.8035915514	87.3684685627	49.6797712794	58.9386532708
61.1870139789	57.428257637	55.0271851988	61.1463593754	49.0709272649	63.408822807	49.6797712794	87.3684685627	53.542611366
53.8373743024	56.7443384822	61.1217513649	59.9741684045	54.0056532814	55.3492149686	58.9386532708	53.542611366	87.3684685627
Genotype stats (X^T * X): 	34.1052631579
Gene expression - Genotype stats (Y^T * X): 
11.3505725729	16.2411345982	15.0282080664	13.8540125171	15.4273807407	5.83053459503	11.9958486759	9.60184836173	21.3365529542