Tissue	braincortex
N_samples	95
Chr	2
Gene	ENSG00000169554.12
SNP	rs10197694
Gene_list	ENSG00000060237.12	ENSG00000125817.7	ENSG00000101265.11	ENSG00000084453.12	ENSG00000170759.10	ENSG00000154945.6	ENSG00000135720.8	ENSG00000183230.12	ENSG00000124374.8	ENSG00000033327.8	ENSG00000107829.9	ENSG00000064393.11	ENSG00000169554.12	ENSG00000146063.14	ENSG00000151414.10
Gene expression stats (Y^T * Y): 
87.3684685627	48.5017856603	55.905417228	55.5063431963	51.4257104513	63.2998321389	61.8715985454	51.0393206132	56.1734335841	54.9425803685	52.6353598301	67.0463181117	61.8521091215	44.4725268236	60.0983545703
48.5017856603	87.3684685627	57.9834166952	33.5316222403	49.0357642137	57.095623224	56.6793480232	38.9909776565	54.2492919021	47.1484797677	55.3475919975	63.3354990935	58.6516151225	54.2717818708	38.7122444102
55.905417228	57.9834166952	87.3684685627	52.6616379118	57.3242398279	66.1820873825	54.595200298	45.4638686425	47.6620647585	39.6376052996	48.0665834203	60.8283641815	61.2035854676	37.5946671908	44.2754028807
55.5063431963	33.5316222403	52.6616379118	87.3684685627	46.2731950726	50.7394873493	42.1153416362	48.0558659589	34.5601711903	35.6656151846	37.6120307644	51.8259580422	55.7490330713	23.6213761423	41.8581705628
51.4257104513	49.0357642137	57.3242398279	46.2731950726	87.3684685627	65.8816819125	64.2646815889	37.5550356548	53.766747581	43.9614149227	57.3709533476	65.8881072582	58.3388528291	43.7064072023	60.0470262852
63.2998321389	57.095623224	66.1820873825	50.7394873493	65.8816819125	87.3684685627	69.469706398	45.2731714892	58.4724176944	44.6076246905	63.1219862324	73.9582619188	62.4853372981	39.7730807884	57.6511259756
61.8715985454	56.6793480232	54.595200298	42.1153416362	64.2646815889	69.469706398	87.3684685627	33.7690457483	62.0115142658	47.7750427143	56.2221429241	70.5110887457	62.4379349576	47.5239680851	61.0573363417
51.0393206132	38.9909776565	45.4638686425	48.0558659589	37.5550356548	45.2731714892	33.7690457483	87.3684685627	37.7255723975	42.6259757405	43.6535803183	44.8664724737	53.1507292867	40.5153039079	51.4832344801
56.1734335841	54.2492919021	47.6620647585	34.5601711903	53.766747581	58.4724176944	62.0115142658	37.7255723975	87.3684685627	61.1866075348	61.3583981252	69.1699816856	62.8193410165	61.2696001805	53.4176180867
54.9425803685	47.1484797677	39.6376052996	35.6656151846	43.9614149227	44.6076246905	47.7750427143	42.6259757405	61.1866075348	87.3684685627	52.5090875147	57.2465231936	56.6714272	56.4274268892	49.2313052013
52.6353598301	55.3475919975	48.0665834203	37.6120307644	57.3709533476	63.1219862324	56.2221429241	43.6535803183	61.3583981252	52.5090875147	87.3684685627	67.3188735599	53.2028243221	51.6563739068	44.9748382215
67.0463181117	63.3354990935	60.8283641815	51.8259580422	65.8881072582	73.9582619188	70.5110887457	44.8664724737	69.1699816856	57.2465231936	67.3188735599	87.3684685627	68.4057422783	54.3466286647	56.388405394
61.8521091215	58.6516151225	61.2035854676	55.7490330713	58.3388528291	62.4853372981	62.4379349576	53.1507292867	62.8193410165	56.6714272	53.2028243221	68.4057422783	87.3684685627	54.193840526	61.310074869
44.4725268236	54.2717818708	37.5946671908	23.6213761423	43.7064072023	39.7730807884	47.5239680851	40.5153039079	61.2696001805	56.4274268892	51.6563739068	54.3466286647	54.193840526	87.3684685627	44.1821331288
60.0983545703	38.7122444102	44.2754028807	41.8581705628	60.0470262852	57.6511259756	61.0573363417	51.4832344801	53.4176180867	49.2313052013	44.9748382215	56.388405394	61.310074869	44.1821331288	87.3684685627
Genotype stats (X^T * X): 	50.1597633053
Gene expression - Genotype stats (Y^T * X): 
-14.1405449557	-15.08867542	-14.2412788022	-10.8655251511	-18.3727216654	-20.0427838249	-13.2162193514	-14.1838688957	-13.6954737554	-7.86206875553	-17.2726815808	-22.2826898171	-23.4934385965	-13.7744445022	-15.5156859807