Tissue	braincortex
N_samples	95
Chr	9
Gene	ENSG00000126878.8
SNP	rs7020182
Gene_list	ENSG00000129250.7	ENSG00000184007.13	ENSG00000078804.8	ENSG00000146122.12	ENSG00000135720.8	ENSG00000071054.11	ENSG00000198121.9	ENSG00000187164.13	ENSG00000126878.8	ENSG00000144283.17	ENSG00000114942.9
Gene expression stats (Y^T * Y): 
87.3684685627	65.5834576102	71.2603569847	40.0208245386	52.309734758	70.596956711	64.875755311	59.330185544	57.4844969534	62.2138836838	35.2018428233
65.5834576102	87.3684685627	66.731713384	41.9754681675	56.2685301131	69.1963403691	68.7046404443	71.9172522329	61.9980226538	69.578659578	41.3581620803
71.2603569847	66.731713384	87.3684685627	48.7931205398	41.7082774842	64.9080353711	69.8672213032	66.8585821776	59.1030104895	59.8645255673	39.3451402592
40.0208245386	41.9754681675	48.7931205398	87.3684685627	44.4483524057	47.4740810106	49.9731348861	44.208784878	57.1314218179	45.4109283166	39.5943015466
52.309734758	56.2685301131	41.7082774842	44.4483524057	87.3684685627	55.8514601915	59.3869774101	56.2866693952	52.7493012771	55.4437968864	40.2042121208
70.596956711	69.1963403691	64.9080353711	47.4740810106	55.8514601915	87.3684685627	69.2733694632	65.5498468303	57.8949809993	63.4377435496	34.0165720883
64.875755311	68.7046404443	69.8672213032	49.9731348861	59.3869774101	69.2733694632	87.3684685627	77.1581366551	59.5470600839	72.7092645644	44.9852048771
59.330185544	71.9172522329	66.8585821776	44.208784878	56.2866693952	65.5498468303	77.1581366551	87.3684685627	59.8955454067	69.9999241799	47.3669730086
57.4844969534	61.9980226538	59.1030104895	57.1314218179	52.7493012771	57.8949809993	59.5470600839	59.8955454067	87.3684685627	61.4778574589	55.9847218517
62.2138836838	69.578659578	59.8645255673	45.4109283166	55.4437968864	63.4377435496	72.7092645644	69.9999241799	61.4778574589	87.3684685627	47.5940096047
35.2018428233	41.3581620803	39.3451402592	39.5943015466	40.2042121208	34.0165720883	44.9852048771	47.3669730086	55.9847218517	47.5940096047	87.3684685627
Genotype stats (X^T * X): 	31.8639256211
Gene expression - Genotype stats (Y^T * X): 
16.265989726	16.4701996108	16.1362198412	11.2482928443	13.7275970243	14.8152646852	12.0022911507	15.0606950725	22.6048854495	8.48317034358	12.3962771433