Tissue	braincortex
N_samples	95
Chr	16
Gene	ENSG00000140983.9
SNP	rs74002890
Gene_list	ENSG00000140983.9	ENSG00000182087.8	ENSG00000221978.7	ENSG00000197530.8	ENSG00000008710.13	ENSG00000167549.14	ENSG00000159840.11	ENSG00000162734.8	ENSG00000063660.4
Gene expression stats (Y^T * Y): 
87.3684685627	52.5444299592	53.0845698182	53.5163767159	56.394172078	54.3570655887	53.1450717916	-53.3375294639	55.6914766982
52.5444299592	87.3684685627	27.9934627512	53.1534496826	37.0557796228	28.3975601636	31.8169226828	-26.4545323973	35.899141032
53.0845698182	27.9934627512	87.3684685627	28.3599654062	43.1357369069	47.8831629417	29.7277590401	-29.5179574887	39.256645362
53.5163767159	53.1534496826	28.3599654062	87.3684685627	39.577302003	34.7661814975	31.1038662631	-35.765848157	19.0549038393
56.394172078	37.0557796228	43.1357369069	39.577302003	87.3684685627	51.563665129	52.1164543978	-33.4176142543	40.689809974
54.3570655887	28.3975601636	47.8831629417	34.7661814975	51.563665129	87.3684685627	53.3882999147	-38.4325135079	49.6738502573
53.1450717916	31.8169226828	29.7277590401	31.1038662631	52.1164543978	53.3882999147	87.3684685627	-43.0353352332	42.2007130665
-53.3375294639	-26.4545323973	-29.5179574887	-35.765848157	-33.4176142543	-38.4325135079	-43.0353352332	87.3684685627	-31.2906551135
55.6914766982	35.899141032	39.256645362	19.0549038393	40.689809974	49.6738502573	42.2007130665	-31.2906551135	87.3684685627
Genotype stats (X^T * X): 	11.9368421053
Gene expression - Genotype stats (Y^T * X): 
12.7743595836	9.32657664308	3.22173722889	10.3062241407	10.7127180069	8.12016422809	9.91217237888	-5.62976378921	6.29379668711