Tissue	braincortex
N_samples	95
Chr	9
Gene	ENSG00000136867.6
SNP	rs12376365
Gene_list	ENSG00000066322.8	ENSG00000138760.4	ENSG00000139737.17	ENSG00000136867.6	ENSG00000170775.2	ENSG00000143418.15
Gene expression stats (Y^T * Y): 
87.3684685627	34.1192216458	36.850896993	54.5207849254	47.0044485249	47.3567225136
34.1192216458	87.3684685627	43.6889805808	55.8035849643	54.3853963082	44.264077415
36.850896993	43.6889805808	87.3684685627	56.0638493645	52.7682934598	52.4357578991
54.5207849254	55.8035849643	56.0638493645	87.3684685627	57.8421201458	53.8741238455
47.0044485249	54.3853963082	52.7682934598	57.8421201458	87.3684685627	57.2931634919
47.3567225136	44.264077415	52.4357578991	53.8741238455	57.2931634919	87.3684685627
Genotype stats (X^T * X): 	7.32631578947
Gene expression - Genotype stats (Y^T * X): 
-3.15241771532	-8.9624553207	-4.77883980323	-9.32229001915	-5.75672204263	-3.08936568601