Tissue	braincortex
N_samples	95
Chr	1
Gene	ENSG00000184144.5
SNP	rs4501880
Gene_list	ENSG00000012124.10	ENSG00000068903.15	ENSG00000168297.11	ENSG00000176485.6	ENSG00000141540.6	ENSG00000187764.7	ENSG00000013297.6	ENSG00000184144.5	ENSG00000176720.3
Gene expression stats (Y^T * Y): 
87.3684685627	40.0856282358	56.3188947789	40.4343587261	41.1553091598	53.7812354695	47.5286402816	57.6903926873	47.9459082348
40.0856282358	87.3684685627	52.3103619411	42.214446428	43.347017037	51.9909452631	33.7170220245	54.7345580034	38.4719383263
56.3188947789	52.3103619411	87.3684685627	40.4761255922	47.4197486129	56.1605785088	50.3008001547	64.6053283591	41.7606147394
40.4343587261	42.214446428	40.4761255922	87.3684685627	51.0599889536	39.0362096536	49.3255204438	56.1473286858	51.5878207459
41.1553091598	43.347017037	47.4197486129	51.0599889536	87.3684685627	36.469928423	49.4836599173	64.2389800734	49.5174859181
53.7812354695	51.9909452631	56.1605785088	39.0362096536	36.469928423	87.3684685627	50.8340958211	55.1588981235	39.0118940804
47.5286402816	33.7170220245	50.3008001547	49.3255204438	49.4836599173	50.8340958211	87.3684685627	53.4722945514	34.0896154067
57.6903926873	54.7345580034	64.6053283591	56.1473286858	64.2389800734	55.1588981235	53.4722945514	87.3684685627	58.7688012141
47.9459082348	38.4719383263	41.7606147394	51.5878207459	49.5174859181	39.0118940804	34.0896154067	58.7688012141	87.3684685627
Genotype stats (X^T * X): 	10.4875518316
Gene expression - Genotype stats (Y^T * X): 
6.3941411658	7.97201692509	6.66027598561	6.86549613316	8.07475084081	9.12379539785	5.052631179	11.3438260804	8.88459591495