Tissue	braincortex
N_samples	95
Chr	2
Gene	ENSG00000153234.9
SNP	rs1581294
Gene_list	ENSG00000144655.10	ENSG00000142178.7	ENSG00000123358.15	ENSG00000130844.12	ENSG00000119508.13	ENSG00000153234.9	ENSG00000159388.5
Gene expression stats (Y^T * Y): 
87.3684685627	66.9983980923	47.6710589383	56.2779076731	56.4798178659	56.4431408141	59.1714326124
66.9983980923	87.3684685627	60.2706251837	46.7653060807	48.7718632459	58.1302197656	69.1989780502
47.6710589383	60.2706251837	87.3684685627	32.6482883314	40.6242064598	54.883111363	57.2053619349
56.2779076731	46.7653060807	32.6482883314	87.3684685627	73.4081149467	63.2619985243	38.0048340759
56.4798178659	48.7718632459	40.6242064598	73.4081149467	87.3684685627	66.5961803068	38.4368353221
56.4431408141	58.1302197656	54.883111363	63.2619985243	66.5961803068	87.3684685627	52.9102599166
59.1714326124	69.1989780502	57.2053619349	38.0048340759	38.4368353221	52.9102599166	87.3684685627
Genotype stats (X^T * X): 	33.7473684211
Gene expression - Genotype stats (Y^T * X): 
-6.23398192549	-7.16867754048	-10.9407499136	-11.5807602525	-15.6003212868	-21.3713108423	-8.96623070067