Tissue	braincortex
N_samples	95
Chr	19
Gene	ENSG00000105642.11
SNP	rs10412403
Gene_list	ENSG00000099864.13	ENSG00000105963.9	ENSG00000071655.13	ENSG00000133243.4	ENSG00000167971.14	ENSG00000167733.9	ENSG00000198816.5	ENSG00000105642.11	ENSG00000130881.9	ENSG00000130758.3	ENSG00000197380.6	ENSG00000100241.16	ENSG00000163930.5	ENSG00000163013.7	ENSG00000154118.8
Gene expression stats (Y^T * Y): 
87.3684685627	51.5222256168	57.9583064238	72.6170437592	48.2760551912	45.5380236049	65.7845733552	52.6759625039	59.8919381466	61.837564549	32.5561177837	43.5671330217	53.7193417916	43.7636394355	67.3821476602
51.5222256168	87.3684685627	60.0691315217	57.5902538907	42.5045791513	43.2649679532	42.0550448093	55.0842861346	56.5782285073	52.9588182997	34.0924710659	56.8423685747	59.481669426	46.4980383892	61.3640082684
57.9583064238	60.0691315217	87.3684685627	59.7239363914	47.2218402383	43.4333310212	62.4741531834	53.9204001482	66.1319745133	68.0992627835	35.7894422254	53.7156187496	68.1648195832	47.9798908095	66.0222732985
72.6170437592	57.5902538907	59.7239363914	87.3684685627	52.3712840067	52.5523438154	63.0808702868	56.3280452547	60.6217034951	61.5982531921	31.9097603732	50.4641636681	54.5780180282	46.4403976863	68.3029922662
48.2760551912	42.5045791513	47.2218402383	52.3712840067	87.3684685627	40.290015611	46.0947622687	53.2668230368	54.9213077825	54.0659226736	33.7603953853	45.8934010326	33.4728589887	43.5574894457	57.0839758635
45.5380236049	43.2649679532	43.4333310212	52.5523438154	40.290015611	87.3684685627	39.7966380788	53.2785950123	46.3604242846	34.7085313173	39.7457838	30.8268824999	33.6920030307	22.8726267082	55.4205352525
65.7845733552	42.0550448093	62.4741531834	63.0808702868	46.0947622687	39.7966380788	87.3684685627	55.5181219424	59.0374692431	59.2233620844	30.5038569479	39.358036631	47.0886644135	29.0601623919	57.9873766863
52.6759625039	55.0842861346	53.9204001482	56.3280452547	53.2668230368	53.2785950123	55.5181219424	87.3684685627	64.2972641134	57.9991141411	56.5364754967	53.0238663884	52.8386988675	52.7547973743	65.7325013673
59.8919381466	56.5782285073	66.1319745133	60.6217034951	54.9213077825	46.3604242846	59.0374692431	64.2972641134	87.3684685627	62.7966079434	44.2252732076	47.4090384766	55.3687458037	52.4697640512	66.2719542178
61.837564549	52.9588182997	68.0992627835	61.5982531921	54.0659226736	34.7085313173	59.2233620844	57.9991141411	62.7966079434	87.3684685627	46.833173373	60.8169544122	63.2056888307	62.2911528501	71.0887624731
32.5561177837	34.0924710659	35.7894422254	31.9097603732	33.7603953853	39.7457838	30.5038569479	56.5364754967	44.2252732076	46.833173373	87.3684685627	40.1746684617	35.7168710417	45.4501629154	52.3332652657
43.5671330217	56.8423685747	53.7156187496	50.4641636681	45.8934010326	30.8268824999	39.358036631	53.0238663884	47.4090384766	60.8169544122	40.1746684617	87.3684685627	54.5080759019	53.1075437068	55.2705184119
53.7193417916	59.481669426	68.1648195832	54.5780180282	33.4728589887	33.6920030307	47.0886644135	52.8386988675	55.3687458037	63.2056888307	35.7168710417	54.5080759019	87.3684685627	62.8559204195	58.149642559
43.7636394355	46.4980383892	47.9798908095	46.4403976863	43.5574894457	22.8726267082	29.0601623919	52.7547973743	52.4697640512	62.2911528501	45.4501629154	53.1075437068	62.8559204195	87.3684685627	60.0420619477
67.3821476602	61.3640082684	66.0222732985	68.3029922662	57.0839758635	55.4205352525	57.9873766863	65.7325013673	66.2719542178	71.0887624731	52.3332652657	55.2705184119	58.149642559	60.0420619477	87.3684685627
Genotype stats (X^T * X): 	12.0813889053
Gene expression - Genotype stats (Y^T * X): 
7.71960173633	13.2235410538	8.53119290837	10.9205910098	5.74073126591	3.54429321726	8.21621390793	10.9809092864	7.67527081207	9.60018780705	4.13886430735	12.1005868758	8.24707808772	7.08752467811	10.079758979