Tissue	braincortex
N_samples	95
Chr	6
Gene	ENSG00000124780.9
SNP	rs4535541
Gene_list	ENSG00000124780.9	ENSG00000131471.2	ENSG00000149596.6	ENSG00000119681.7	ENSG00000112837.12	ENSG00000112214.6	ENSG00000118729.10	ENSG00000198523.5
Gene expression stats (Y^T * Y): 
87.3684685627	57.0102683261	52.6115590502	53.5367584343	58.8210135704	55.0762633473	53.2530977913	55.3586367234
57.0102683261	87.3684685627	67.4104786873	67.6321784945	72.8327517631	71.5426070204	76.4819768055	75.9417336605
52.6115590502	67.4104786873	87.3684685627	60.4858453002	67.8900778138	69.2652975171	72.0959595368	71.5081735894
53.5367584343	67.6321784945	60.4858453002	87.3684685627	68.327024712	66.7629445661	66.2160964375	66.4103177113
58.8210135704	72.8327517631	67.8900778138	68.327024712	87.3684685627	76.8564537504	78.2212818274	76.5047546414
55.0762633473	71.5426070204	69.2652975171	66.7629445661	76.8564537504	87.3684685627	77.6868906133	77.3317446226
53.2530977913	76.4819768055	72.0959595368	66.2160964375	78.2212818274	77.6868906133	87.3684685627	81.2921568843
55.3586367234	75.9417336605	71.5081735894	66.4103177113	76.5047546414	77.3317446226	81.2921568843	87.3684685627
Genotype stats (X^T * X): 	48.1104753053
Gene expression - Genotype stats (Y^T * X): 
24.509380166	13.0790251182	9.71276155199	12.7183654491	14.3074523219	16.1748582494	10.7816872991	14.7599097381