Tissue	braincortex
N_samples	95
Chr	17
Gene	ENSG00000167889.8
SNP	rs60353633
Gene_list	ENSG00000088899.10	ENSG00000163995.14	ENSG00000125869.5	ENSG00000100302.6	ENSG00000167889.8	ENSG00000165553.4	ENSG00000111249.9	ENSG00000136720.6
Gene expression stats (Y^T * Y): 
87.3684685627	51.3174701787	52.4130658931	39.3409231361	57.1810591004	32.7619807476	45.9178298875	60.1707057453
51.3174701787	87.3684685627	55.7373936355	34.9790686174	52.9655406956	40.2821878548	52.2560400973	56.1274110086
52.4130658931	55.7373936355	87.3684685627	35.2395038409	54.059960355	37.5173429726	65.384729251	58.1041367362
39.3409231361	34.9790686174	35.2395038409	87.3684685627	55.3402948292	29.8697363286	47.2432087318	46.2803774181
57.1810591004	52.9655406956	54.059960355	55.3402948292	87.3684685627	53.5779465672	60.6427369697	61.7971343164
32.7619807476	40.2821878548	37.5173429726	29.8697363286	53.5779465672	87.3684685627	36.2545328808	39.6638098542
45.9178298875	52.2560400973	65.384729251	47.2432087318	60.6427369697	36.2545328808	87.3684685627	60.3879419002
60.1707057453	56.1274110086	58.1041367362	46.2803774181	61.7971343164	39.6638098542	60.3879419002	87.3684685627
Genotype stats (X^T * X): 	49.7473684211
Gene expression - Genotype stats (Y^T * X): 
-16.6434445947	-9.17809091181	-13.2014776035	-5.19274379791	-23.8664241353	-24.2850998213	-18.3356546199	-19.007889351