Tissue	braincortex
N_samples	95
Chr	2
Gene	ENSG00000134321.7
SNP	rs1623155
Gene_list	ENSG00000134321.7	ENSG00000184979.9	ENSG00000137959.11	ENSG00000137965.6	ENSG00000089127.8	ENSG00000111331.8	ENSG00000111335.8	ENSG00000121858.6
Gene expression stats (Y^T * Y): 
87.3684685627	52.8057262514	64.3115757103	52.8276266284	61.5295448623	63.5004493632	59.9483877559	52.6261027933
52.8057262514	87.3684685627	49.5500885298	44.799753078	48.6681213375	49.2053978516	44.1023941636	35.7094487677
64.3115757103	49.5500885298	87.3684685627	73.4839087958	64.2081733028	66.2307960003	62.1403680856	47.2145865918
52.8276266284	44.799753078	73.4839087958	87.3684685627	63.9326126502	60.5493113241	57.5711753781	46.7163941723
61.5295448623	48.6681213375	64.2081733028	63.9326126502	87.3684685627	65.3944378564	61.5376062323	54.1774364548
63.5004493632	49.2053978516	66.2307960003	60.5493113241	65.3944378564	87.3684685627	69.7392294907	46.2579069064
59.9483877559	44.1023941636	62.1403680856	57.5711753781	61.5376062323	69.7392294907	87.3684685627	56.2931322966
52.6261027933	35.7094487677	47.2145865918	46.7163941723	54.1774364548	46.2579069064	56.2931322966	87.3684685627
Genotype stats (X^T * X): 	21.3723845895
Gene expression - Genotype stats (Y^T * X): 
14.4439313725	9.67117659366	8.74659060787	7.92271614393	12.5626152847	6.92301182485	8.16877991244	2.84400722396