Tissue	braincortex
N_samples	95
Chr	6
Gene	ENSG00000146192.10
SNP	rs13193265
Gene_list	ENSG00000196209.8	ENSG00000198286.5	ENSG00000167664.4	ENSG00000112799.4	ENSG00000125730.12	ENSG00000184574.5	ENSG00000111679.12	ENSG00000171860.4	ENSG00000172243.13	ENSG00000105122.8	ENSG00000169413.2	ENSG00000140749.7	ENSG00000173372.12	ENSG00000155465.14	ENSG00000042980.8	ENSG00000077420.11	ENSG00000169403.7	ENSG00000101336.8	ENSG00000162511.7	ENSG00000169896.12	ENSG00000204472.8	ENSG00000242574.4	ENSG00000023892.9	ENSG00000011600.7	ENSG00000146192.10	ENSG00000100055.16	ENSG00000174123.6	ENSG00000174130.8	ENSG00000171777.11	ENSG00000168329.9	ENSG00000137841.7	ENSG00000161911.7	ENSG00000095970.12	ENSG00000105329.5	ENSG00000163823.3	ENSG00000160255.12	ENSG00000108798.4	ENSG00000066336.7	ENSG00000104894.7	ENSG00000185811.12	ENSG00000110934.6	ENSG00000142512.10	ENSG00000105366.11	ENSG00000167613.11	ENSG00000123338.8	ENSG00000104974.6	ENSG00000104972.10	ENSG00000186818.8	ENSG00000107719.8	ENSG00000086730.12	ENSG00000129667.8	ENSG00000140968.6	ENSG00000165025.10	ENSG00000157303.6	ENSG00000095585.12	ENSG00000166428.8	ENSG00000183160.8	ENSG00000110876.8	ENSG00000148908.10	ENSG00000180353.6	ENSG00000095303.10	ENSG00000128604.14	ENSG00000059377.11	ENSG00000182578.9	ENSG00000150337.9	ENSG00000181631.6	ENSG00000169313.9	ENSG00000066294.10	ENSG00000073737.12
Gene expression stats (Y^T * Y): 
87.3684685627	44.4733230317	36.1411264232	51.9273915479	40.3837563547	52.5381698397	51.8494960961	49.2776541625	49.4936593686	44.6096264795	53.2202875891	40.7438021985	47.5276737132	47.3844691992	37.3488399182	47.1153769848	52.8628103029	48.6740972122	42.0274693999	36.6339074685	43.1508828188	51.6121432406	42.0513392948	45.583699912	52.5649984628	46.3226325443	41.0434944049	36.6816024983	46.2665939806	49.0631053307	42.1424408783	47.9857852466	47.8850855736	44.1211480159	43.307934346	47.48452277	49.4436932732	45.8258114808	52.9660972267	50.5254327306	54.4759072142	55.7920247994	56.558225173	51.9508643862	34.6758325756	49.2929247128	47.313672707	40.5431843151	49.8807804616	45.2074708962	45.0861118231	41.0460044128	51.3867635735	48.3837324425	41.1092808245	35.2216141535	52.8529020389	52.1476268671	42.6879122421	50.6544997931	47.5215910319	48.790460181	45.5118122453	53.4770429928	41.7318255636	42.5253495249	38.5997319657	52.4046451256	44.611994087
44.4733230317	87.3684685627	40.4205457485	42.5861364735	40.3053473427	54.6446231652	48.4491322765	48.5879821304	38.3520510993	47.9587282711	46.7611975498	45.8689495427	36.7340550798	49.3457068174	42.4429394687	53.1020727065	48.2707332876	28.9890795044	34.6835282838	29.4006479987	30.4780133259	34.5643280289	54.7054184367	37.0176656662	57.7280510666	48.7021198304	36.4474187045	39.0449207483	43.8885220284	53.2008102545	37.239164469	45.5623010829	45.5618397252	52.4174500867	39.618024781	31.7982941149	41.4216844065	47.1525499454	49.4914307748	39.083396307	52.5342483142	47.0479277187	50.0825932726	41.7706267404	40.5610924778	43.0296409536	43.5507695222	43.0127638728	45.4499156988	39.5466129728	48.1886304781	41.0287465515	42.4542321945	56.1289228489	49.5313772305	39.7738879496	57.7450516334	49.025939175	45.6059056865	38.4525927202	59.0814122147	40.8811530297	37.7473673396	51.1057806858	34.5608421053	47.8955384909	49.5926202795	48.6553090065	43.5466626209
36.1411264232	40.4205457485	87.3684685627	52.0458458896	37.8282307868	54.2038504919	34.6055974781	34.6987758234	40.1114863853	54.1939038062	41.6151687951	38.432451857	37.8202802942	42.4353034463	41.2022353429	46.496215016	54.671417864	38.3499581965	41.2707134887	36.7997278181	39.3981349165	28.0747026678	36.4449430849	41.1460938224	59.2454622099	44.5850558133	44.6106588329	33.3302277231	38.1434599761	54.8857271093	33.425298321	43.4279737833	43.0439349224	44.8096491702	36.9661524971	47.0372033742	35.6756116218	38.5225070574	40.1976669509	50.0762898513	57.3816449174	51.4256234631	53.6197241749	43.8215220554	38.005907215	37.6232867006	49.242240719	42.1856458711	38.7893913647	48.183233817	34.8046997095	42.1557221361	48.2713013976	49.7583805746	47.8555466288	53.0630477038	53.4006201118	57.0946308024	41.7381953432	30.9850556741	36.5164323697	36.4274343831	33.6785587329	52.4699424452	46.6266241966	52.5590556476	54.7399692855	48.4076352293	51.3617311301
51.9273915479	42.5861364735	52.0458458896	87.3684685627	52.3360425344	62.9314126349	54.5608233943	53.3164592408	61.1205520313	59.2518443633	58.2377037712	52.9601366931	55.3563337454	53.7774334192	52.5500335957	63.6438844934	62.6937119522	62.2404841732	59.7718121746	40.4631042833	60.3195932543	59.7194531627	43.2342339128	60.2708917561	66.1755627662	57.6050805511	45.9199547111	45.1017325141	54.228388318	69.8937661313	48.6748943862	54.1795531237	61.9354492257	44.8569991086	53.2661761473	58.1851434433	52.31316198	55.651852745	57.5296796128	63.2388662821	67.7969621011	59.1731913427	61.2319181241	62.9673597587	49.0655856181	54.3267275758	49.5334545691	53.5981058748	46.8215108634	58.5742785658	50.8712408352	57.5689691502	62.5258764282	64.2220793982	61.4392793011	54.0913312511	60.2943694251	61.9921974906	53.3085755942	52.0351836753	41.6921215236	51.5007032712	54.7756166845	66.0068680494	64.5156991488	54.3720570765	58.3488594302	53.2214573908	58.2895445031
40.3837563547	40.3053473427	37.8282307868	52.3360425344	87.3684685627	54.1734500341	54.9169987428	42.0809192215	37.7738756995	44.0710753205	48.0120394769	42.910210763	74.1514859239	50.8229797031	44.8587981926	56.2855893237	51.0648212651	47.451689999	53.4904780101	31.2567818747	70.0220144732	53.5080285368	47.1447234796	67.1930254699	53.588342941	44.6318875611	38.0692825116	38.4726406828	46.3202703572	58.5020594059	60.7698978812	43.3962297861	53.6768530698	39.5688463002	43.2755375168	59.0464779478	46.4956993735	55.5414823927	57.7235772076	46.4043267411	51.9424494706	52.7115585022	43.5270919563	52.4389909884	47.648725201	44.2197487252	51.2975878766	48.5662960986	49.5559105336	46.1131840255	60.7757269084	37.7721392422	48.1828913556	48.2820639883	47.2552226641	54.1476789248	46.6934655906	51.6519308843	51.1370430351	61.1247380404	36.9253754005	40.9105117905	42.7545695308	63.4934678409	45.4724776255	41.2481673655	47.9062580646	45.9119427565	43.1710296887
52.5381698397	54.6446231652	54.2038504919	62.9314126349	54.1734500341	87.3684685627	58.2276852525	64.1031669374	52.8048687798	54.4294312948	59.9214759493	53.2696269204	55.4242437524	59.3147246879	51.1868785477	70.1322096123	69.3879159047	47.9992991638	55.2106631102	39.6709968294	57.2043400467	52.679751737	61.9819214937	59.6793127445	65.0950234524	49.7509811117	46.7489800269	41.6252527985	59.3513260822	73.0888221838	53.2410836768	56.0015614391	66.5024034154	46.958292661	54.3395062921	58.3753427063	57.8501066268	58.7420693864	63.1830757186	52.7512537912	64.8958224189	62.339292798	68.9668719515	56.8571026496	61.3082193506	50.9968879139	57.7057273702	59.9381103739	56.1446974078	56.7378191468	53.2405574521	51.5210227491	62.8539467242	65.8548277122	63.4131791624	65.5332737112	70.7515701024	67.5011404108	63.0095727391	52.6654159291	54.4264836063	53.679609289	48.4509970478	67.0345881969	50.9152882081	61.0501570969	64.8962787525	66.0917654202	56.2945046605
51.8494960961	48.4491322765	34.6055974781	54.5608233943	54.9169987428	58.2276852525	87.3684685627	57.9334854905	48.514099659	44.5066107968	46.4382973784	40.0038056755	52.7994922626	62.4405089211	32.0973788521	59.6795369353	56.0389003691	61.2724537392	47.6380971007	40.814280479	53.2398985263	46.6206442542	55.4319575817	57.4873463667	55.809432732	55.3234981846	39.806120319	41.5927749095	64.7597914496	56.6764952719	42.3168393893	62.0883282886	57.1784330114	47.3076765965	45.6523824036	56.6906995344	52.6637545829	68.3270801663	53.6265284405	48.9937836473	57.9700604485	55.0015146861	51.4935162689	62.3177767199	40.7362617067	61.8187675744	56.504829739	61.4412153216	49.8945893304	51.2313313049	54.8355968688	36.9062225817	54.3207857624	51.1885794119	43.257111421	46.8387846916	55.1229447142	50.1676325085	43.1264936513	48.1435808195	52.0846717271	55.6773125823	42.9320976661	59.4448173494	54.9660371977	42.4393598708	38.8385292589	50.048663673	47.9294597629
49.2776541625	48.5879821304	34.6987758234	53.3164592408	42.0809192215	64.1031669374	57.9334854905	87.3684685627	47.1150545477	46.1506153807	58.3621491806	40.5532244493	49.0537946192	66.0711348976	46.8467767408	65.2284891762	59.6851351233	36.2672414359	58.3865236907	34.9989074723	47.7096915779	53.5486607003	50.8733672858	55.1582380036	53.1958715967	45.0693324183	30.8038133527	34.1565544794	57.6157600653	57.1165993696	47.9904214889	54.0690368647	64.0757373166	35.7498702946	50.5424611039	51.0511884566	52.7638481829	55.2412017877	65.5329698197	39.3409505332	54.2992515527	45.151258657	56.6129806843	46.4108256182	47.6465360065	47.7741081934	38.3540035238	56.0377896729	49.4899083848	48.2641559747	47.7308041776	51.6938712714	59.1121762104	51.4577635112	50.8765547973	46.3526060409	61.764188023	53.6776859141	56.2369326229	50.218705744	61.071293937	49.2570136186	45.7709198154	61.5496112902	39.5312114896	39.4747217287	44.4860427016	58.9678513213	48.3044275557
49.4936593686	38.3520510993	40.1114863853	61.1205520313	37.7738756995	52.8048687798	48.514099659	47.1150545477	87.3684685627	50.9831067391	50.8144813479	54.8798062384	36.8452880092	43.1089141298	46.0407647392	49.4052733036	49.8003306456	40.8771369542	41.1305511947	29.5540248279	40.049809684	58.0515065384	40.5603021222	48.4784781253	57.1550920557	39.8260101598	26.556834559	40.0316690757	42.5115225706	55.7216952818	46.3392359981	55.5203172804	54.5530336412	41.6905069782	34.9251497217	40.521017192	37.7628882783	41.5147596347	54.224673094	51.1065935788	56.2696769613	50.6035019419	61.0750426197	55.064363395	36.1306738521	47.4271343993	37.0457099654	48.479579148	44.4595701807	42.653536023	38.4666796114	40.7879765561	50.1812123718	62.496707343	56.4038049951	49.4477883209	51.1923454431	57.8676471045	47.7830488571	36.1716130285	41.3296484064	53.958236266	49.0381859439	56.4708921444	44.8692070321	51.0886140019	43.0481548059	56.1684710287	49.7459002137
44.6096264795	47.9587282711	54.1939038062	59.2518443633	44.0710753205	54.4294312948	44.5066107968	46.1506153807	50.9831067391	87.3684685627	50.1562478188	43.8389232808	43.1664937817	52.3544683067	46.9345912789	54.6994767327	56.0290086638	42.6659681955	47.9651428641	40.5556755776	42.5878947972	47.4600979842	54.8727847873	49.7320818581	61.7475609795	46.3829257339	45.7099759153	47.259997239	41.7362054768	59.7797436036	42.4498598501	55.6396394195	52.8904730479	50.2124497408	44.324798422	47.1356666123	44.7980527645	47.0682545101	56.1941029259	51.3147804606	64.0100234922	51.2622671324	55.3012458636	49.7747582947	44.1563984663	51.5042494127	48.3100907304	43.5147041271	55.5835317731	57.7725626939	45.4775804302	54.8675138417	58.2012622591	60.7694353315	62.9712966816	40.4556839077	50.8223498237	57.0252805166	50.798942583	41.8026916384	49.2217337674	44.7227146544	53.9462385824	58.4126649442	44.8569086064	55.0672434083	49.4848404086	49.725017459	52.838288055
53.2202875891	46.7611975498	41.6151687951	58.2377037712	48.0120394769	59.9214759493	46.4382973784	58.3621491806	50.8144813479	50.1562478188	87.3684685627	50.2826574371	48.9612307226	51.9412160018	53.3506944957	57.6139741589	54.8793061176	37.7382964508	44.9853016722	32.0974520426	47.9561389117	63.6715234242	44.027680369	52.4566203861	58.320657721	43.2093933597	36.5335563559	47.580652578	48.7922415851	62.7193678174	55.2340455405	52.659412782	50.5832464852	38.9350329645	42.0673684579	43.2250264295	46.3924697265	47.374181693	64.7523574324	45.5654325062	56.1653834218	50.3659222421	54.9071784382	41.0459598491	50.7769866112	42.9527530243	42.9464209174	45.5945067004	53.9680121431	37.769114519	47.943701474	49.2430033589	54.797848642	58.4782703852	51.0732992865	44.5097040028	53.5411373173	57.615522975	54.9364994554	51.8919510142	43.6006913988	41.2373494689	48.7494990595	62.1773759864	37.0519567825	47.3171799668	51.1661330966	62.3670027716	51.6945980171
40.7438021985	45.8689495427	38.432451857	52.9601366931	42.910210763	53.2696269204	40.0038056755	40.5532244493	54.8798062384	43.8389232808	50.2826574371	87.3684685627	35.8870887948	43.9190479451	46.1311860219	48.9295655698	40.3550436455	37.5798079304	35.8465629474	27.2026523477	36.7783813443	48.8055942999	39.9692854142	41.1292703937	53.4054527287	43.2774930156	30.8586051603	45.6694741534	40.7767010859	57.3523430069	42.6707543091	42.7610276763	40.9645352335	30.606881076	41.230020823	33.9145068175	41.0744089175	42.4173457134	50.9612615598	52.0091174479	55.8094106409	45.0015062813	46.0444624643	35.7033315782	46.9228821805	45.700504507	41.0082258892	44.5135564319	34.0245578768	35.4338795423	43.6460569277	47.2694422704	46.8373077922	48.2693149583	51.13629866	50.1347785807	47.3522266748	47.2358545473	37.1319886953	40.2970496987	33.8104419956	36.1977841745	37.0230339762	47.6465678934	40.9677880331	43.5373352811	47.7145688806	52.813832549	44.3563114838
47.5276737132	36.7340550798	37.8202802942	55.3563337454	74.1514859239	55.4242437524	52.7994922626	49.0537946192	36.8452880092	43.1664937817	48.9612307226	35.8870887948	87.3684685627	51.5815715261	50.8613778969	61.3285485252	57.4387757175	53.8459836844	64.7627594192	40.0353884418	75.846183044	50.257144158	47.2506700089	71.9711774602	59.796045945	47.1418508669	43.0851811771	34.7048152403	46.6526716854	53.4272056587	59.1888565504	43.1592801764	59.1426139057	34.8851777182	47.5793057712	65.5386897537	58.2299425794	61.4731452895	63.7219040412	46.8683111883	51.2937387861	54.2852358018	50.0115769243	60.3884747065	49.2656304744	45.8780690564	52.7990294624	55.5226227802	51.1189513145	54.3007192057	65.1970927954	47.5747129857	54.0255542895	45.8444224775	45.5182154693	48.7410446237	52.5390824252	54.1463777367	57.8863664418	71.9893434963	45.1207672083	45.7994618949	45.7668787291	69.0071540192	51.1057346164	36.2079726995	44.2500648694	44.3266547799	48.8660291625
47.3844691992	49.3457068174	42.4353034463	53.7774334192	50.8229797031	59.3147246879	62.4405089211	66.0711348976	43.1089141298	52.3544683067	51.9412160018	43.9190479451	51.5815715261	87.3684685627	45.4797583135	67.4989499929	60.7513429245	50.6057926557	51.3629397887	48.8023194033	48.3492436712	45.6687999015	56.4194324262	54.0911420228	58.0927315885	58.0584598384	42.7311023509	38.1212351314	64.1563863369	61.0681272262	46.7612446379	54.2206100618	57.784405003	40.3249623983	49.9878331061	52.8642833676	56.5617498948	65.1072216403	61.3943762331	48.6911978259	56.3438633537	52.6550466901	54.7574521372	50.7519135976	55.4901360627	60.0073359209	56.0445416284	59.2147181401	52.7347016994	50.511552937	57.1209625274	49.2425262997	60.9642460175	53.404794484	49.0710970276	48.0832402948	62.5581001524	56.6170375497	53.7384477319	51.9312067089	56.0112788585	50.1545668314	50.4344651527	59.7273507613	43.4986535543	42.5123980363	48.6795137388	52.9193134094	49.3579456069
37.3488399182	42.4429394687	41.2022353429	52.5500335957	44.8587981926	51.1868785477	32.0973788521	46.8467767408	46.0407647392	46.9345912789	53.3506944957	46.1311860219	50.8613778969	45.4797583135	87.3684685627	61.2985592723	50.1234124683	40.855172226	55.0690018756	52.8904039959	46.6242273101	55.8899879692	45.3041119393	53.8845326936	64.5090194892	57.1812244684	45.0289733113	61.0773027148	35.7959378179	55.5303525388	61.9700266822	49.177774243	49.6312744989	33.2314389056	44.5835599659	42.8094537112	45.4999816664	45.7277125089	65.891964153	56.2640590966	49.488453726	38.2364872317	52.6406831861	49.2568453806	65.2233954972	40.4554137071	36.1464098703	58.3274506001	49.711196685	51.1267160847	57.9594701205	63.4372537915	53.5469118457	55.8513720074	59.6514272794	46.8996964753	43.5795861208	54.4432729418	60.1159088376	54.6345760165	48.7723414758	38.7830046098	52.3840875714	68.7940046976	40.2234267154	41.9109352122	50.9276742512	62.6369735528	56.7969086044
47.1153769848	53.1020727065	46.496215016	63.6438844934	56.2855893237	70.1322096123	59.6795369353	65.2284891762	49.4052733036	54.6994767327	57.6139741589	48.9295655698	61.3285485252	67.4989499929	61.2985592723	87.3684685627	66.4583203392	53.7745208489	65.553650375	46.9252818538	59.9911554397	56.7139261629	63.4433741482	59.913811726	72.6414740916	63.9341505614	51.4807014091	52.1428682791	66.5044092019	72.856208657	59.0455757335	61.3198489788	63.8835495753	49.1935348082	62.3028062256	63.652625152	64.7793546138	71.5523962448	72.3016366496	59.1741126101	68.2751703544	54.7930778164	61.9616487532	63.273405864	66.0364556703	61.4771659826	58.4231278625	66.2141328758	53.2630934902	61.633588554	59.1166593866	64.3771485268	69.9627031894	65.4962399286	63.9985057377	56.3601877264	62.0293268309	62.4615689838	65.1772201694	60.4767285678	62.1791841225	56.5063646493	58.1175033859	72.5975932907	51.7432616867	52.8450927523	58.3220920689	63.4388651972	62.860023962
52.8628103029	48.2707332876	54.671417864	62.6937119522	51.0648212651	69.3879159047	56.0389003691	59.6851351233	49.8003306456	56.0290086638	54.8793061176	40.3550436455	57.4387757175	60.7513429245	50.1234124683	66.4583203392	87.3684685627	53.9558645085	61.1855905963	45.2533043388	57.8235747789	50.076445885	53.9950791438	61.790371482	59.3943230624	55.9524611695	47.5876701277	43.0532553429	59.9300013574	67.9078985005	45.8640700306	60.9122974821	69.7297518486	43.8644189771	54.6753311761	65.254025127	55.4142620104	62.1931777129	61.6858454224	50.4696909406	65.268539986	64.9069202404	67.716746318	67.0691333429	59.2350043935	53.0067131278	56.92956253	60.8581216391	52.4509833107	63.0684950212	56.580066733	55.730506157	70.4366829235	58.7401148962	57.4879128609	57.1113784365	72.0255791734	66.2767832809	63.1934470187	54.0417257041	58.6201366416	58.8278670883	55.3258382507	65.4637653664	50.9348569887	55.8644677772	57.6752722144	58.5401264786	56.4709570549
48.6740972122	28.9890795044	38.3499581965	62.2404841732	47.451689999	47.9992991638	61.2724537392	36.2672414359	40.8771369542	42.6659681955	37.7382964508	37.5798079304	53.8459836844	50.6057926557	40.855172226	53.7745208489	53.9558645085	87.3684685627	50.8250244257	51.6162990787	54.2231838194	41.9740291344	43.8280395599	52.9859616426	58.2917439955	63.9899728722	47.0424172348	45.766167342	54.2976121408	52.3487195882	39.1515721057	54.0015530074	49.2086951696	35.5460962826	56.6328644991	61.7829444224	55.420081293	64.4268452457	41.6422542422	58.5347975979	52.6244815194	52.8511752384	46.3559197412	68.4915050373	41.7370902128	59.3739714472	58.5483086908	55.2597453428	35.3204177637	61.04456325	57.8081059538	48.3966932937	53.7003083806	44.1806487539	41.1377574473	40.093652932	44.1220705019	41.3889970999	32.2574296495	54.7475419855	39.328231891	43.492801417	44.8181203039	55.900956619	68.5514771153	35.9736493082	32.3007597676	36.1072132787	43.4238393648
42.0274693999	34.6835282838	41.2707134887	59.7718121746	53.4904780101	55.2106631102	47.6380971007	58.3865236907	41.1305511947	47.9651428641	44.9853016722	35.8465629474	64.7627594192	51.3629397887	55.0690018756	65.553650375	61.1855905963	50.8250244257	87.3684685627	41.6535046748	70.0040863412	52.4619804162	46.5293507443	73.627750309	55.9468277392	54.9844998569	40.3549103259	39.3132708702	47.5298880651	57.4162040861	57.3201911411	51.5332798717	68.3610159712	41.8851008351	55.7238837971	64.2648972465	53.6828653489	62.2973179742	65.2222186063	49.6435856698	59.8335874711	47.7877704316	53.083767766	57.0575128587	48.3259806871	49.0301696511	43.5353265349	56.7951627531	46.1205814406	60.1957513764	53.8707721389	59.2168263738	62.4600507259	47.990869774	51.5322502179	43.9945855569	55.1893378939	54.6038083268	61.3925312511	61.9651291866	51.0833246658	44.5973863478	50.5295319113	73.6153835112	53.8415488705	44.4916944733	49.3653690414	51.8759273321	46.0975671238
36.6339074685	29.4006479987	36.7997278181	40.4631042833	31.2567818747	39.6709968294	40.814280479	34.9989074723	29.5540248279	40.5556755776	32.0974520426	27.2026523477	40.0353884418	48.8023194033	52.8904039959	46.9252818538	45.2533043388	51.6162990787	41.6535046748	87.3684685627	37.0640366628	35.0602317135	42.6580547429	41.230170216	52.6963070007	55.4737051802	36.2119653683	44.789828348	37.4690529198	44.3193530255	38.9829833523	42.6605473984	34.2574481546	30.7963349488	39.939568656	44.9310677893	41.3126850531	45.8374054421	46.4056057942	45.4868618811	37.1765432868	31.7259910341	43.8438057578	44.596206126	48.2088539332	45.5868238459	41.546692717	49.002360735	44.3702491728	51.9651929753	52.317167841	49.2223340226	45.5682376699	38.3024739949	37.3229027999	27.2624686521	34.2639546082	41.2639562302	32.9449426325	46.2542693762	37.3000130872	42.7747376611	46.1476233095	50.9796937197	37.7010516179	38.5140058779	36.3865638688	38.6990326008	46.3948014091
43.1508828188	30.4780133259	39.3981349165	60.3195932543	70.0220144732	57.2043400467	53.2398985263	47.7096915779	40.049809684	42.5878947972	47.9561389117	36.7783813443	75.846183044	48.3492436712	46.6242273101	59.9911554397	57.8235747789	54.2231838194	70.0040863412	37.0640366628	87.3684685627	57.6838956486	45.9941612704	75.0712784683	53.4620876164	49.411362166	40.4605968827	35.0309105276	50.2987592391	60.2372671318	64.1520519865	43.576639241	65.9561070919	36.3602061767	53.6614332942	68.3359011838	57.9911717132	56.5964420845	59.3049629346	49.2042342872	60.4822765816	57.7830078594	46.5581151483	58.0313106005	44.7590123478	52.8967265917	50.8574779345	52.0402120294	44.4741214814	54.3339264794	55.9630350114	44.4666739467	57.7773646104	48.3165324035	47.372044299	49.17156432	52.0758467302	52.8261080253	60.9611550632	67.0675685575	37.195315359	46.0478967207	44.4039333585	67.8844293536	52.5578323068	43.1697605234	49.1044521364	44.4522140791	42.8771600908
51.6121432406	34.5643280289	28.0747026678	59.7194531627	53.5080285368	52.679751737	46.6206442542	53.5486607003	58.0515065384	47.4600979842	63.6715234242	48.8055942999	50.257144158	45.6687999015	55.8899879692	56.7139261629	50.076445885	41.9740291344	52.4619804162	35.0602317135	57.6838956486	87.3684685627	41.5707055566	59.5434131639	52.743058533	46.1523388655	32.8782322194	44.942598272	43.1824570957	61.1183136592	69.3324474064	52.4656940122	59.0863965581	37.0102622124	48.3420047723	48.4869873849	40.9965240696	44.8890404537	67.7916803888	52.5436709473	57.3935814656	52.9165441318	50.4676527375	49.0050244561	51.2667691159	48.9808289779	39.7436191855	47.12955288	52.1708159229	42.7103106536	46.6741678258	44.466463654	56.7512659473	57.3304802839	54.7054312228	46.5082238872	43.6547171319	55.4735617038	57.23736384	54.3880540206	43.1276367874	46.5012347086	54.1280091059	62.8484755475	40.7923472959	44.4051910535	46.4414076368	53.4755702337	42.887155367
42.0513392948	54.7054184367	36.4449430849	43.2342339128	47.1447234796	61.9819214937	55.4319575817	50.8733672858	40.5603021222	54.8727847873	44.027680369	39.9692854142	47.2506700089	56.4194324262	45.3041119393	63.4433741482	53.9950791438	43.8280395599	46.5293507443	42.6580547429	45.9941612704	41.5707055566	87.3684685627	48.0049321626	55.9838332371	53.8615186387	48.5087192227	46.9646051734	54.4593725348	56.284588368	50.5956893856	55.6462541092	51.6855000707	46.5357964326	50.3637655953	51.1590287631	52.8858527291	59.1702807853	59.7543928068	48.6353275225	57.7880385717	50.8521812712	55.3111049636	50.6110691488	48.9275860586	54.4049412932	51.0016816866	48.3471730044	58.1034527676	58.891416702	55.4437629212	50.3920640081	56.5499780434	53.9692810847	53.9423744152	43.1480201854	56.0280694119	47.6669665341	52.3560338487	54.0555272537	51.4698709272	46.6104575225	48.0717396867	58.4565099741	41.7916616407	41.9409155505	42.2558098793	51.3251476617	48.445808576
45.583699912	37.0176656662	41.1460938224	60.2708917561	67.1930254699	59.6793127445	57.4873463667	55.1582380036	48.4784781253	49.7320818581	52.4566203861	41.1292703937	71.9711774602	54.0911420228	53.8845326936	59.913811726	61.790371482	52.9859616426	73.627750309	41.230170216	75.0712784683	59.5434131639	48.0049321626	87.3684685627	55.6922435519	51.9519168713	40.2129334554	39.5998963132	51.5740116245	59.6440975762	61.7768421672	52.4558761853	74.5649191644	43.1858706207	43.7147685943	62.0068499059	49.9549228762	62.8253101584	65.0710213758	48.6170094912	60.1764974902	57.6359721916	56.8066719939	58.650856242	49.4037331359	50.4763234426	48.7278231723	62.7556613874	51.4741903709	56.8759108271	63.4590665545	46.4664112244	61.735822816	51.0130823686	52.1393565571	52.8750096938	58.5913491961	62.7097916786	65.0711514752	62.4624228757	46.0649440973	50.0014473063	49.9105810001	74.4114707484	53.5817433831	46.1940757132	50.7865588202	56.2992089502	47.6134996995
52.5649984628	57.7280510666	59.2454622099	66.1755627662	53.588342941	65.0950234524	55.809432732	53.1958715967	57.1550920557	61.7475609795	58.320657721	53.4054527287	59.796045945	58.0927315885	64.5090194892	72.6414740916	59.3943230624	58.2917439955	55.9468277392	52.6963070007	53.4620876164	52.743058533	55.9838332371	55.6922435519	87.3684685627	63.1009044445	58.1277692405	56.1360694104	53.9269862429	69.6603798846	55.8365642479	61.2193587481	53.1974229704	52.8193998785	56.6791779366	54.7282409703	56.1213678317	61.7988998729	65.5456230107	65.9731762095	65.3952033727	57.2400808879	66.7274943035	64.5583657552	59.2918327671	59.3303851803	61.2567726319	64.1551955778	55.6433471323	61.1095365362	60.6819798468	62.9891491672	60.9468481435	64.0868689812	62.9971629482	54.5081495175	58.4143227057	63.2424023518	58.0023013674	56.4829392687	59.0728839351	55.5661353456	52.6842275578	73.9495818406	58.6184848851	55.1371332644	58.2212917624	61.2044247048	69.2357753581
46.3226325443	48.7021198304	44.5850558133	57.6050805511	44.6318875611	49.7509811117	55.3234981846	45.0693324183	39.8260101598	46.3829257339	43.2093933597	43.2774930156	47.1418508669	58.0584598384	57.1812244684	63.9341505614	55.9524611695	63.9899728722	54.9844998569	55.4737051802	49.411362166	46.1523388655	53.8615186387	51.9519168713	63.1009044445	87.3684685627	49.6798339373	55.9654728383	50.6675817867	54.99428519	46.9916536929	60.60330995	52.0473685081	44.6608270776	59.5772775097	53.4009422598	53.7381489538	63.6031802447	51.8774430633	63.9118632542	60.3807370588	47.4367707557	46.9907175643	64.465087603	51.4402288054	62.5033181402	57.0540027906	61.882055334	42.4391119076	59.6865079015	58.4603537917	60.7425580694	60.9535032775	47.4766047281	48.1962513121	42.9053895078	47.328784226	44.4690301959	43.346536261	50.5472393888	54.2651066464	46.7662931305	45.3144196064	61.9264566976	60.352438094	39.7489390834	41.3052390751	50.0731381615	56.3734147789
41.0434944049	36.4474187045	44.6106588329	45.9199547111	38.0692825116	46.7489800269	39.806120319	30.8038133527	26.556834559	45.7099759153	36.5335563559	30.8586051603	43.0851811771	42.7311023509	45.0289733113	51.4807014091	47.5876701277	47.0424172348	40.3549103259	36.2119653683	40.4605968827	32.8782322194	48.5087192227	40.2129334554	58.1277692405	49.6798339373	87.3684685627	46.3542789447	38.6912959795	50.0907836872	39.3548638846	38.5990750706	35.4880265875	32.4621486483	36.3444746703	44.9350765075	44.7880455801	45.3423881983	44.3786462544	53.4188147362	50.2596317429	47.6773559313	51.6023184717	45.6293565194	49.1945769286	43.2540659897	49.5297388308	41.7527607293	43.1535738627	58.8087768304	43.1718329977	45.7314849334	45.8090070536	40.7202793096	42.8509051559	36.7075320656	41.9471273556	40.410949623	44.1633320522	44.2130426408	37.235510904	34.2004432944	32.7013858177	48.1585897977	38.1605262697	30.310160238	42.3636007579	38.5963647986	47.6712525498
36.6816024983	39.0449207483	33.3302277231	45.1017325141	38.4726406828	41.6252527985	41.5927749095	34.1565544794	40.0316690757	47.259997239	47.580652578	45.6694741534	34.7048152403	38.1212351314	61.0773027148	52.1428682791	43.0532553429	45.766167342	39.3132708702	44.789828348	35.0309105276	44.942598272	46.9646051734	39.5998963132	56.1360694104	55.9654728383	46.3542789447	87.3684685627	36.2368798165	52.5383017288	47.0067231852	52.0425948593	35.0395919081	33.2580621301	46.3692879514	38.7149722016	43.2676690166	43.6157414849	47.5196077642	49.6724381414	51.2074541393	36.6641121516	41.1823781999	47.2827878835	59.517924988	41.7071810435	36.3771476371	41.5520135824	38.2338075458	41.2050172964	50.5259452703	57.8780151866	45.3338050893	49.4305666234	47.9400508665	31.3917608569	31.5887582436	39.1185584325	38.1502707101	49.3110565095	35.5378095289	38.9910263663	48.2099839951	52.6324310304	35.5629774218	39.8290828869	39.8975871969	58.6323928898	48.7258787893
46.2665939806	43.8885220284	38.1434599761	54.228388318	46.3202703572	59.3513260822	64.7597914496	57.6157600653	42.5115225706	41.7362054768	48.7922415851	40.7767010859	46.6526716854	64.1563863369	35.7959378179	66.5044092019	59.9300013574	54.2976121408	47.5298880651	37.4690529198	50.2987592391	43.1824570957	54.4593725348	51.5740116245	53.9269862429	50.6675817867	38.6912959795	36.2368798165	87.3684685627	62.5250601668	42.1135386047	51.0754763636	54.7599624013	41.8227975789	48.6102628901	50.2520160735	54.7893175769	65.0668099982	55.4137881115	47.8112269526	62.7645672858	52.1710223652	52.3409196364	52.863357207	49.371536192	53.6373400281	53.8020135458	60.9912162843	47.2420424809	49.8607589792	52.2853675132	41.3566275297	56.768125945	52.2810326455	45.7080686698	47.8622537154	61.554829362	54.5217729754	49.3005758073	45.5664233005	49.9207574961	50.7100377362	49.5147936482	55.7058939052	45.5524311155	46.9505463529	43.9984838722	48.1709143919	44.2041843983
49.0631053307	53.2008102545	54.8857271093	69.8937661313	58.5020594059	73.0888221838	56.6764952719	57.1165993696	55.7216952818	59.7797436036	62.7193678174	57.3523430069	53.4272056587	61.0681272262	55.5303525388	72.856208657	67.9078985005	52.3487195882	57.4162040861	44.3193530255	60.2372671318	61.1183136592	56.284588368	59.6440975762	69.6603798846	54.99428519	50.0907836872	52.5383017288	62.5250601668	87.3684685627	60.3944790284	59.0743225675	63.3735030328	49.0841776997	58.2554994766	54.6973892126	51.3171976994	57.2099788959	66.6790285097	55.6735608674	72.6273341219	65.2420841092	64.0814618197	56.7572532412	63.0355353205	62.1971813615	58.1871197643	58.9871989358	51.5241755953	53.1422533078	54.2781521686	57.4603465024	66.9273151033	74.4067168713	66.5456876192	61.4651446222	67.9653129124	72.3110632411	64.6643005136	53.6535940163	52.5659280315	58.5028923896	55.5679903974	69.3862502444	51.1247017421	70.2965658814	73.7200636896	62.6036710538	59.0533211406
42.1424408783	37.239164469	33.425298321	48.6748943862	60.7698978812	53.2410836768	42.3168393893	47.9904214889	46.3392359981	42.4498598501	55.2340455405	42.6707543091	59.1888565504	46.7612446379	61.9700266822	59.0455757335	45.8640700306	39.1515721057	57.3201911411	38.9829833523	64.1520519865	69.3324474064	50.5956893856	61.7768421672	55.8365642479	46.9916536929	39.3548638846	47.0067231852	42.1135386047	60.3944790284	87.3684685627	49.2279015611	53.8832295717	40.3329355697	44.2119201452	50.1651435488	44.6056742804	49.8343776201	68.3737340491	46.8109711442	56.3602220045	50.2967961404	46.9432534551	45.7287922926	52.9307504279	45.9532363909	43.9269136458	49.6771021067	53.1109438523	40.7386434532	54.9333896835	46.6949956318	49.9262383949	57.5921413386	53.8935851127	46.1209551265	45.4575671422	54.0800363851	58.6407860318	62.8605704441	41.1063395896	41.1250895058	46.7276984899	68.608481835	36.1628058873	44.121341706	49.2365349818	53.8213227148	39.5607508053
47.9857852466	45.5623010829	43.4279737833	54.1795531237	43.3962297861	56.0015614391	62.0883282886	54.0690368647	55.5203172804	55.6396394195	52.659412782	42.7610276763	43.1592801764	54.2206100618	49.177774243	61.3198489788	60.9122974821	54.0015530074	51.5332798717	42.6605473984	43.576639241	52.4656940122	55.6462541092	52.4558761853	61.2193587481	60.60330995	38.5990750706	52.0425948593	51.0754763636	59.0743225675	49.2279015611	87.3684685627	59.4069877548	50.5066634503	52.2335152727	47.8342365727	43.8838625573	62.3299870786	53.9253006494	51.9261748769	60.3019107717	50.8838022255	52.3014816169	65.0725596899	44.2350116382	59.6066143959	52.2982267187	59.6322648771	50.3113054838	52.4526003104	53.0584777409	55.3138733286	63.081899359	55.8731873723	52.2891315495	45.3816343496	55.8713541798	52.326103979	48.2613579758	42.8847710966	53.7663489291	57.9155516692	49.9115944537	64.1695226411	59.1607116674	51.79643011	41.9018899955	58.1011136881	58.2759117051
47.8850855736	45.5618397252	43.0439349224	61.9354492257	53.6768530698	66.5024034154	57.1784330114	64.0757373166	54.5530336412	52.8904730479	50.5832464852	40.9645352335	59.1426139057	57.784405003	49.6312744989	63.8835495753	69.7297518486	49.2086951696	68.3610159712	34.2574481546	65.9561070919	59.0863965581	51.6855000707	74.5649191644	53.1974229704	52.0473685081	35.4880265875	35.0395919081	54.7599624013	63.3735030328	53.8832295717	59.4069877548	87.3684685627	42.4173089252	51.9315920503	63.2385970804	51.4640642734	59.4913356012	62.6867594072	46.5808081421	63.5242362559	60.4671985545	61.5588999085	62.2469604662	48.9763694247	56.021386818	50.6586770077	63.4876633772	49.1038519265	57.8950623316	53.7669032776	48.7644112823	69.9877259664	59.4000439018	62.0069290425	57.3985940441	66.9109036025	62.4938019623	64.6352916438	52.2617456385	56.0555175036	56.2693505813	50.5148091177	68.6986746861	53.8351029032	52.6201175434	52.3084126421	60.4363476438	49.5032533253
44.1211480159	52.4174500867	44.8096491702	44.8569991086	39.5688463002	46.958292661	47.3076765965	35.7498702946	41.6905069782	50.2124497408	38.9350329645	30.606881076	34.8851777182	40.3249623983	33.2314389056	49.1935348082	43.8644189771	35.5460962826	41.8851008351	30.7963349488	36.3602061767	37.0102622124	46.5357964326	43.1858706207	52.8193998785	44.6608270776	32.4621486483	33.2580621301	41.8227975789	49.0841776997	40.3329355697	50.5066634503	42.4173089252	87.3684685627	34.192449005	37.0820958271	30.5124559029	55.1397643317	42.8766150242	49.7200003134	56.1600462843	41.2061738193	42.5681810003	45.3410100644	28.1302742592	47.2742705706	51.3102870417	47.0611309414	33.8861826325	38.1437554736	43.2297171265	27.532766123	36.543787444	52.150830784	46.5175514767	42.2143546383	41.9455426919	50.2368866357	39.6140418956	29.9633870494	51.202420885	39.4211877347	37.7769795551	53.3169353632	40.7281386798	49.462955297	43.1785271557	48.68732539	35.8840138214
43.307934346	39.618024781	36.9661524971	53.2661761473	43.2755375168	54.3395062921	45.6523824036	50.5424611039	34.9251497217	44.324798422	42.0673684579	41.230020823	47.5793057712	49.9878331061	44.5835599659	62.3028062256	54.6753311761	56.6328644991	55.7238837971	39.939568656	53.6614332942	48.3420047723	50.3637655953	43.7147685943	56.6791779366	59.5772775097	36.3444746703	46.3692879514	48.6102628901	58.2554994766	44.2119201452	52.2335152727	51.9315920503	34.192449005	87.3684685627	54.5293027005	60.2825638296	54.4193043921	51.3712095096	56.960103335	59.7070285784	48.2168954563	42.141824703	56.1128041982	46.2323508109	54.2086226259	43.768629342	41.4627146331	31.1091380324	55.3889706722	43.5761494353	62.5004476804	60.6721753843	51.7877280167	47.0977844395	37.4643466819	47.7105845099	39.8777708595	46.5252452284	50.7334087132	49.830796004	44.1618475033	50.5013884057	56.0216193688	52.40389299	45.2610522845	47.7495971054	46.9998415569	46.2176395734
47.48452277	31.7982941149	47.0372033742	58.1851434433	59.0464779478	58.3753427063	56.6906995344	51.0511884566	40.521017192	47.1356666123	43.2250264295	33.9145068175	65.5386897537	52.8642833676	42.8094537112	63.652625152	65.254025127	61.7829444224	64.2648972465	44.9310677893	68.3359011838	48.4869873849	51.1590287631	62.0068499059	54.7282409703	53.4009422598	44.9350765075	38.7149722016	50.2520160735	54.6973892126	50.1651435488	47.8342365727	63.2385970804	37.0820958271	54.5293027005	87.3684685627	59.9248376044	61.7196460954	54.6803603048	50.215366189	56.4081635102	55.3661733758	54.2803633438	65.5114316654	47.1319371563	54.5533133505	55.4328246996	49.3676983555	42.5984730815	65.4347377637	55.9428882297	51.5403583286	61.715441496	42.7542218082	48.8301820986	51.8152017767	51.2086591401	47.0777163661	45.9272763273	64.1405687443	47.2071539305	44.1188822451	41.9664043058	59.4252964859	55.512883983	38.9636337259	38.7514384493	44.9858078167	49.6303375851
49.4436932732	41.4216844065	35.6756116218	52.31316198	46.4956993735	57.8501066268	52.6637545829	52.7638481829	37.7628882783	44.7980527645	46.3924697265	41.0744089175	58.2299425794	56.5617498948	45.4999816664	64.7793546138	55.4142620104	55.420081293	53.6828653489	41.3126850531	57.9911717132	40.9965240696	52.8858527291	49.9549228762	56.1213678317	53.7381489538	44.7880455801	43.2676690166	54.7893175769	51.3171976994	44.6056742804	43.8838625573	51.4640642734	30.5124559029	60.2825638296	59.9248376044	87.3684685627	62.0824622003	57.6364959899	49.0339839166	56.6980997332	54.1220556809	46.4709414878	57.5500844161	47.1345019294	52.2960663746	54.5880955086	47.9733818332	42.0480188033	55.6443302735	52.9504373203	54.7443264993	54.1974059059	48.6459924709	44.7253221987	39.8962560467	49.4355612167	42.0036133904	47.1514681824	57.4550125997	42.7681496851	42.6462764833	47.863131015	54.7598243414	50.3457791958	34.5303123199	37.3227991483	44.8368179134	42.3201309344
45.8258114808	47.1525499454	38.5225070574	55.651852745	55.5414823927	58.7420693864	68.3270801663	55.2412017877	41.5147596347	47.0682545101	47.374181693	42.4173457134	61.4731452895	65.1072216403	45.7277125089	71.5523962448	62.1931777129	64.4268452457	62.2973179742	45.8374054421	56.5964420845	44.8890404537	59.1702807853	62.8253101584	61.7988998729	63.6031802447	45.3423881983	43.6157414849	65.0668099982	57.2099788959	49.8343776201	62.3299870786	59.4913356012	55.1397643317	54.4193043921	61.7196460954	62.0824622003	87.3684685627	59.4846756554	53.6080832128	59.4647762062	51.9431542679	48.6320924	64.8830458233	53.5526328597	60.756848566	64.1042068453	66.9065736818	44.6603425179	59.7783932412	64.3544964547	53.3281296089	59.7601070896	50.3223350308	47.864465477	51.0440157104	55.9534321519	51.8310170626	48.4811324512	56.3336476238	59.9062864582	47.330521323	49.6156435785	66.1681164611	59.7904815757	40.4733928925	40.0769021097	48.0622081115	47.4657404516
52.9660972267	49.4914307748	40.1976669509	57.5296796128	57.7235772076	63.1830757186	53.6265284405	65.5329698197	54.224673094	56.1941029259	64.7523574324	50.9612615598	63.7219040412	61.3943762331	65.891964153	72.3016366496	61.6858454224	41.6422542422	65.2222186063	46.4056057942	59.3049629346	67.7916803888	59.7543928068	65.0710213758	65.5456230107	51.8774430633	44.3786462544	47.5196077642	55.4137881115	66.6790285097	68.3737340491	53.9253006494	62.6867594072	42.8766150242	51.3712095096	54.6803603048	57.6364959899	59.4846756554	87.3684685627	52.0061739017	62.543891748	53.5227150486	61.7631935704	53.2699547049	63.9896722438	51.8656684554	49.5805924601	61.3344783665	64.4244047766	51.257004396	58.9138705038	58.1868192366	62.9400942967	63.5185035115	62.7371249298	50.1774791474	57.8491734299	65.2393732511	69.1766843707	62.2701338488	56.2902786599	51.1856347018	59.1930079922	73.7841032584	38.0996147475	49.5790801468	54.9115938882	64.4050653994	53.8508170499
50.5254327306	39.083396307	50.0762898513	63.2388662821	46.4043267411	52.7512537912	48.9937836473	39.3409505332	51.1065935788	51.3147804606	45.5654325062	52.0091174479	46.8683111883	48.6911978259	56.2640590966	59.1741126101	50.4696909406	58.5347975979	49.6435856698	45.4868618811	49.2042342872	52.5436709473	48.6353275225	48.6170094912	65.9731762095	63.9118632542	53.4188147362	49.6724381414	47.8112269526	55.6735608674	46.8109711442	51.9261748769	46.5808081421	49.7200003134	56.960103335	50.215366189	49.0339839166	53.6080832128	52.0061739017	87.3684685627	63.7950550072	48.2885541873	53.3250893772	59.9887042836	47.8208009909	55.2243965539	52.8247949365	51.1441880522	42.0219472227	65.1583544169	50.9028605516	55.9657774135	57.1599517183	54.4372711716	49.8776379933	49.2564238875	42.989889087	49.9005017015	45.003612855	46.3974226025	42.1710080752	39.240942846	54.3896286589	62.369490789	56.7512684049	42.9623404331	46.99125176	55.406788291	57.333083773
