Tissue	braincortex
N_samples	95
Chr	16
Gene	ENSG00000182601.6
SNP	rs8059820
Gene_list	ENSG00000132359.9	ENSG00000215218.3	ENSG00000170004.12	ENSG00000125869.5	ENSG00000111863.8	ENSG00000142634.8	ENSG00000183114.6	ENSG00000122254.6	ENSG00000139880.15	ENSG00000182601.6	ENSG00000186297.7	ENSG00000104059.4	ENSG00000060656.15	ENSG00000158089.10	ENSG00000049449.4	ENSG00000122733.11	ENSG00000163873.5	ENSG00000128422.11	ENSG00000137877.8	ENSG00000114812.8	ENSG00000149654.5	ENSG00000154975.9	ENSG00000169213.6	ENSG00000023287.8	ENSG00000170419.6	ENSG00000153266.8	ENSG00000068971.9	ENSG00000107242.13	ENSG00000172137.14	ENSG00000165659.12	ENSG00000113319.7	ENSG00000165023.5	ENSG00000187122.12	ENSG00000136842.9	ENSG00000152578.8	ENSG00000111249.9	ENSG00000134982.12	ENSG00000128573.18	ENSG00000135116.5	ENSG00000196376.6	ENSG00000205279.4	ENSG00000172673.6	ENSG00000196358.6	ENSG00000158258.11	ENSG00000177519.3	ENSG00000123612.11	ENSG00000171509.11	ENSG00000170231.11	ENSG00000170091.6	ENSG00000162630.5
Gene expression stats (Y^T * Y): 
87.3684685627	57.9811728004	57.0789577865	-52.4000886066	55.2303177837	50.6323623626	44.651681183	59.7712998491	53.9870991734	67.5346355865	51.7303039601	51.2560598753	44.3262576405	61.1752619535	-49.5355486381	55.7837730622	69.0120339142	59.8051841342	47.4919323339	46.438201176	-43.2627332857	-35.4746204293	49.1350932158	43.9365555221	-49.5462736583	58.7214758399	41.4262281572	-45.9740390339	-40.1937111208	52.9591334947	-45.7858238781	53.8327631061	57.4814227392	-52.8898716425	-48.9371497458	-50.0025193329	53.8647181824	46.746478502	57.1812932509	56.4683242178	-50.2675322731	55.6335297562	68.7080441088	54.3995098172	52.1547526726	-50.1648426865	55.3495885687	48.8822263426	-40.5535611537	47.4115763955
57.9811728004	87.3684685627	35.8864086488	-49.2971363083	52.3454779003	54.6099538017	40.0135169143	62.6438210157	44.7425849866	61.4727384351	37.0763328002	47.5231746424	51.6766017607	50.2102336388	-49.600755261	50.8488984458	61.1492026701	52.4600173127	43.6301239384	37.0277373769	-48.2345248282	-45.3115898622	38.2283672315	29.1020110242	-48.3491018624	55.5625053496	48.7713426056	-52.9855280432	-48.9800141312	44.6283209955	-51.6804951566	58.4836074317	55.4034486963	-50.1871702408	-59.1295401519	-56.8263981885	31.3424788586	50.930424451	41.5591565684	63.2840136242	-48.1986664757	44.9843619865	51.3162417246	56.9194887892	53.1599090895	-51.4895293039	59.4521667731	37.56056605	-43.5099158905	49.1797905753
57.0789577865	35.8864086488	87.3684685627	-29.5150582851	42.4435814398	39.3339709553	27.95062064	41.8465405391	32.4039764229	53.8539461703	42.1342873833	45.4286355148	28.4110032204	38.7739575231	-36.8829197138	45.5754298383	47.951183622	32.365526942	20.0582526444	22.7389988638	-26.31181106	-41.3800329765	47.9188799823	41.8372042473	-33.4339159411	39.7385137766	26.4545575093	-36.8379317872	-20.3123235057	38.6026979525	-26.8327851989	25.7332394372	35.241316872	-43.9064862931	-44.8506786908	-24.4044451938	47.8125207902	33.4455971385	46.0701666454	37.9503209763	-36.3196208017	38.7292966401	55.0916482748	35.0614792056	39.9631718243	-40.2004533334	39.819875991	41.9689490734	-23.6376763833	31.4937279828
-52.4000886066	-49.2971363083	-29.5150582851	87.3684685627	-52.3043994483	-54.0821523338	-44.5514487155	-67.6743340359	-44.7585553349	-61.373541489	-44.7691961886	-35.1875332105	-33.407205582	-46.0153507172	58.6971051102	-53.1117949885	-54.1065526116	-48.9014238513	-41.7492189174	-48.215764038	49.8036142478	37.730842602	-45.5515253954	-40.5923623634	60.2963392342	-62.7358594999	-50.6483091137	49.0288628736	66.208162352	-47.7922723216	52.6452854307	-61.8844739693	-46.0760044711	56.1588784537	50.8526239608	65.384729251	-42.1184332253	-51.4470150568	-42.5100276329	-48.059707667	47.2856980223	-45.5881268031	-49.0549335132	-45.6237506456	-46.8886723022	55.7102435408	-62.9190238163	-50.0529517334	49.6802547934	-46.7722446652
55.2303177837	52.3454779003	42.4435814398	-52.3043994483	87.3684685627	44.476137827	49.1913206489	59.4756367791	53.4346560493	58.6155534534	42.6544732888	41.2440350936	48.9583282938	52.3496757114	-48.5603502031	51.2073382642	62.5450732865	51.2358713432	48.6559074462	44.7142237497	-47.7734883422	-44.4736211718	53.450822439	37.9245492284	-47.5605425207	62.9493194777	37.4752292361	-51.9643685857	-46.4080392194	49.8340286851	-58.7143514628	51.6620681797	50.2465680119	-50.6485636721	-51.2143734831	-55.7002021122	47.2085232586	57.2737194659	49.3609253622	62.3056614073	-48.2310118682	56.826934207	54.4402352652	55.0921405729	46.132499353	-50.5888215589	63.0132913965	52.1868123861	-41.0223730178	55.8051787555
50.6323623626	54.6099538017	39.3339709553	-54.0821523338	44.476137827	87.3684685627	29.1560735374	67.9613298666	40.4758889333	60.499409168	39.5727008978	36.0809887771	48.8550295688	38.6966600708	-57.1509735637	40.8166798924	42.3493590379	55.7989594567	42.0383628512	32.3612121515	-56.1880335528	-50.4227090741	31.1892559765	41.479022342	-53.6041524424	61.2521252034	43.0276751075	-52.3298056791	-62.0916258909	43.5329665203	-55.9122923828	51.8753548421	51.6302289633	-47.3982459696	-52.4453705586	-58.5194040517	25.7346144219	44.2064084681	37.5830501477	49.967046565	-45.5919826471	43.8930682736	51.7389513013	54.4040868116	50.6076119699	-26.5389894098	53.306198924	40.3799290474	-58.0225405558	42.6205768829
44.651681183	40.0135169143	27.95062064	-44.5514487155	49.1913206489	29.1560735374	87.3684685627	47.3539691431	52.6108337744	52.8341914478	32.1570623634	35.0114377776	36.0914723869	40.9030847264	-32.8236782078	29.5734079715	53.1072506412	42.1271209203	33.7423817254	43.4917916798	-36.5483610152	-37.4699761339	44.8990906317	39.2879853386	-29.6082063057	46.5929004072	40.2312848522	-32.3305424463	-33.5664213123	25.4839911667	-41.4805823136	43.1851879902	38.26642625	-40.5285822456	-34.0756950217	-39.7205680924	42.0823629903	34.2427282332	36.0928207257	52.0487094263	-32.1747954882	35.1926325753	47.6451858555	35.4673945452	36.583925058	-37.8026839591	47.3079151119	35.3116023604	-35.8198584619	44.8931377748
59.7712998491	62.6438210157	41.8465405391	-67.6743340359	59.4756367791	67.9613298666	47.3539691431	87.3684685627	53.37739569	71.6516746898	53.6747108453	42.7634329737	48.7814500895	56.2340134383	-54.2669172409	53.9778049911	61.3177986266	66.1849558066	44.3433192555	44.8474176526	-64.3748162597	-55.8751271501	50.1841635411	44.353262688	-64.8217927042	74.1367615887	51.6846292417	-59.7293685767	-65.6919600357	46.1827126761	-62.8946642905	65.5602618304	57.0921069032	-58.9560582725	-62.6677431378	-69.9538445667	40.677190926	53.8208483596	50.3999210693	63.285432098	-46.1248267519	57.6201711883	63.2708709965	62.885426868	48.9516274581	-48.0201991416	72.0021056138	50.1291216337	-53.698652392	63.5636512425
53.9870991734	44.7425849866	32.4039764229	-44.7585553349	53.4346560493	40.4758889333	52.6108337744	53.37739569	87.3684685627	59.6935057479	35.6301009087	31.116120189	44.7415354203	50.2934590674	-44.8175161675	33.831677068	60.4221727617	62.5531718535	54.5125101807	41.4877853785	-50.5881828771	-36.6699709661	53.7965203407	41.688421088	-33.3184297749	55.9581641091	41.0602897524	-42.4077087612	-32.0785341477	49.2437997393	-52.1608232877	56.4389728429	38.1120708435	-50.2950671223	-40.2967447909	-51.8952685734	43.8946764182	51.9790927699	40.9327834012	62.8770920857	-45.087065647	59.9442434663	54.6296159816	54.9863372456	46.0894892012	-37.5514673657	51.4665482741	44.6792466744	-47.9066423694	58.0559425098
67.5346355865	61.4727384351	53.8539461703	-61.373541489	58.6155534534	60.499409168	52.8341914478	71.6516746898	59.6935057479	87.3684685627	53.8188969766	54.0139539436	53.7196542095	60.5606943265	-52.6176671325	56.1976891768	65.6579876689	64.0639014286	55.9142963628	52.668466892	-60.5451525384	-55.768011257	53.2440805063	54.6055251679	-53.3053564386	70.5912110904	54.3523942199	-56.5253542611	-58.4146025495	57.012477903	-53.704826142	69.5024567028	54.3245942989	-62.1746448679	-60.9497100132	-61.631462427	56.1479068745	52.85979956	52.9861158794	64.6044815767	-52.8223609026	60.5901077152	65.3145762846	60.1895372139	56.7278482842	-53.5604332808	69.6997905857	59.4769381044	-55.7122442506	61.4500501125
51.7303039601	37.0763328002	42.1342873833	-44.7691961886	42.6544732888	39.5727008978	32.1570623634	53.6747108453	35.6301009087	53.8188969766	87.3684685627	43.2496024154	36.8878125254	57.2291347632	-20.6285802575	51.9504765073	49.7993934939	50.7714893453	32.8656124723	34.1908261133	-43.1113736035	-28.1467284501	38.3337444879	29.5624767635	-45.4443286213	54.2893322188	37.2862682867	-33.5968937707	-39.53450705	33.4486125527	-30.6975814794	48.9023000063	53.0071752231	-40.9985649304	-35.26534695	-37.3186209884	49.8179413747	39.3342222427	50.6413541405	35.6088630497	-29.0541951009	29.7444136295	48.9441013629	41.7360410986	38.1762395107	-33.9278344471	56.4604220569	37.8224331317	-13.5101713763	45.9658347356
51.2560598753	47.5231746424	45.4286355148	-35.1875332105	41.2440350936	36.0809887771	35.0114377776	42.7634329737	31.116120189	54.0139539436	43.2496024154	87.3684685627	34.9138733588	34.2612008193	-34.3501929055	51.6789117266	46.6618629693	33.0669319567	40.054802913	36.1865233127	-27.8025680561	-33.7004137306	33.9652660411	39.0062369105	-32.8983616565	41.4729386518	50.7354702433	-28.3854516863	-26.9603397545	38.2998514742	-23.6449060834	41.6638883979	33.3256176995	-39.7662939394	-39.7582198392	-27.4621023433	41.1085466061	36.1922323532	51.4482802047	41.5084315429	-32.8675568035	25.6659289739	48.8070184879	35.2278143169	41.4386486462	-35.649321818	40.9669536326	36.3018868143	-25.0399306802	28.0996332357
44.3262576405	51.6766017607	28.4110032204	-33.407205582	48.9583282938	48.8550295688	36.0914723869	48.7814500895	44.7415354203	53.7196542095	36.8878125254	34.9138733588	87.3684685627	51.0804706297	-36.9085980473	35.165909633	49.3242780899	46.5194057255	31.7058309953	24.1721223251	-46.3038315683	-48.1244517032	40.0440495494	30.180842991	-41.4584510233	55.1322218613	37.5394031503	-43.3843218786	-41.2961954897	41.6071918387	-53.6115903979	46.8518442001	54.7475738962	-40.8024436271	-49.8734379305	-46.188283708	26.3688442783	43.6106826677	38.2701880335	47.4122432967	-39.6004106673	49.4555798598	42.3818706592	60.3268092751	45.3883206617	-28.8818465604	50.5775869689	36.4782556589	-49.3541704867	49.2979915912
61.1752619535	50.2102336388	38.7739575231	-46.0153507172	52.3496757114	38.6966600708	40.9030847264	56.2340134383	50.2934590674	60.5606943265	57.2291347632	34.2612008193	51.0804706297	87.3684685627	-36.2765007271	44.9161688333	72.0022927711	59.9117705854	48.8647766223	47.830778352	-49.5914308434	-38.3095780936	53.5242248254	35.1996030143	-44.7317262893	61.2546336071	43.6283988533	-42.9318329888	-34.7836651522	52.6716471034	-42.352368793	53.2260459758	58.8627592051	-47.3014774137	-38.6436587269	-49.5891272622	45.8452282359	44.6910865576	52.3569150419	54.4136743889	-47.1041734918	55.0965072689	56.0763647542	54.4238342879	40.7634138269	-51.7324369204	63.2611813841	42.5622487943	-28.7977382567	67.6282755632
-49.5355486381	-49.600755261	-36.8829197138	58.6971051102	-48.5603502031	-57.1509735637	-32.8236782078	-54.2669172409	-44.8175161675	-52.6176671325	-20.6285802575	-34.3501929055	-36.9085980473	-36.2765007271	87.3684685627	-45.5261107394	-48.8564386624	-43.482187167	-44.2232804489	-35.4235035595	47.0970971215	48.7609663844	-50.8910200805	-44.0872254726	54.411698033	-51.107130669	-43.9794042736	54.8443078075	44.7195688484	-57.1718922013	54.3765084316	-52.6843700288	-33.1495398471	56.8001469384	50.2588518774	62.9913403978	-30.2340653759	-51.2247518038	-32.8959616062	-56.7927916459	50.0999016827	-55.326672313	-47.5508752664	-51.8144530427	-47.5987799187	50.9135885357	-54.639662199	-46.9531120799	52.5900076983	-44.8054333995
55.7837730622	50.8488984458	45.5754298383	-53.1117949885	51.2073382642	40.8166798924	29.5734079715	53.9778049911	33.831677068	56.1976891768	51.9504765073	51.6789117266	35.165909633	44.9161688333	-45.5261107394	87.3684685627	55.5224981641	40.8958055539	38.7394526247	43.4782139327	-39.1928994193	-34.7868367222	44.0361633086	41.0054107594	-55.9410534479	46.5494495474	39.3064186159	-45.1990976534	-45.6052680661	41.9330571824	-36.589593764	51.1695990538	44.7119202505	-49.030640414	-53.2850315973	-39.0093562428	53.6379691519	46.9175711318	41.5244136304	41.5990099323	-32.3146379993	41.5789912544	56.7714017149	41.6495128749	41.9986951645	-44.2943007509	51.8421210368	42.3804488835	-28.2053233568	38.9954711143
69.0120339142	61.1492026701	47.951183622	-54.1065526116	62.5450732865	42.3493590379	53.1072506412	61.3177986266	60.4221727617	65.6579876689	49.7993934939	46.6618629693	49.3242780899	72.0022927711	-48.8564386624	55.5224981641	87.3684685627	64.6449412844	50.9607876663	55.2411516668	-52.2080717502	-43.1876086236	66.978535838	37.9832882947	-48.7501462922	63.1864670555	42.9464546404	-48.9839686144	-36.3491433212	58.2674094328	-45.3365789023	56.9282296456	60.3319673865	-56.508355075	-50.4078105982	-54.9274745596	48.5985745517	55.4857068405	58.6938245481	66.6264985819	-57.9609585683	58.9272448038	62.5473663683	62.1655797656	55.4311557294	-55.3725829086	65.2554941873	44.4977201085	-36.6146294141	63.9012612698
59.8051841342	52.4600173127	32.365526942	-48.9014238513	51.2358713432	55.7989594567	42.1271209203	66.1849558066	62.5531718535	64.0639014286	50.7714893453	33.0669319567	46.5194057255	59.9117705854	-43.482187167	40.8958055539	64.6449412844	87.3684685627	51.3074383419	45.2601068184	-62.0423298479	-46.241541163	49.8084079924	38.6394615252	-53.772737552	66.3522471234	42.1673189831	-48.1964750761	-46.1488739904	50.254006169	-53.2686483853	65.6215064924	52.3740577357	-43.5646117258	-49.4711625751	-60.2711562011	34.535347276	56.8357069271	40.3805449382	66.0480256696	-48.9868304964	59.2015061416	61.1768767801	62.9277135869	45.563721378	-37.7443536548	62.7517354989	40.6783258925	-45.5242157584	65.5484887727
47.4919323339	43.6301239384	20.0582526444	-41.7492189174	48.6559074462	42.0383628512	33.7423817254	44.3433192555	54.5125101807	55.9142963628	32.8656124723	40.054802913	31.7058309953	48.8647766223	-44.2232804489	38.7394526247	50.9607876663	51.3074383419	87.3684685627	48.517623237	-42.6667194628	-30.3279749685	37.3233176375	38.1869011933	-24.7370107531	50.2391779114	47.3825598243	-31.7287425495	-33.747593226	51.8304291806	-43.1660938029	60.539699433	30.8605088267	-38.7009882674	-32.1274639074	-49.0530204452	33.8874016505	50.414700242	38.7644194134	53.6252485915	-40.6510277085	48.6095149475	44.4295526212	45.4018441872	40.6262826915	-37.4603461472	46.5864972213	42.2754680409	-32.8380412591	48.6921055566
46.438201176	37.0277373769	22.7389988638	-48.215764038	44.7142237497	32.3612121515	43.4917916798	44.8474176526	41.4877853785	52.668466892	34.1908261133	36.1865233127	24.1721223251	47.830778352	-35.4235035595	43.4782139327	55.2411516668	45.2601068184	48.517623237	87.3684685627	-33.6003606872	-21.1070033584	38.0363492077	26.5033231523	-39.0848548652	47.3737603125	34.3076004367	-39.4916413011	-42.0356541195	43.9137652713	-28.8599316631	46.2019041948	38.7886436809	-32.2852245764	-29.0592679063	-41.8752242948	41.0438398152	45.8397633467	44.7473199183	45.2016895903	-34.6127724358	39.2177116362	43.2106940432	34.1402278952	31.5505518894	-49.5670217301	53.1756660603	36.9935322698	-22.8060789711	47.5744867927
-43.2627332857	-48.2345248282	-26.31181106	49.8036142478	-47.7734883422	-56.1880335528	-36.5483610152	-64.3748162597	-50.5881828771	-60.5451525384	-43.1113736035	-27.8025680561	-46.3038315683	-49.5914308434	47.0970971215	-39.1928994193	-52.2080717502	-62.0423298479	-42.6667194628	-33.6003606872	87.3684685627	54.1912936935	-45.9170551438	-29.8526497194	48.4237309015	-65.7669554262	-36.4959651003	50.4219890029	53.9501570834	-46.6454206663	56.0540185192	-56.5293396572	-46.0060060792	51.7591490236	48.355263939	60.723232447	-33.3484728071	-44.6894393631	-33.710151051	-59.1169327156	36.5165280104	-52.4804313146	-50.1005695114	-63.0736468185	-37.7595523594	27.7842031184	-62.5267130582	-40.657142136	52.9019334398	-62.9571958297
-35.4746204293	-45.3115898622	-41.3800329765	37.730842602	-44.4736211718	-50.4227090741	-37.4699761339	-55.8751271501	-36.6699709661	-55.768011257	-28.1467284501	-33.7004137306	-48.1244517032	-38.3095780936	48.7609663844	-34.7868367222	-43.1876086236	-46.241541163	-30.3279749685	-21.1070033584	54.1912936935	87.3684685627	-50.6365373918	-27.3772183351	45.0320994742	-56.557797785	-39.3517595798	50.7828202756	39.5532976535	-38.1776876706	56.7947260919	-44.0395360052	-32.7279743143	51.3366216194	66.540379179	46.8124965034	-20.5585279008	-42.1763484921	-33.6141678071	-51.342099213	38.3349767078	-52.8902525502	-42.5736449417	-52.4669434623	-33.1758987488	35.1865270825	-54.2812635321	-40.5389676408	49.5319974149	-49.6102060643
49.1350932158	38.2283672315	47.9188799823	-45.5515253954	53.450822439	31.1892559765	44.8990906317	50.1841635411	53.7965203407	53.2440805063	38.3337444879	33.9652660411	40.0440495494	53.5242248254	-50.8910200805	44.0361633086	66.978535838	49.8084079924	37.3233176375	38.0363492077	-45.9170551438	-50.6365373918	87.3684685627	37.3366516188	-41.6235260837	55.3164230129	35.0093219888	-41.1441076303	-21.9168035853	52.0727711689	-40.7511701983	43.6356142784	36.6046519447	-56.7352165733	-46.2158726975	-47.5003875679	42.6592026618	49.5068564031	46.1718855453	54.1123985773	-46.9349971504	57.2173460788	51.847001283	56.0549437069	46.0978014214	-47.863652432	54.8796423751	45.0816615438	-32.7623471448	57.542421419
43.9365555221	29.1020110242	41.8372042473	-40.5923623634	37.9245492284	41.479022342	39.2879853386	44.353262688	41.688421088	54.6055251679	29.5624767635	39.0062369105	30.180842991	35.1996030143	-44.0872254726	41.0054107594	37.9832882947	38.6394615252	38.1869011933	26.5033231523	-29.8526497194	-27.3772183351	37.3366516188	87.3684685627	-34.0885660871	44.2639121149	34.9456977366	-37.8596894825	-36.5479664115	36.0297436739	-29.1688225648	42.6851992352	23.1636837108	-42.9199607396	-36.7726383968	-38.9320710083	52.9862625932	25.9305191397	30.312037047	35.6438550998	-27.2263398127	34.7760991777	49.3863429251	28.6457031134	31.9440599368	-30.6636283619	38.8897657198	45.7645599918	-33.9618987254	31.5756697303
-49.5462736583	-48.3491018624	-33.4339159411	60.2963392342	-47.5605425207	-53.6041524424	-29.6082063057	-64.8217927042	-33.3184297749	-53.3053564386	-45.4443286213	-32.8983616565	-41.4584510233	-44.7317262893	54.411698033	-55.9410534479	-48.7501462922	-53.772737552	-24.7370107531	-39.0848548652	48.4237309015	45.0320994742	-41.6235260837	-34.0885660871	87.3684685627	-56.7930623914	-43.1316123156	62.5161252902	57.9547654235	-37.8498927738	58.3742970569	-53.2329819598	-48.2333158787	52.1076334421	58.3949566403	64.1448246423	-34.0079837519	-43.6315598068	-37.3097256759	-48.3341441799	41.5153001103	-47.8254765194	-48.0495025753	-51.282435132	-33.5127500815	43.6979295863	-58.1040500551	-41.1291872512	43.3521079413	-46.7161167634
58.7214758399	55.5625053496	39.7385137766	-62.7358594999	62.9493194777	61.2521252034	46.5929004072	74.1367615887	55.9581641091	70.5912110904	54.2893322188	41.4729386518	55.1322218613	61.2546336071	-51.107130669	46.5494495474	63.1864670555	66.3522471234	50.2391779114	47.3737603125	-65.7669554262	-56.557797785	55.3164230129	44.2639121149	-56.7930623914	87.3684685627	50.1294338568	-61.4860947603	-59.009262652	56.8872976794	-62.8817536005	64.3209907874	59.8847433899	-64.0231149787	-58.3169687342	-67.5819962072	47.1770097619	57.0820164913	56.6421493175	65.1177630196	-52.698407947	61.4578867538	62.904182508	68.2849791522	52.0410250374	-47.9693188952	72.5507008344	59.8537419248	-48.7590644991	65.3239287399
41.4262281572	48.7713426056	26.4545575093	-50.6483091137	37.4752292361	43.0276751075	40.2312848522	51.6846292417	41.0602897524	54.3523942199	37.2862682867	50.7354702433	37.5394031503	43.6283988533	-43.9794042736	39.3064186159	42.9464546404	42.1673189831	47.3825598243	34.3076004367	-36.4959651003	-39.3517595798	35.0093219888	34.9456977366	-43.1316123156	50.1294338568	87.3684685627	-29.9521891085	-41.818058986	34.2394746082	-44.773958198	54.0570870105	34.4155326283	-45.8644607932	-45.5823691455	-47.8509240576	29.2772250274	38.0486221688	40.8562909325	43.5666498488	-36.0089628789	35.1936950795	39.8148876898	37.1011852618	29.2919705221	-42.0107053913	48.8643309163	34.3672227521	-34.8144515927	45.1817560108
-45.9740390339	-52.9855280432	-36.8379317872	49.0288628736	-51.9643685857	-52.3298056791	-32.3305424463	-59.7293685767	-42.4077087612	-56.5253542611	-33.5968937707	-28.3854516863	-43.3843218786	-42.9318329888	54.8443078075	-45.1990976534	-48.9839686144	-48.1964750761	-31.7287425495	-39.4916413011	50.4219890029	50.7828202756	-41.1441076303	-37.8596894825	62.5161252902	-61.4860947603	-29.9521891085	87.3684685627	54.5285308883	-47.0474949074	59.6234179972	-49.0654350723	-47.0054173586	60.4337339868	58.6180885128	64.7167179205	-36.6276000985	-50.2143373094	-36.0325553424	-59.5915717754	47.629500132	-55.9978506984	-50.562581565	-59.4826797239	-43.7171412427	51.4274762471	-61.1668691186	-44.5950538	43.3846895922	-50.2238355193
-40.1937111208	-48.9800141312	-20.3123235057	66.208162352	-46.4080392194	-62.0916258909	-33.5664213123	-65.6919600357	-32.0785341477	-58.4146025495	-39.53450705	-26.9603397545	-41.2961954897	-34.7836651522	44.7195688484	-45.6052680661	-36.3491433212	-46.1488739904	-33.747593226	-42.0356541195	53.9501570834	39.5532976535	-21.9168035853	-36.5479664115	57.9547654235	-59.009262652	-41.818058986	54.5285308883	87.3684685627	-36.4321757647	52.0267765881	-53.2583523722	-45.2841282805	39.7213925068	49.9706569032	60.7347403488	-34.1679910347	-43.8361178292	-28.0690440854	-43.3352899099	31.4456839215	-39.4162019723	-44.0037786971	-46.3578513447	-32.4622814946	38.5011285554	-60.4296584537	-42.42473799	54.5192365309	-41.6540589855
52.9591334947	44.6283209955	38.6026979525	-47.7922723216	49.8340286851	43.5329665203	25.4839911667	46.1827126761	49.2437997393	57.012477903	33.4486125527	38.2998514742	41.6071918387	52.6716471034	-57.1718922013	41.9330571824	58.2674094328	50.254006169	51.8304291806	43.9137652713	-46.6454206663	-38.1776876706	52.0727711689	36.0297436739	-37.8498927738	56.8872976794	34.2394746082	-47.0474949074	-36.4321757647	87.3684685627	-43.5327092527	54.9725470623	40.268187723	-51.9156600278	-41.2339232035	-52.9845597856	38.9338133449	58.4065071013	41.7063402482	57.8004703654	-52.1900351344	65.2688918577	53.781224681	59.007523073	55.978614631	-48.9057344662	53.1655235223	46.7220736984	-36.9628226531	50.8402723808
-45.7858238781	-51.6804951566	-26.8327851989	52.6452854307	-58.7143514628	-55.9122923828	-41.4805823136	-62.8946642905	-52.1608232877	-53.704826142	-30.6975814794	-23.6449060834	-53.6115903979	-42.352368793	54.3765084316	-36.589593764	-45.3365789023	-53.2686483853	-43.1660938029	-28.8599316631	56.0540185192	56.7947260919	-40.7511701983	-29.1688225648	58.3742970569	-62.8817536005	-44.773958198	59.6234179972	52.0267765881	-43.5327092527	87.3684685627	-55.393106979	-39.2148021655	51.2001541576	62.7492819651	65.746834369	-25.2074627015	-54.5720390563	-35.4240068905	-60.5316195507	44.820092904	-61.7551082316	-44.6103922243	-60.6198024541	-36.3143777689	40.8870871745	-56.883052211	-42.6812664627	54.9013595595	-52.9855187801
53.8327631061	58.4836074317	25.7332394372	-61.8844739693	51.6620681797	51.8753548421	43.1851879902	65.5602618304	56.4389728429	69.5024567028	48.9023000063	41.6638883979	46.8518442001	53.2260459758	-52.6843700288	51.1695990538	56.9282296456	65.6215064924	60.539699433	46.2019041948	-56.5293396572	-44.0395360052	43.6356142784	42.6851992352	-53.2329819598	64.3209907874	54.0570870105	-49.0654350723	-53.2583523722	54.9725470623	-55.393106979	87.3684685627	46.5158420841	-53.0282129439	-52.9744178391	-66.6328090133	37.5671947141	61.0639596912	36.99947726	62.5249874811	-49.8665536265	55.5736472866	52.3348417515	58.5270089546	54.7290942902	-49.1093800896	64.7503678163	49.709929333	-46.3495085555	60.7465266958
57.4814227392	55.4034486963	35.241316872	-46.0760044711	50.2465680119	51.6302289633	38.26642625	57.0921069032	38.1120708435	54.3245942989	53.0071752231	33.3256176995	54.7475738962	58.8627592051	-33.1495398471	44.7119202505	60.3319673865	52.3740577357	30.8605088267	38.7886436809	-46.0060060792	-32.7279743143	36.6046519447	23.1636837108	-48.2333158787	59.8847433899	34.4155326283	-47.0054173586	-45.2841282805	40.268187723	-39.2148021655	46.5158420841	87.3684685627	-45.498079021	-37.030607886	-48.6010455071	31.5702215042	39.9551897875	52.4831706331	48.6270792548	-43.592542555	35.5916713377	47.2795957581	51.084264801	49.7658754467	-35.9212011159	56.4544507444	35.5169228593	-30.292475541	56.5566078319
-52.8898716425	-50.1871702408	-43.9064862931	56.1588784537	-50.6485636721	-47.3982459696	-40.5285822456	-58.9560582725	-50.2950671223	-62.1746448679	-40.9985649304	-39.7662939394	-40.8024436271	-47.3014774137	56.8001469384	-49.030640414	-56.508355075	-43.5646117258	-38.7009882674	-32.2852245764	51.7591490236	51.3366216194	-56.7352165733	-42.9199607396	52.1076334421	-64.0231149787	-45.8644607932	60.4337339868	39.7213925068	-51.9156600278	51.2001541576	-53.0282129439	-45.498079021	87.3684685627	52.4026771414	63.0778888614	-50.4981392417	-41.2260056106	-48.1694327745	-58.782689784	62.3637355193	-54.5907561934	-57.5755992236	-57.4215480024	-44.9681332515	50.4826138916	-62.1338350692	-56.2333587886	41.6283291955	-54.7700159749
-48.9371497458	-59.1295401519	-44.8506786908	50.8526239608	-51.2143734831	-52.4453705586	-34.0756950217	-62.6677431378	-40.2967447909	-60.9497100132	-35.26534695	-39.7582198392	-49.8734379305	-38.6436587269	50.2588518774	-53.2850315973	-50.4078105982	-49.4711625751	-32.1274639074	-29.0592679063	48.355263939	66.540379179	-46.2158726975	-36.7726383968	58.3949566403	-58.3169687342	-45.5823691455	58.6180885128	49.9706569032	-41.2339232035	62.7492819651	-52.9744178391	-37.030607886	52.4026771414	87.3684685627	52.4530198972	-30.5620249136	-49.5873307309	-37.7258257957	-53.9762215616	44.1239509584	-55.2151973203	-47.9009764068	-57.7321379816	-41.7525429267	48.8453658075	-56.8631211581	-44.1471058115	49.4074031209	-42.6142174862
-50.0025193329	-56.8263981885	-24.4044451938	65.384729251	-55.7002021122	-58.5194040517	-39.7205680924	-69.9538445667	-51.8952685734	-61.631462427	-37.3186209884	-27.4621023433	-46.188283708	-49.5891272622	62.9913403978	-39.0093562428	-54.9274745596	-60.2711562011	-49.0530204452	-41.8752242948	60.723232447	46.8124965034	-47.5003875679	-38.9320710083	64.1448246423	-67.5819962072	-47.8509240576	64.7167179205	60.7347403488	-52.9845597856	65.746834369	-66.6328090133	-48.6010455071	63.0778888614	52.4530198972	87.3684685627	-30.6945223295	-53.1969645592	-34.5842438331	-63.7096801972	56.2017859471	-58.043472084	-50.5440643372	-61.3245036471	-46.5592092072	51.4654688193	-67.1780307695	-48.9480173394	52.0162740557	-59.5642575518
53.8647181824	31.3424788586	47.8125207902	-42.1184332253	47.2085232586	25.7346144219	42.0823629903	40.677190926	43.8946764182	56.1479068745	49.8179413747	41.1085466061	26.3688442783	45.8452282359	-30.2340653759	53.6379691519	48.5985745517	34.535347276	33.8874016505	41.0438398152	-33.3484728071	-20.5585279008	42.6592026618	52.9862625932	-34.0079837519	47.1770097619	29.2772250274	-36.6276000985	-34.1679910347	38.9338133449	-25.2074627015	37.5671947141	31.5702215042	-50.4981392417	-30.5620249136	-30.6945223295	87.3684685627	31.1441111457	44.1417840689	37.8475958631	-29.886054678	39.4397243392	57.2064050107	34.8376534576	34.9657546625	-39.6015560884	48.869099084	51.0237814919	-23.8172193207	39.6422464743
46.746478502	50.930424451	33.4455971385	-51.4470150568	57.2737194659	44.2064084681	34.2427282332	53.8208483596	51.9790927699	52.85979956	39.3342222427	36.1922323532	43.6106826677	44.6910865576	-51.2247518038	46.9175711318	55.4857068405	56.8357069271	50.414700242	45.8397633467	-44.6894393631	-42.1763484921	49.5068564031	25.9305191397	-43.6315598068	57.0820164913	38.0486221688	-50.2143373094	-43.8361178292	58.4065071013	-54.5720390563	61.0639596912	39.9551897875	-41.2260056106	-49.5873307309	-53.1969645592	31.1441111457	87.3684685627	46.5759929532	61.525061315	-47.9069708851	59.3659039875	48.6646946276	60.8334930573	51.4296700837	-51.5693336608	59.7872250167	42.7560461922	-36.5415214593	54.9153751432
57.1812932509	41.5591565684	46.0701666454	-42.5100276329	49.3609253622	37.5830501477	36.0928207257	50.3999210693	40.9327834012	52.9861158794	50.6413541405	51.4482802047	38.2701880335	52.3569150419	-32.8959616062	41.5244136304	58.6938245481	40.3805449382	38.7644194134	44.7473199183	-33.710151051	-33.6141678071	46.1718855453	30.312037047	-37.3097256759	56.6421493175	40.8562909325	-36.0325553424	-28.0690440854	41.7063402482	-35.4240068905	36.99947726	52.4831706331	-48.1694327745	-37.7258257957	-34.5842438331	44.1417840689	46.5759929532	87.3684685627	43.0160671069	-45.3722050176	38.1827439052	47.0073973407	49.6554425905	38.9182619644	-40.5780368176	54.7494210117	40.7026890123	-22.3705590193	43.7573953495
56.4683242178	63.2840136242	37.9503209763	-48.059707667	62.3056614073	49.967046565	52.0487094263	63.285432098	62.8770920857	64.6044815767	35.6088630497	41.5084315429	47.4122432967	54.4136743889	-56.7927916459	41.5990099323	66.6264985819	66.0480256696	53.6252485915	45.2016895903	-59.1169327156	-51.342099213	54.1123985773	35.6438550998	-48.3341441799	65.1177630196	43.5666498488	-59.5915717754	-43.3352899099	57.8004703654	-60.5316195507	62.5249874811	48.6270792548	-58.782689784	-53.9762215616	-63.7096801972	37.8475958631	61.525061315	43.0160671069	87.3684685627	-56.0560802439	64.6277924531	58.1821664571	65.5512218378	54.2371150653	-56.3384083727	65.9143166397	46.092325872	-48.1357630396	67.770461893
-50.2675322731	-48.1986664757	-36.3196208017	47.2856980223	-48.2310118682	-45.5919826471	-32.1747954882	-46.1248267519	-45.087065647	-52.8223609026	-29.0541951009	-32.8675568035	-39.6004106673	-47.1041734918	50.0999016827	-32.3146379993	-57.9609585683	-48.9868304964	-40.6510277085	-34.6127724358	36.5165280104	38.3349767078	-46.9349971504	-27.2263398127	41.5153001103	-52.698407947	-36.0089628789	47.629500132	31.4456839215	-52.1900351344	44.820092904	-49.8665536265	-43.592542555	62.3637355193	44.1239509584	56.2017859471	-29.886054678	-47.9069708851	-45.3722050176	-56.0560802439	87.3684685627	-47.2093724913	-44.7497965239	-55.529041077	-49.8757788016	51.6879745208	-52.283657624	-44.0369816744	33.1901794062	-42.5405073961
55.6335297562	44.9843619865	38.7292966401	-45.5881268031	56.826934207	43.8930682736	35.1926325753	57.6201711883	59.9442434663	60.5901077152	29.7444136295	25.6659289739	49.4555798598	55.0965072689	-55.326672313	41.5789912544	58.9272448038	59.2015061416	48.6095149475	39.2177116362	-52.4804313146	-52.8902525502	57.2173460788	34.7760991777	-47.8254765194	61.4578867538	35.1936950795	-55.9978506984	-39.4162019723	65.2688918577	-61.7551082316	55.5736472866	35.5916713377	-54.5907561934	-55.2151973203	-58.043472084	39.4397243392	59.3659039875	38.1827439052	64.6277924531	-47.2093724913	87.3684685627	59.4225261489	66.6965328546	39.7888955789	-46.1914018607	58.0416689022	47.3805878792	-51.7874494931	62.4434527482
68.7080441088	51.3162417246	55.0916482748	-49.0549335132	54.4402352652	51.7389513013	47.6451858555	63.2708709965	54.6296159816	65.3145762846	48.9441013629	48.8070184879	42.3818706592	56.0763647542	-47.5508752664	56.7714017149	62.5473663683	61.1768767801	44.4295526212	43.2106940432	-50.1005695114	-42.5736449417	51.847001283	49.3863429251	-48.0495025753	62.904182508	39.8148876898	-50.562581565	-44.0037786971	53.781224681	-44.6103922243	52.3348417515	47.2795957581	-57.5755992236	-47.9009764068	-50.5440643372	57.2064050107	48.6646946276	47.0073973407	58.1821664571	-44.7497965239	59.4225261489	87.3684685627	55.8271804258	45.4734770543	-43.5357845415	57.9808105202	50.509888803	-39.1549842678	52.1039762121
54.3995098172	56.9194887892	35.0614792056	-45.6237506456	55.0921405729	54.4040868116	35.4673945452	62.885426868	54.9863372456	60.1895372139	41.7360410986	35.2278143169	60.3268092751	54.4238342879	-51.8144530427	41.6495128749	62.1655797656	62.9277135869	45.4018441872	34.1402278952	-63.0736468185	-52.4669434623	56.0549437069	28.6457031134	-51.282435132	68.2849791522	37.1011852618	-59.4826797239	-46.3578513447	59.007523073	-60.6198024541	58.5270089546	51.084264801	-57.4215480024	-57.7321379816	-61.3245036471	34.8376534576	60.8334930573	49.6554425905	65.5512218378	-55.529041077	66.6965328546	55.8271804258	87.3684685627	49.5647611258	-39.7465388123	62.7245436907	41.2296132724	-48.0203990009	62.3299327597
52.1547526726	53.1599090895	39.9631718243	-46.8886723022	46.132499353	50.6076119699	36.583925058	48.9516274581	46.0894892012	56.7278482842	38.1762395107	41.4386486462	45.3883206617	40.7634138269	-47.5987799187	41.9986951645	55.4311557294	45.563721378	40.6262826915	31.5505518894	-37.7595523594	-33.1758987488	46.0978014214	31.9440599368	-33.5127500815	52.0410250374	29.2919705221	-43.7171412427	-32.4622814946	55.978614631	-36.3143777689	54.7290942902	49.7658754467	-44.9681332515	-41.7525429267	-46.5592092072	34.9657546625	51.4296700837	38.9182619644	54.2371150653	-49.8757788016	39.7888955789	45.4734770543	49.5647611258	87.3684685627	-44.5480417634	47.2081700687	42.3323228407	-39.8101825387	37.0517392908
-50.1648426865	-51.4895293039	-40.2004533334	55.7102435408	-50.5888215589	-26.5389894098	-37.8026839591	-48.0201991416	-37.5514673657	-53.5604332808	-33.9278344471	-35.649321818	-28.8818465604	-51.7324369204	50.9135885357	-44.2943007509	-55.3725829086	-37.7443536548	-37.4603461472	-49.5670217301	27.7842031184	35.1865270825	-47.863652432	-30.6636283619	43.6979295863	-47.9693188952	-42.0107053913	51.4274762471	38.5011285554	-48.9057344662	40.8870871745	-49.1093800896	-35.9212011159	50.4826138916	48.8453658075	51.4654688193	-39.6015560884	-51.5693336608	-40.5780368176	-56.3384083727	51.6879745208	-46.1914018607	-43.5357845415	-39.7465388123	-44.5480417634	87.3684685627	-63.1445263442	-45.7879637679	27.4873327256	-48.5914828241
55.3495885687	59.4521667731	39.819875991	-62.9190238163	63.0132913965	53.306198924	47.3079151119	72.0021056138	51.4665482741	69.6997905857	56.4604220569	40.9669536326	50.5775869689	63.2611813841	-54.639662199	51.8421210368	65.2554941873	62.7517354989	46.5864972213	53.1756660603	-62.5267130582	-54.2812635321	54.8796423751	38.8897657198	-58.1040500551	72.5507008344	48.8643309163	-61.1668691186	-60.4296584537	53.1655235223	-56.883052211	64.7503678163	56.4544507444	-62.1338350692	-56.8631211581	-67.1780307695	48.869099084	59.7872250167	54.7494210117	65.9143166397	-52.283657624	58.0416689022	57.9808105202	62.7245436907	47.2081700687	-63.1445263442	87.3684685627	51.806290842	-46.9418509753	70.1042244278
48.8822263426	37.56056605	41.9689490734	-50.0529517334	52.1868123861	40.3799290474	35.3116023604	50.1291216337	44.6792466744	59.4769381044	37.8224331317	36.3018868143	36.4782556589	42.5622487943	-46.9531120799	42.3804488835	44.4977201085	40.6783258925	42.2754680409	36.9935322698	-40.657142136	-40.5389676408	45.0816615438	45.7645599918	-41.1291872512	59.8537419248	34.3672227521	-44.5950538	-42.42473799	46.7220736984	-42.6812664627	49.709929333	35.5169228593	-56.2333587886	-44.1471058115	-48.9480173394	51.0237814919	42.7560461922	40.7026890123	46.092325872	-44.0369816744	47.3805878792	50.509888803	41.2296132724	42.3323228407	-45.7879637679	51.806290842	87.3684685627	-37.6218362877	44.4692667284
-40.5535611537	-43.5099158905	-23.6376763833	49.6802547934	-41.0223730178	-58.0225405558	-35.8198584619	-53.698652392	-47.9066423694	-55.7122442506	-13.5101713763	-25.0399306802	-49.3541704867	-28.7977382567	52.5900076983	-28.2053233568	-36.6146294141	-45.5242157584	-32.8380412591	-22.8060789711	52.9019334398	49.5319974149	-32.7623471448	-33.9618987254	43.3521079413	-48.7590644991	-34.8144515927	43.3846895922	54.5192365309	-36.9628226531	54.9013595595	-46.3495085555	-30.292475541	41.6283291955	49.4074031209	52.0162740557	-23.8172193207	-36.5415214593	-22.3705590193	-48.1357630396	33.1901794062	-51.7874494931	-39.1549842678	-48.0203990009	-39.8101825387	27.4873327256	-46.9418509753	-37.6218362877	87.3684685627	-38.3456584224
47.4115763955	49.1797905753	31.4937279828	-46.7722446652	55.8051787555	42.6205768829	44.8931377748	63.5636512425	58.0559425098	61.4500501125	45.9658347356	28.0996332357	49.2979915912	67.6282755632	-44.8054333995	38.9954711143	63.9012612698	65.5484887727	48.6921055566	47.5744867927	-62.9571958297	-49.6102060643	57.542421419	31.5756697303	-46.7161167634	65.3239287399	45.1817560108	-50.2238355193	-41.6540589855	50.8402723808	-52.9855187801	60.7465266958	56.5566078319	-54.7700159749	-42.6142174862	-59.5642575518	39.6422464743	54.9153751432	43.7573953495	67.770461893	-42.5405073961	62.4434527482	52.1039762121	62.3299327597	37.0517392908	-48.5914828241	70.1042244278	44.4692667284	-38.3456584224	87.3684685627
Genotype stats (X^T * X): 	58.9894736842
Gene expression - Genotype stats (Y^T * X): 
30.6511803182	12.7494001765	22.9063815049	-19.2109119942	9.2420165264	12.0667353568	18.9249070382	17.4224045159	26.7143167464	25.4703527189	15.1852265292	7.59832440205	11.0335228474	24.7296442564	-14.7346316315	11.7632192805	25.5758899033	19.8697403058	9.68245566043	18.2006535104	-14.3270305704	-9.23081729121	22.5011206932	12.0621047664	-10.6626306559	19.8081587308	8.61465609558	-13.7000025363	-8.85666903049	17.614882479	-12.9401468974	8.87045393332	10.8697320082	-24.9792054298	-10.2845849296	-14.1050827361	31.0920142649	16.1384300311	21.9613186846	23.3923248795	-18.0210113241	25.1240426737	23.9562155033	16.2311844009	15.1032944677	-22.6870679267	20.610839898	21.375857856	-16.247876332	21.8347871627