Tissue	braincortex
N_samples	95
Chr	19
Gene	ENSG00000170889.9
SNP	rs1651460
Gene_list	ENSG00000177600.4	ENSG00000115268.5	ENSG00000140988.11	ENSG00000171863.8	ENSG00000130255.8	ENSG00000166441.8	ENSG00000144713.8	ENSG00000110700.2	ENSG00000105640.8	ENSG00000221983.3	ENSG00000134419.11	ENSG00000137154.8	ENSG00000142676.8	ENSG00000198242.9	ENSG00000231500.2	ENSG00000124614.9	ENSG00000198755.6	ENSG00000125691.8	ENSG00000108298.5	ENSG00000168028.9	ENSG00000100316.11	ENSG00000105193.4	ENSG00000145592.9	ENSG00000131469.8	ENSG00000105372.2	ENSG00000140264.15	ENSG00000142937.7	ENSG00000265681.2	ENSG00000063177.8	ENSG00000087086.9	ENSG00000142541.12	ENSG00000142534.2	ENSG00000213741.4	ENSG00000162244.6	ENSG00000123349.9	ENSG00000170889.9	ENSG00000143947.8	ENSG00000108107.8	ENSG00000229117.4	ENSG00000092841.14	ENSG00000008988.5	ENSG00000083845.4	ENSG00000171858.13	ENSG00000125534.5	ENSG00000133318.9	ENSG00000149806.6	ENSG00000137818.7	ENSG00000172809.8	ENSG00000149273.10	ENSG00000138326.14	ENSG00000186468.8	ENSG00000167526.9	ENSG00000156482.6	ENSG00000114391.8	ENSG00000109475.12	ENSG00000118181.6	ENSG00000089157.11	ENSG00000136942.10	ENSG00000197958.8	ENSG00000112306.7	ENSG00000148303.12	ENSG00000104529.13	ENSG00000161016.11	ENSG00000164587.7	ENSG00000177954.7	ENSG00000182899.10	ENSG00000197756.5
Gene expression stats (Y^T * Y): 
87.3684685627	74.5756102197	63.4519321908	60.5018340054	72.951586699	65.3203929436	66.9378243928	48.8112615416	65.7741096674	63.5614836849	59.0309260289	64.4745936653	66.4048372804	72.9023199376	62.539265512	62.6010465362	40.8319961814	62.2229346732	72.2880466033	51.001854887	58.3542105122	73.931235652	77.4304615897	64.8840143354	77.4765238949	67.3881445365	61.9781319565	57.4885229647	62.0791717621	54.4828045204	75.9864731568	69.1764258117	61.1040956821	59.1061509473	56.7868905814	66.0708741567	62.7355098283	70.2738056986	65.6885343476	58.3479443578	51.3198355076	54.5485731772	61.7562482754	48.5358240626	-58.4426267228	75.7908058111	79.4921406066	77.5682845955	65.6090450346	53.1090173128	62.1311948321	68.5460376893	64.2059647284	54.6830056461	51.4439421548	55.972251078	42.09424132	67.1423344969	61.8040223799	60.8175120771	54.0927518667	66.6748486455	71.1367795659	53.7649840818	41.3633725413	58.9406939979	60.2051516567
74.5756102197	87.3684685627	69.013242566	59.7221535659	77.6826602537	68.0132327634	67.6418498249	53.8955945029	77.0320623423	62.6759225194	62.6038201961	65.5989160039	67.2894954368	69.5795598495	63.3690913604	72.0856170877	46.9276384006	61.8871808819	71.7301067479	57.3891414642	58.5525591745	78.3175457607	71.0800436395	69.8254640206	79.4919221207	67.7269537508	66.0535627172	61.3822149756	75.7539255802	62.1117861529	75.5562330658	72.585422821	68.948431364	64.2840929013	60.3268374832	73.0151245346	62.8879044003	78.1114030919	65.6609314477	50.7317695847	56.6076455405	65.4548355812	70.4344516752	57.1724886168	-61.6313242054	78.1912152615	79.7312366023	76.3932685713	66.8170057147	54.3708540527	62.8243907029	79.8817020769	64.030383628	59.9784697542	57.1674022548	58.103681294	50.1331465506	76.8312728485	59.8112792903	63.9043202473	53.9687732113	61.6294536055	72.9696703511	59.0455535073	55.3351915457	62.3953410457	65.7910758893
63.4519321908	69.013242566	87.3684685627	57.8759828768	65.9492254729	59.0707872545	61.7190394111	48.4552775681	69.0380604781	67.7946134652	59.3353427854	60.122697234	63.5444235428	59.7934155376	63.0456460262	65.0654265439	51.0455412167	56.6682579126	65.2017369382	65.1883449335	58.2417751775	71.659161283	62.2163923699	59.9577829438	74.2150299697	58.4909200087	60.1503379683	58.8086639846	66.2507031419	58.3646355756	71.346303718	67.0159616102	59.0695422066	60.2042990605	48.6742844701	62.7384553579	55.5850325017	70.1888853214	60.8138860716	55.529290741	55.6615235075	62.278756425	55.2257193282	51.1902658888	-57.16106214	68.1908775702	67.3726459539	64.4586917594	63.3211731228	44.4625340917	56.8843019132	67.5647810206	56.0728829592	55.7012826829	46.8737908552	48.6106832159	60.4584124027	62.6330067173	52.7135197223	60.5077965632	61.5576392679	54.1331082551	70.4376147344	52.348843137	51.2213520971	50.929816467	53.1541199815
60.5018340054	59.7221535659	57.8759828768	87.3684685627	67.574238295	69.1711065608	77.1198223751	68.5672487284	63.2364874741	57.8513444488	73.7960302243	72.42184159	66.3814274746	69.3060770425	73.983472428	66.5122455666	54.4442305679	73.2205725801	67.7705890437	64.3940480714	65.3927122348	71.1185799417	69.0698862792	75.6602725688	68.3544958095	57.0769891868	73.6119431404	73.3640631897	65.7905213657	50.3911158142	66.6666743474	73.5449980003	67.0334053873	64.1883422999	72.3373625588	60.3431005836	69.6570545371	57.1227634702	67.4141659881	44.5536375656	70.0287372102	63.3204593475	69.6648140896	34.0265497804	-44.2350682902	63.0852322579	63.7626633317	72.6795435057	68.2477815178	72.6363858473	66.7109408114	59.7712312442	67.3526657213	78.2333346355	71.9446283674	68.2400454212	62.9408778259	70.5635779494	63.0229998483	60.802255964	66.6521803215	48.8938616494	66.9377533639	58.5414163138	55.891588139	77.5632039495	55.0514541386
72.951586699	77.6826602537	65.9492254729	67.574238295	87.3684685627	65.2765216306	68.2959829207	52.1104649019	72.6115421162	64.1452570596	61.524766444	61.1209415933	60.9921061002	68.3944074909	67.3358467464	70.4447604784	47.5147948875	65.332953227	66.4235008141	57.4596322932	60.5514702964	73.7393977834	69.6981054359	73.3389619738	76.5187213167	64.0012561362	64.7087653121	62.6080795243	72.1241759006	53.0437121829	71.9484677691	69.7066474171	63.5063671583	63.703560884	60.5363815427	68.9713330019	59.619580668	70.295492761	68.6844184067	47.3483806994	53.745812487	63.087817598	71.6093349577	47.9939844385	-59.9969033676	77.5419782574	75.5278681227	76.0698632294	63.9216195868	55.6588736224	58.1659696186	72.7937439047	58.0819110769	64.2732957779	58.7227590668	57.4581784813	50.8457119603	74.8373485753	62.8669385285	55.5847879232	60.013142613	54.6153582018	74.6853312027	60.6103991567	45.6810926007	67.6243024682	56.8485970799
65.3203929436	68.0132327634	59.0707872545	69.1711065608	65.2765216306	87.3684685627	76.5377775078	72.0483476962	68.4759951227	60.2440863396	76.2182204707	78.0619751446	77.9910848501	73.6587269358	74.3300516463	74.0354847676	56.4408524601	67.0545184619	77.2958807408	63.8507313866	69.0207641024	72.5846710624	69.2764307483	77.9733774182	72.594403453	58.6176443098	77.9653408979	72.7300575741	73.9035568878	61.7842193424	71.8693279262	76.4705879884	76.7005065795	67.3839878005	76.2127580604	67.062571194	74.8086680722	70.6568755904	68.1747347545	49.8928071429	73.0419834905	66.5977227457	64.8548415963	47.3085353827	-54.408556162	66.3206211531	71.4395867243	72.8758109582	73.0626271699	75.3901927704	68.2794026625	69.2859318387	79.7635960099	74.5403023025	75.5697164208	75.3766640571	61.3791689718	78.7311100273	68.6921453434	74.8383327343	64.0158818537	52.3261752792	67.047768858	61.2215100986	68.7421432151	74.5614622182	60.2753466113
66.9378243928	67.6418498249	61.7190394111	77.1198223751	68.2959829207	76.5377775078	87.3684685627	75.5783626787	69.0423369388	67.5072127175	79.2736502133	79.6173294111	77.4458782105	77.9330138513	78.2218842084	75.9367297079	62.3291727146	78.3643928995	78.8889925766	71.1991823881	70.7895700886	75.7522049844	75.5863382922	81.638323348	74.3588766314	57.6948769898	79.8957208726	79.5600976327	74.9169030714	60.5153275842	73.8001591727	80.8360118514	77.7694904812	69.5939254262	79.1469498383	66.1516851382	78.1739602917	71.3218965783	75.8497991381	46.6685295899	75.6471841036	72.6179381562	71.3544650867	43.129183337	-49.3608686383	68.3786764574	69.952641046	78.3715957647	78.6881051515	76.4936437406	74.5243127019	68.516336893	78.919380009	78.9395100058	76.8955803448	73.6140334591	67.3057174871	77.1460083485	69.452920227	73.4043880387	73.7043862196	53.9649062571	69.6595630813	68.1529938901	65.9062406252	78.6366504742	66.9523374138
48.8112615416	53.8955945029	48.4552775681	68.5672487284	52.1104649019	72.0483476962	75.5783626787	87.3684685627	61.5819985499	59.1994032531	78.4292994591	76.0074099635	70.0800831824	67.7650498876	70.4786636934	70.8844125613	64.867889373	69.1991273576	67.4986933178	66.172110948	63.0450072689	63.1362618734	59.3626344731	76.0979273432	59.140327634	41.8881550607	75.9191541404	73.4310594702	66.7364844882	53.6875373606	56.8230883886	70.3392444587	73.7907698984	61.8163927709	72.0915285968	60.3011858836	74.845340684	58.0386636934	59.4560099518	37.3072402927	78.2274517031	67.9344133572	61.5139332515	35.8096843879	-33.6135668522	51.2282905599	55.2328089143	63.5662462142	72.4351432835	76.8366196861	72.8221353374	59.0326926747	75.4214448824	75.8083080392	75.9673347538	74.2912985065	67.1950749642	68.904480887	63.5766307392	70.8598602002	61.9466421976	40.1667954105	53.1669786894	59.111324394	72.2680752183	74.353128413	56.4902819337
65.7741096674	77.0320623423	69.0380604781	63.2364874741	72.6115421162	68.4759951227	69.0423369388	61.5819985499	87.3684685627	65.3440285548	68.2549860119	67.0950992437	68.4466631596	67.9555530059	66.6036315649	73.6019767463	59.9359873741	68.6714207776	68.9043564564	63.4000558782	66.4602137296	77.9485110863	65.1681617959	70.6823362456	73.5800999556	60.0772960025	69.9766649572	68.4994925082	76.1981864753	60.9423480945	75.6177694289	73.1394940412	71.0542512653	70.5243705531	58.834285938	69.2315424834	65.7469352341	76.1362017229	70.7429634201	49.7813039679	64.2030933601	73.4700839883	70.2206524796	53.5318448297	-52.9823800372	74.3880483874	74.1814678888	71.3582975016	69.4304569818	61.1447901676	66.147421624	76.1245307975	66.608443054	65.1643858417	60.1985944739	59.790181419	65.4885077531	73.7654893086	64.0793910907	63.2587612976	63.7132433798	55.5418880132	74.1836283803	58.3972373062	60.3738798001	66.3476100365	63.8941481873
63.5614836849	62.6759225194	67.7946134652	57.8513444488	64.1452570596	60.2440863396	67.5072127175	59.1994032531	65.3440285548	87.3684685627	63.9919290726	61.4279603615	66.9706590161	62.9213083203	64.1814312806	70.7783348464	61.5233484021	62.8054991017	67.6620886234	65.5471705115	62.3277924952	66.2410518835	64.5138667914	66.3873505077	64.2089563615	50.2683365915	59.906333232	59.9184435937	63.2494073743	50.1491018561	65.3615160665	66.9691763593	62.9206773377	62.1250707323	56.0540165291	64.4440526627	64.588487592	68.6202301127	63.600179358	52.9357372368	60.7576897963	69.2734816768	58.1281231424	52.2527200552	-39.5895451911	65.8310321023	60.487236546	64.3013889969	67.3113157123	52.9445690578	64.2927635924	63.9204582786	58.5366753962	58.7189794147	54.9111511755	54.5434227631	56.8486034543	63.481588493	66.6131399423	65.3892092561	66.1289129484	51.0015006606	68.371744279	57.6622903249	52.2197576655	61.1509392946	60.4345387594
59.0309260289	62.6038201961	59.3353427854	73.7960302243	61.524766444	76.2182204707	79.2736502133	78.4292994591	68.2549860119	63.9919290726	87.3684685627	80.159048015	77.6868221043	74.6648723367	75.8627591248	74.845670546	62.8290669795	76.2491620173	74.8261176342	67.5783272776	67.9739023671	73.6515240072	68.9489481995	78.6229824411	70.563048942	53.3961516604	79.0283065534	79.0544465751	73.5552677149	61.2454613185	70.1231006201	77.4839473608	77.3450162892	68.4879561762	72.7310213052	65.0496299742	77.88872107	66.9463128612	69.9437300448	51.0885050568	78.0006272429	69.8551886283	66.0684465536	45.097577833	-43.0775821705	63.2343342749	67.1897381003	72.3972975902	78.2675415605	76.7940360259	77.6254743247	67.126839773	79.2425164881	78.5622467318	75.3989184932	73.1494145862	69.1083947598	73.0702079435	66.8096870849	75.0753718067	69.3247508992	47.8995170124	63.204513255	61.398808511	72.0118051332	78.1366889874	63.7051402113
64.4745936653	65.5989160039	60.122697234	72.42184159	61.1209415933	78.0619751446	79.6173294111	76.0074099635	67.0950992437	61.4279603615	80.159048015	87.3684685627	80.7691356196	78.0454559753	77.4452687152	72.2248508862	61.7893986808	72.3365341174	80.511404752	66.4535548846	70.7549765614	75.5122095973	72.9201612322	77.3848973393	74.1681702202	57.3416795665	82.15759546	79.1767693794	75.2040787494	68.239655691	74.6071999547	79.1662248423	76.5072315391	64.2387545712	75.9060833607	65.7507913204	77.5960993071	71.0539966311	68.3181302409	49.3194361269	77.5261395306	67.5903433097	63.9926008314	44.6758177486	-52.5801009422	64.7096924209	69.7377041041	74.6752979204	78.5071993959	77.0267715592	73.9115527662	67.7115336076	84.0098873082	76.5430515959	76.723162688	76.7353751339	64.759807305	74.572641836	65.0615818142	78.131366629	66.442771755	52.825096756	65.6721670098	65.6788052984	70.8817783007	75.0611718377	61.4802702622
66.4048372804	67.2894954368	63.5444235428	66.3814274746	60.9921061002	77.9910848501	77.4458782105	70.0800831824	68.4466631596	66.9706590161	77.6868221043	80.7691356196	87.3684685627	75.0728969604	75.5611232123	74.7823677876	63.1286233524	70.8320133883	82.217828392	66.181495983	72.887189804	76.0366873482	73.7213922869	73.0587163184	75.1144881812	55.9655180573	78.6035775855	74.9089023135	73.2629669758	65.3729678364	76.1984289574	79.0881498887	77.8313380398	64.7199587665	71.0987002765	69.2673522906	76.2979139368	73.3336196004	69.0887111182	55.2875293003	73.285066301	72.5442820333	63.8872724945	48.4186147522	-51.427507758	67.4832924173	69.2306349921	74.5335845318	79.1977548821	69.8930968891	74.3515053796	70.5844875661	80.6157647213	69.2280771219	69.1292157228	68.4461610994	61.3850856405	73.5923970412	66.9254298464	80.8753048502	68.3019418221	57.8445656859	70.115268854	62.8783973009	69.1489694493	68.8530899002	68.1573006821
72.9023199376	69.5795598495	59.7934155376	69.3060770425	68.3944074909	73.6587269358	77.9330138513	67.7650498876	67.9555530059	62.9213083203	74.6648723367	78.0454559753	75.0728969604	87.3684685627	73.69862719	70.4528407197	57.0681409206	72.9540026283	76.4566320844	63.8313248265	67.0851553292	75.2922213031	77.9551521376	75.1316986595	76.0246969022	62.284470792	74.1471068975	74.5244006632	71.8015809299	63.2696120421	77.4397771323	78.1755633911	72.8649420713	64.51506302	70.6198817763	63.6218247626	74.7743022878	71.8230196628	71.9543284371	49.2679516999	69.1807160121	61.1903348791	66.7853364693	45.8705299659	-57.0054800852	68.9426683558	75.6516289072	77.3179570892	74.5429800788	71.7709988493	73.6890722702	69.0845160927	77.1727041328	69.2611547242	69.9475417599	73.8613318943	56.1480609809	72.6094751426	66.3924730614	72.1308857114	62.667243189	55.1395121378	68.5029300957	61.0412576839	58.7492466042	73.5932974683	62.6113946475
62.539265512	63.3690913604	63.0456460262	73.983472428	67.3358467464	74.3300516463	78.2218842084	70.4786636934	66.6036315649	64.1814312806	75.8627591248	77.4452687152	75.5611232123	73.69862719	87.3684685627	71.8978575381	59.6979633842	69.8303336555	76.4115349495	68.1281188492	66.7036139928	72.6700613646	71.2948262501	76.7635606385	72.1430369656	55.0729994372	75.1520532897	73.8855673365	72.4156430174	57.8158174115	70.7692545642	76.0933212469	73.2826717478	64.0290364043	71.9179625701	64.858522801	71.4961702303	68.6295216747	72.2445328799	47.1148504447	71.3150902908	70.0083026639	64.4962583002	42.5315913972	-55.104918121	67.5837302332	67.3322593776	73.780683082	73.5044423421	68.9067979081	69.0094416094	65.6056048266	74.4124892404	72.4751078131	70.7359743017	70.8941795765	63.0664642813	72.2377473303	65.7803925434	69.8034433474	66.9305902683	53.2290541276	68.8636446745	62.9244286782	63.9917448854	71.9652276114	59.6309985533
62.6010465362	72.0856170877	65.0654265439	66.5122455666	70.4447604784	74.0354847676	75.9367297079	70.8844125613	73.6019767463	70.7783348464	74.845670546	72.2248508862	74.7823677876	70.4528407197	71.8978575381	87.3684685627	65.730264549	69.2491626557	72.7403228914	72.0381481952	70.4752709086	73.4335162389	67.7730265592	79.6200006894	71.4969065151	54.8776131238	73.7317324599	71.2977798248	77.0755300856	61.2597522633	69.2800905372	74.8741597503	78.2986034218	72.4409219381	69.8877808183	72.5093730541	72.3661515675	72.4351662864	70.1098196769	50.0203020481	71.3530448593	74.3776858182	70.6929045803	50.2355148741	-49.2938774943	70.3172848382	69.1004058478	72.3918240845	73.8205674393	67.4488736566	69.6778611339	76.4126793302	70.7702464882	72.5102569466	69.696089976	66.7665907203	66.5406198457	79.0505080783	68.1274111328	74.3174821342	69.3751259199	46.4068184202	68.750688574	69.0341013427	66.8277549977	73.3117589182	64.1348308721
40.8319961814	46.9276384006	51.0455412167	54.4442305679	47.5147948875	56.4408524601	62.3291727146	64.867889373	59.9359873741	61.5233484021	62.8290669795	61.7893986808	63.1286233524	57.0681409206	59.6979633842	65.730264549	87.3684685627	63.0633447974	58.2480328974	64.270557665	69.217048064	53.9789265632	49.6701019672	61.7880777592	51.7207964787	27.1198155534	64.5399072209	66.6816967699	57.960732101	51.4035232316	53.6157170179	57.8476642068	64.7599829411	57.9803775185	58.1957487436	56.8793539343	65.2202666915	57.586247314	62.2031393675	34.9832214205	64.8082939115	67.1836564722	49.9351173549	48.1982545054	-24.095268413	51.4084144681	46.3319068704	52.3499602771	61.9423737237	60.8313894014	59.9910012614	56.5199870568	59.1818687534	62.0797941534	58.5457859327	56.9221254861	67.5274112106	57.5558581112	64.5661139615	63.0771994119	68.2817531133	25.8987284431	58.3649459339	58.3517958592	59.5819798362	59.4902885608	53.4993027802
62.2229346732	61.8871808819	56.6682579126	73.2205725801	65.332953227	67.0545184619	78.3643928995	69.1991273576	68.6714207776	62.8054991017	76.2491620173	72.3365341174	70.8320133883	72.9540026283	69.8303336555	69.2491626557	63.0633447974	87.3684685627	70.9105406467	61.4495953121	68.9190471634	70.4549526493	68.9327385026	75.3364935876	67.134803415	51.4868419726	77.0022256377	77.2213926889	67.7219750384	56.0477695698	69.375803927	74.342591023	70.4328818305	64.6281431056	70.0186457306	58.4662821118	72.828925253	65.2140022258	73.2288925388	49.5061773362	68.3816969529	66.7538028829	67.1753280172	37.5378429617	-34.8975836507	64.0930310379	63.9711571798	73.2242771849	73.8207081582	73.7379477216	70.5379414507	65.4108751141	71.3397860464	74.5653946363	70.3513732254	67.5413665085	62.3735979339	69.3528011261	66.121829523	65.4951743432	72.6747728792	50.7499660204	66.3033971644	61.8711406017	62.2113831832	74.735806092	67.0966062793
72.2880466033	71.7301067479	65.2017369382	67.7705890437	66.4235008141	77.2958807408	78.8889925766	67.4986933178	68.9043564564	67.6620886234	74.8261176342	80.511404752	82.217828392	76.4566320844	76.4115349495	72.7403228914	58.2480328974	70.9105406467	87.3684685627	62.8104040492	70.9620645772	77.7950505071	76.6423640619	75.1097817807	78.0840044205	62.1058007054	78.0934082659	72.0502657351	74.8037710668	64.7881781842	77.8436180479	80.6210877528	75.415066422	62.9606794597	72.1690846719	71.7418146465	75.2040760874	76.8139009052	70.5772631369	57.168808143	70.9017638031	70.153721511	65.2129150649	49.2760302987	-56.1574472267	73.0582517627	74.9738591745	76.6604579623	77.6880781239	69.2471356469	73.0412485694	72.6871048405	79.5430429199	68.3862182254	68.895401852	71.66082459	61.372428785	76.6740407405	68.7954248764	77.9730790795	67.9724205222	61.1237965661	71.0420907333	62.3806012351	66.2751429056	69.8602055217	66.8353651854
51.001854887	57.3891414642	65.1883449335	64.3940480714	57.4596322932	63.8507313866	71.1991823881	66.172110948	63.4000558782	65.5471705115	67.5783272776	66.4535548846	66.181495983	63.8313248265	68.1281188492	72.0381481952	64.270557665	61.4495953121	62.8104040492	87.3684685627	66.1311191674	65.1931458319	55.9688337701	68.7176188164	63.1745887842	46.1322154877	66.5274490727	70.1795845223	65.1500022213	56.6771307341	61.5836861885	69.6088875678	67.2412660122	65.2623041294	66.6310432749	55.6777283477	66.8806024733	62.1329165369	59.869601671	36.2334722464	69.5838282244	68.8784612301	58.2580685667	46.5521687311	-42.8165322421	52.9893338197	56.0883001203	59.7302739415	65.3457251484	62.430740073	60.5728312606	60.7150762732	63.4670737734	68.9006116849	64.3289811199	62.8743086853	65.8856287805	67.1690495854	57.1255639084	63.3584528144	66.8121064863	42.4890994857	60.6902761615	59.3004416631	60.5104627686	64.9109267146	52.2362148383
58.3542105122	58.5525591745	58.2417751775	65.3927122348	60.5514702964	69.0207641024	70.7895700886	63.0450072689	66.4602137296	62.3277924952	67.9739023671	70.7549765614	72.887189804	67.0851553292	66.7036139928	70.4752709086	69.217048064	68.9190471634	70.9620645772	66.1311191674	87.3684685627	65.2853203749	62.3017385185	68.5765765946	64.3059952202	40.5526370133	71.521835986	70.2255915279	67.5606871226	54.3358038207	69.0438591649	69.5070143295	68.4552977228	63.5389855914	68.3226702062	63.6499962426	68.9904115163	65.6691062877	65.6177611583	45.0754543851	68.6126965597	67.8986098314	58.6097888015	42.1549061405	-46.4615528014	63.5631825388	60.5642067013	63.9536543123	68.1990222163	66.5248027131	59.9180914186	65.1987009651	67.1253442183	69.3777747994	64.8175691537	65.1509323899	69.8610302636	69.1119738996	67.9789753605	66.430735893	70.3371123152	44.3360696103	68.0515974184	62.4587666772	57.5616597055	68.2086150489	54.0074300496
73.931235652	78.3175457607	71.659161283	71.1185799417	73.7393977834	72.5846710624	75.7522049844	63.1362618734	77.9485110863	66.2410518835	73.6515240072	75.5122095973	76.0366873482	75.2922213031	72.6700613646	73.4335162389	53.9789265632	70.4549526493	77.7950505071	65.1931458319	65.2853203749	87.3684685627	77.3234795384	73.9057519857	82.2506874541	70.9218567705	74.2689588225	71.0332075166	77.3144851686	68.4929167265	82.2178258229	81.9446889678	73.8789728442	66.8763945541	65.2344941358	73.4006991728	69.2419956987	76.3712766072	73.0711323249	60.2262816746	67.2118050674	70.5285368157	75.0394842475	51.5306150206	-61.25985011	76.6128455127	80.3760442746	80.3613411088	77.4539905824	62.967964082	73.0177985013	75.2332279194	73.635393546	66.4913406295	64.0246912085	64.1002490744	60.7276535661	75.1986762457	63.5910172711	70.6360325265	65.5847125689	63.4138957682	75.9464079998	62.4825351649	61.590649783	68.207513477	71.1546191174
77.4304615897	71.0800436395	62.2163923699	69.0698862792	69.6981054359	69.2764307483	75.5863382922	59.3626344731	65.1681617959	64.5138667914	68.9489481995	72.9201612322	73.7213922869	77.9551521376	71.2948262501	67.7730265592	49.6701019672	68.9327385026	76.6423640619	55.9688337701	62.3017385185	77.3234795384	87.3684685627	69.8848991556	78.1744996556	65.0411264374	68.6468919921	67.2638655143	66.3444434778	57.896711532	78.3562221186	75.0777858251	68.6742184082	59.4197089693	65.128663963	66.1035438648	70.0737528928	70.074244978	73.5882656454	58.2396429891	60.4654245197	60.4911760552	67.7948564443	42.0926663695	-60.0789800106	74.5141433499	75.4953340723	81.6415700474	73.9859185437	61.6139023108	71.0956903686	64.9022014648	72.6613511924	61.5368167417	59.8773728155	62.1298994258	49.2655260361	68.9213930219	65.6907281904	68.7920497391	62.338921935	60.5948241721	69.6727124352	59.001613603	50.9159728837	65.2669602005	68.4393054302
64.8840143354	69.8254640206	59.9577829438	75.6602725688	73.3389619738	77.9733774182	81.638323348	76.0979273432	70.6823362456	66.3873505077	78.6229824411	77.3848973393	73.0587163184	75.1316986595	76.7635606385	79.6200006894	61.7880777592	75.3364935876	75.1097817807	68.7176188164	68.5765765946	73.9057519857	69.8848991556	87.3684685627	73.6712178761	59.0311864895	79.5190369569	76.9225974531	76.0108328335	59.3132639591	70.0779185875	77.3747116895	77.1541387385	67.3263530244	77.8675850533	68.871179418	76.1510658225	70.107283245	72.2463962765	46.1621711223	73.6815746806	69.4511237631	72.341787984	42.9091622109	-50.3870918351	69.217187961	71.0052115509	76.1698305672	75.8256015174	74.8103923454	72.9619429356	72.3424021196	75.6794412367	80.0627740286	78.0412979688	74.2253563061	64.9395584814	80.4265653942	70.9406396338	73.0908672648	68.6341145669	47.5433844019	68.7628401422	67.5936895498	65.931341451	80.4746692816	62.6963695806
77.4765238949	79.4919221207	74.2150299697	68.3544958095	76.5187213167	72.594403453	74.3588766314	59.140327634	73.5800999556	64.2089563615	70.563048942	74.1681702202	75.1144881812	76.0246969022	72.1430369656	71.4969065151	51.7207964787	67.134803415	78.0840044205	63.1745887842	64.3059952202	82.2506874541	78.1744996556	73.6712178761	87.3684685627	69.6172059748	72.8758673424	70.063905936	74.6606140787	67.176188991	81.3154296659	78.1402414324	71.3817608821	62.323286052	64.1496390271	73.4290707774	69.0917375718	76.3845137129	71.8885248244	56.836645484	63.6030160895	65.2914139675	69.0793335443	53.5360723915	-67.5034583966	77.8078430809	81.0857915951	80.6513113513	74.0349631152	59.4786852734	69.7633506062	75.9712848481	71.7643330765	65.2275187283	61.1057640592	62.0397416616	56.8454877952	75.7017540257	63.7717521999	71.3793056669	62.4529653193	61.1996723268	75.2366638783	61.3385207729	57.4058408515	64.9918669367	66.1228265992
67.3881445365	67.7269537508	58.4909200087	57.0769891868	64.0012561362	58.6176443098	57.6948769898	41.8881550607	60.0772960025	50.2683365915	53.3961516604	57.3416795665	55.9655180573	62.284470792	55.0729994372	54.8776131238	27.1198155534	51.4868419726	62.1058007054	46.1322154877	40.5526370133	70.9218567705	65.0411264374	59.0311864895	69.6172059748	87.3684685627	56.0507852513	49.7663185693	61.5338801806	55.537408385	68.4569931535	66.3847461132	53.4275740915	47.3201759472	47.4609574998	58.6789637807	46.1334222141	60.1805348329	54.8375881844	56.7266572107	45.5821770257	45.855122852	62.5961845221	40.4077141801	-61.5853374977	64.4474306516	73.354023082	67.8568493331	57.2371911477	45.3475853235	57.3540241155	58.3958310556	56.5520900586	48.4164254642	48.5544230811	48.3714720722	36.9586248113	62.6771024485	47.4571642403	52.4085389371	39.7845247698	56.5274612222	63.7081907222	44.1938816155	37.6425173106	52.0141146631	48.5310499126
61.9781319565	66.0535627172	60.1503379683	73.6119431404	64.7087653121	77.9653408979	79.8957208726	75.9191541404	69.9766649572	59.906333232	79.0283065534	82.15759546	78.6035775855	74.1471068975	75.1520532897	73.7317324599	64.5399072209	77.0022256377	78.0934082659	66.5274490727	71.521835986	74.2689588225	68.6468919921	79.5190369569	72.8758673424	56.0507852513	87.3684685627	79.6738164702	76.5533384213	67.2342353183	72.7254866429	80.015555645	78.147233076	66.3587763348	76.5984949038	65.375760371	74.356624212	68.4550746131	69.9458554557	47.7707539316	75.6536663271	70.4936847522	68.2786741859	42.7637185388	-46.4024442629	65.7654499031	67.8334166048	73.7457832607	77.6584212573	77.3983009475	72.430798809	68.9861543228	80.4702135721	78.928839644	77.2369581957	75.5320327477	67.3612796544	76.5479347609	65.5237770262	73.3920076572	70.089935552	49.0440225651	68.0971389308	67.9786188999	72.9594204927	76.1024498871	64.5390525666
57.4885229647	61.3822149756	58.8086639846	73.3640631897	62.6080795243	72.7300575741	79.5600976327	73.4310594702	68.4994925082	59.9184435937	79.0544465751	79.1767693794	74.9089023135	74.5244006632	73.8855673365	71.2977798248	66.6816967699	77.2213926889	72.0502657351	70.1795845223	70.2255915279	71.0332075166	67.2638655143	76.9225974531	70.063905936	49.7663185693	79.6738164702	87.3684685627	73.0842580363	62.5682916568	72.1123256338	74.7984130013	71.3130856676	65.423816622	74.7689743611	58.0262243559	76.6146163115	67.6868931367	71.1683045313	40.3026406622	73.8706921172	68.6601220026	63.7424830659	42.6056076734	-44.7797355939	61.3743970998	64.477661411	71.2032683967	76.2813996531	76.3557680663	72.4975116819	64.6761820134	77.0013596134	79.0710349491	74.4330820121	71.6995981387	68.9417111648	71.0553185465	64.6272743265	70.7298908683	74.6051994039	46.2711721006	66.4047960637	62.6635451506	65.7497110339	75.4520952716	61.6964631788
62.0791717621	75.7539255802	66.2507031419	65.7905213657	72.1241759006	73.9035568878	74.9169030714	66.7364844882	76.1981864753	63.2494073743	73.5552677149	75.2040787494	73.2629669758	71.8015809299	72.4156430174	77.0755300856	57.960732101	67.7219750384	74.8037710668	65.1500022213	67.5606871226	77.3144851686	66.3444434778	76.0108328335	74.6606140787	61.5338801806	76.5533384213	73.0842580363	87.3684685627	69.5596834325	74.4291270496	78.5821792971	76.2442810584	70.2424916085	68.3135223788	69.1762723451	65.116427497	76.3266752461	69.3265465713	45.7351043652	70.7547795767	72.7666708391	70.1675259364	52.4443354498	-59.4128067266	72.4685673737	72.5955804836	73.0173666375	73.9695939865	67.1483817439	67.603928954	73.6553954526	73.390478204	72.7260795531	70.8956313775	69.141814592	68.9309328033	78.4945725597	61.9685088849	68.6432113905	66.1080498592	49.7990778792	72.9984154797	64.5170023307	70.1034631689	71.9139213089	62.9699368888
54.4828045204	62.1117861529	58.3646355756	50.3911158142	53.0437121829	61.7842193424	60.5153275842	53.6875373606	60.9423480945	50.1491018561	61.2454613185	68.239655691	65.3729678364	63.2696120421	57.8158174115	61.2597522633	51.4035232316	56.0477695698	64.7881781842	56.6771307341	54.3358038207	68.4929167265	57.896711532	59.3132639591	67.176188991	55.537408385	67.2342353183	62.5682916568	69.5596834325	87.3684685627	67.0294130638	69.6207562154	66.1516929978	56.9498472535	54.3968803619	58.2379811479	54.702822141	66.4770234712	61.3480974405	44.8537017992	58.7881767046	55.9705531387	53.9592629801	53.1072866013	-46.4532333146	57.241889405	60.7104228457	62.7403142204	64.1444255277	55.2911015152	58.60627226	61.5942121057	67.5683737699	58.0817076423	54.2119042581	55.1318684189	53.611766248	61.8939529554	45.2022183585	64.9773021701	55.259005479	41.4084809815	60.33905576	55.341523734	66.8630455917	53.3973036097	62.3681029847
75.9864731568	75.5562330658	71.346303718	66.6666743474	71.9484677691	71.8693279262	73.8001591727	56.8230883886	75.6177694289	65.3615160665	70.1231006201	74.6071999547	76.1984289574	77.4397771323	70.7692545642	69.2800905372	53.6157170179	69.375803927	77.8436180479	61.5836861885	69.0438591649	82.2178258229	78.3562221186	70.0779185875	81.3154296659	68.4569931535	72.7254866429	72.1123256338	74.4291270496	67.0294130638	87.3684685627	79.2066290759	68.8288068151	64.3166961467	63.2906323521	69.5486640589	67.4998871549	78.3367035065	72.6707185673	59.2606828622	62.3157781537	66.7182960749	68.0925444827	51.7282965613	-64.292626747	77.3539507438	79.0165753297	78.2470722778	75.7674215995	62.0584249213	69.6716060889	72.5876969339	73.1954528764	63.9423903979	61.0285361668	62.8971768745	58.7313223795	70.6586082473	64.5164067886	68.8535730649	66.6861821888	64.9605856747	77.6768874619	58.9125734349	55.0172048933	65.443720442	67.44136014
69.1764258117	72.585422821	67.0159616102	73.5449980003	69.7066474171	76.4705879884	80.8360118514	70.3392444587	73.1394940412	66.9691763593	77.4839473608	79.1662248423	79.0881498887	78.1755633911	76.0933212469	74.8741597503	57.8476642068	74.342591023	80.6210877528	69.6088875678	69.5070143295	81.9446889678	75.0777858251	77.3747116895	78.1402414324	66.3847461132	80.015555645	74.7984130013	78.5821792971	69.6207562154	79.2066290759	87.3684685627	78.8104895198	66.7161020886	73.0220304699	70.189358204	72.4374296661	73.9351031765	72.2358746155	55.1150740263	72.7874042187	71.4322248121	74.9520708903	46.4014460723	-56.4699883824	71.3589664409	74.8065542203	79.2125910813	78.3910132294	71.8639034477	74.1275791049	72.1633061942	78.005287597	72.5197939682	72.391809061	72.3469666525	64.8926366619	76.6732912003	63.7907290005	73.1889850235	68.5817331276	58.880606156	73.2900297931	66.5815716217	68.7155349752	74.1184313497	70.2966290664
61.1040956821	68.948431364	59.0695422066	67.0334053873	63.5063671583	76.7005065795	77.7694904812	73.7907698984	71.0542512653	62.9206773377	77.3450162892	76.5072315391	77.8313380398	72.8649420713	73.2826717478	78.2986034218	64.7599829411	70.4328818305	75.415066422	67.2412660122	68.4552977228	73.8789728442	68.6742184082	77.1541387385	71.3817608821	53.4275740915	78.147233076	71.3130856676	76.2442810584	66.1516929978	68.8288068151	78.8104895198	87.3684685627	66.9466189757	73.3434664319	70.4766622511	74.8208533918	70.3417517051	72.2841488486	45.2288198989	75.2219544457	71.4367823298	70.9299825569	46.9566816573	-46.326573204	67.6735653451	67.4410809225	73.6153792833	74.1893820893	72.6252903843	70.926594255	70.7513019691	78.5046661124	74.037803525	74.635990532	71.8783872539	63.9328916321	77.3940120248	66.0703038886	77.2131169937	63.7203184793	47.4351591574	66.2552211262	66.9331871669	75.4971496829	73.5567849224	70.636775979
59.1061509473	64.2840929013	60.2042990605	64.1883422999	63.703560884	67.3839878005	69.5939254262	61.8163927709	70.5243705531	62.1250707323	68.4879561762	64.2387545712	64.7199587665	64.51506302	64.0290364043	72.4409219381	57.9803775185	64.6281431056	62.9606794597	65.2623041294	63.5389855914	66.8763945541	59.4197089693	67.3263530244	62.323286052	47.3201759472	66.3587763348	65.423816622	70.2424916085	56.9498472535	64.3166961467	66.7161020886	66.9466189757	87.3684685627	60.6949036618	58.7058843076	62.4381484782	66.1825869867	65.0972434626	39.4047949024	67.2472544341	68.4882440164	58.2650796189	54.6260519479	-37.6370879417	62.953188547	62.359421096	64.6626375913	63.5512982866	65.2179047315	60.9585738156	67.1966960132	64.0075429336	68.7964856181	60.8918348934	63.3682933794	66.5478485574	69.3560984847	59.8752829663	58.9863843968	67.1859403122	43.2323554497	64.2687983916	57.9769112287	60.9315367136	68.9591533358	54.2080938939
56.7868905814	60.3268374832	48.6742844701	72.3373625588	60.5363815427	76.2127580604	79.1469498383	72.0915285968	58.834285938	56.0540165291	72.7310213052	75.9060833607	71.0987002765	70.6198817763	71.9179625701	69.8877808183	58.1957487436	70.0186457306	72.1690846719	66.6310432749	68.3226702062	65.2344941358	65.128663963	77.8675850533	64.1496390271	47.4609574998	76.5984949038	74.7689743611	68.3135223788	54.3968803619	63.2906323521	73.0220304699	73.3434664319	60.6949036618	87.3684685627	57.8194428628	75.8006748169	63.4032843277	65.4776645265	31.3232226265	73.8315246252	63.4297508297	65.9445866393	34.2937870978	-42.1644808144	58.8267677831	59.6529314965	70.2583739884	68.3864971679	78.0588348147	62.4773511709	61.15476768	75.7260862659	78.4260376024	81.0295968578	77.4490086274	59.1295079152	75.399566366	65.0280191794	67.7086940167	64.7871526634	45.0726581596	59.7760855055	64.7136079849	66.3199613857	76.9948652225	58.9114381618
66.0708741567	73.0151245346	62.7384553579	60.3431005836	68.9713330019	67.062571194	66.1516851382	60.3011858836	69.2315424834	64.4440526627	65.0496299742	65.7507913204	69.2673522906	63.6218247626	64.858522801	72.5093730541	56.8793539343	58.4662821118	71.7418146465	55.6777283477	63.6499962426	73.4006991728	66.1035438648	68.871179418	73.4290707774	58.6789637807	65.375760371	58.0262243559	69.1762723451	58.2379811479	69.5486640589	70.189358204	70.4766622511	58.7058843076	57.8194428628	87.3684685627	62.7705591611	70.0018337927	64.8916998949	54.6070933135	60.2543876788	69.7565393147	69.9283732088	52.5571517573	-53.9091894922	75.0337004113	70.9913379565	68.8954885647	70.4069255465	53.0516823201	65.3114202175	75.0413380995	63.2171789544	58.7670648032	56.8026517417	56.7258220417	54.8588339166	71.1693139085	64.5529982708	67.62333869	57.0520534069	54.7179732151	70.3209472829	61.1457251972	57.0002798057	62.6631603683	64.3789287919
62.7355098283	62.8879044003	55.5850325017	69.6570545371	59.619580668	74.8086680722	78.1739602917	74.845340684	65.7469352341	64.588487592	77.88872107	77.5960993071	76.2979139368	74.7743022878	71.4961702303	72.3661515675	65.2202666915	72.828925253	75.2040760874	66.8806024733	68.9904115163	69.2419956987	70.0737528928	76.1510658225	69.0917375718	46.1334222141	74.356624212	76.6146163115	65.116427497	54.702822141	67.4998871549	72.4374296661	74.8208533918	62.4381484782	75.8006748169	62.7705591611	87.3684685627	66.7745846943	68.7067497851	43.0534066489	73.5946860809	65.575355067	63.4088264557	42.14593918	-40.5782254912	60.4847499071	66.4455495389	71.2472145127	74.6723575571	75.6601226943	73.7841410574	66.7145604904	77.3207790202	72.5275506827	73.2935971538	72.4946152201	60.7848851991	72.6414684128	69.470322234	77.2907632396	65.86951866	50.3676538284	60.4096247782	59.9440222326	67.2057589225	73.647964704	64.0673173451
70.2738056986	78.1114030919	70.1888853214	57.1227634702	70.295492761	70.6568755904	71.3218965783	58.0386636934	76.1362017229	68.6202301127	66.9463128612	71.0539966311	73.3336196004	71.8230196628	68.6295216747	72.4351662864	57.586247314	65.2140022258	76.8139009052	62.1329165369	65.6691062877	76.3712766072	70.074244978	70.107283245	76.3845137129	60.1805348329	68.4550746131	67.6868931367	76.3266752461	66.4770234712	78.3367035065	73.9351031765	70.3417517051	66.1825869867	63.4032843277	70.0018337927	66.7745846943	87.3684685627	70.3507758345	49.3857109271	61.3560941991	68.7810124334	61.7381043204	62.1293754108	-55.9194020647	76.1612127277	74.7801989577	73.5793629461	69.731272147	59.8940544987	65.9598249645	76.3593691236	71.2415017407	62.9079540918	60.1449809433	62.6736566335	59.9984281153	74.2321631813	67.3542881933	70.0998352538	64.7274341301	60.4807454386	72.7150759465	59.6052634671	61.0718781009	64.2441507865	65.5661281596
65.6885343476	65.6609314477	60.8138860716	67.4141659881	68.6844184067	68.1747347545	75.8497991381	59.4560099518	70.7429634201	63.600179358	69.9437300448	68.3181302409	69.0887111182	71.9543284371	72.2445328799	70.1098196769	62.2031393675	73.2288925388	70.5772631369	59.869601671	65.6177611583	73.0711323249	73.5882656454	72.2463962765	71.8885248244	54.8375881844	69.9458554557	71.1683045313	69.3265465713	61.3480974405	72.6707185673	72.2358746155	72.2841488486	65.0972434626	65.4776645265	64.8916998949	68.7067497851	70.3507758345	87.3684685627	50.2767680164	64.0743948338	66.3811011994	64.4846061228	48.251885174	-48.3210391963	73.4043189543	68.9734540678	74.5046684895	70.1710136307	64.0767732185	67.6027862838	66.1147529411	68.8348880475	67.1230309059	62.377150747	60.0432873545	60.2672971588	69.3379138286	66.2302638259	65.5416182657	71.498952108	47.7285833136	72.2550735847	64.1193801303	58.5194927407	67.6869319595	70.720224389
58.3479443578	50.7317695847	55.529290741	44.5536375656	47.3483806994	49.8928071429	46.6685295899	37.3072402927	49.7813039679	52.9357372368	51.0885050568	49.3194361269	55.2875293003	49.2679516999	47.1148504447	50.0203020481	34.9832214205	49.5061773362	57.168808143	36.2334722464	45.0754543851	60.2262816746	58.2396429891	46.1621711223	56.836645484	56.7266572107	47.7707539316	40.3026406622	45.7351043652	44.8537017992	59.2606828622	55.1150740263	45.2288198989	39.4047949024	31.3232226265	54.6070933135	43.0534066489	49.3857109271	50.2767680164	87.3684685627	41.1761495461	48.0351023444	45.087770717	33.3376644432	-42.4766917409	58.439836263	58.6749402715	53.782135534	56.157619262	34.6300250157	52.8301954102	50.0175103605	46.1747483797	36.3448665942	30.7799832568	32.6205976764	38.2637534077	43.5011648374	42.0596835979	50.4557102919	44.9239707717	48.8612670389	54.744326113	37.5460235024	35.2421101123	38.275667638	48.8402915691
51.3198355076	56.6076455405	55.6615235075	70.0287372102	53.745812487	73.0419834905	75.6471841036	78.2274517031	64.2030933601	60.7576897963	78.0006272429	77.5261395306	73.285066301	69.1807160121	71.3150902908	71.3530448593	64.8082939115	68.3816969529	70.9017638031	69.5838282244	68.6126965597	67.2118050674	60.4654245197	73.6815746806	63.6030160895	45.5821770257	75.6536663271	73.8706921172	70.7547795767	58.7881767046	62.3157781537	72.7874042187	75.2219544457	67.2472544341	73.8315246252	60.2543876788	73.5946860809	61.3560941991	64.0743948338	41.1761495461	87.3684685627	68.069247778	62.0963400798	37.2218218677	-40.5870565312	54.6179806463	58.8635450375	64.2507611531	70.69819679	75.5700392273	69.0308344126	61.5106020417	75.4353787525	77.2209365591	76.2585817908	74.6830619557	71.3574752345	71.2007718695	63.0166661758	70.8748802014	64.8036088039	36.7462348787	57.8651455829	59.681494333	73.0716318547	74.6482454211	56.2303115836
