Tissue	braincortex
N_samples	95
Chr	12
Gene	ENSG00000166598.8
SNP	rs12369912
Gene_list	ENSG00000179218.9	ENSG00000120694.15	ENSG00000086061.11	ENSG00000096384.15	ENSG00000080824.14	ENSG00000166598.8	ENSG00000044574.7	ENSG00000116161.13	ENSG00000115541.6
Gene expression stats (Y^T * Y): 
87.3684685627	47.3079761092	46.1429361152	44.0195275266	43.1521496612	56.0703267256	70.7318809145	36.7157252147	52.7220630577
47.3079761092	87.3684685627	63.1180012504	61.8346244579	60.1555969418	60.554497369	56.750712797	51.9206148969	55.6440016196
46.1429361152	63.1180012504	87.3684685627	71.4653484923	77.4679792793	52.4928083394	60.9091776942	68.0271913546	45.9449500852
44.0195275266	61.8346244579	71.4653484923	87.3684685627	66.7352420636	56.7806236613	59.9353551736	65.6204608936	39.3138821387
43.1521496612	60.1555969418	77.4679792793	66.7352420636	87.3684685627	56.7155275642	56.1004447556	64.8484462072	49.6656497115
56.0703267256	60.554497369	52.4928083394	56.7806236613	56.7155275642	87.3684685627	65.50579829	58.5082870886	56.5057207255
70.7318809145	56.750712797	60.9091776942	59.9353551736	56.1004447556	65.50579829	87.3684685627	54.6472441791	48.3552074782
36.7157252147	51.9206148969	68.0271913546	65.6204608936	64.8484462072	58.5082870886	54.6472441791	87.3684685627	50.6892093828
52.7220630577	55.6440016196	45.9449500852	39.3138821387	49.6656497115	56.5057207255	48.3552074782	50.6892093828	87.3684685627
Genotype stats (X^T * X): 	8.32813263158
Gene expression - Genotype stats (Y^T * X): 
8.32194988022	11.0631394134	10.0872953204	8.14950564724	10.6228090533	10.0197182075	7.31909977348	10.8227798349	12.2477497759