Tissue	braincortex
N_samples	95
Chr	7
Gene	ENSG00000214253.4
SNP	rs10487887
Gene_list	ENSG00000169020.5	ENSG00000184221.8	ENSG00000167641.6	ENSG00000105379.5	ENSG00000172508.6	ENSG00000159713.6	ENSG00000214253.4	ENSG00000148341.13	ENSG00000090266.8
Gene expression stats (Y^T * Y): 
87.3684685627	52.1588997657	39.5024865501	43.3221364996	40.0855899992	46.9886670153	60.2703029426	31.1423864809	44.8195904426
52.1588997657	87.3684685627	52.4908699217	25.8442722407	52.8041168372	51.5229815109	52.4701154872	36.6424026932	36.0805296124
39.5024865501	52.4908699217	87.3684685627	23.1384835788	66.5953474047	59.922886395	53.3006671504	58.1944492243	21.5086005621
43.3221364996	25.8442722407	23.1384835788	87.3684685627	28.3149647149	37.372454104	59.2474794483	29.2710728827	39.6455805389
40.0855899992	52.8041168372	66.5953474047	28.3149647149	87.3684685627	60.6994270773	56.7133997342	50.2510948108	20.4153820258
46.9886670153	51.5229815109	59.922886395	37.372454104	60.6994270773	87.3684685627	59.999313812	41.8794596599	20.0967851691
60.2703029426	52.4701154872	53.3006671504	59.2474794483	56.7133997342	59.999313812	87.3684685627	52.9932432248	52.4596896349
31.1423864809	36.6424026932	58.1944492243	29.2710728827	50.2510948108	41.8794596599	52.9932432248	87.3684685627	28.5895430238
44.8195904426	36.0805296124	21.5086005621	39.6455805389	20.4153820258	20.0967851691	52.4596896349	28.5895430238	87.3684685627
Genotype stats (X^T * X): 	19.2
Gene expression - Genotype stats (Y^T * X): 
-4.46611228413	-8.14680030675	-4.92697602618	-8.74181902897	-6.37460406573	-7.82604000996	-14.2396470076	-4.46879906206	-6.50725854027