Tissue	braincortex
N_samples	95
Chr	11
Gene	ENSG00000064309.10
SNP	rs7124748
Gene_list	ENSG00000161992.5	ENSG00000132130.7	ENSG00000180660.6	ENSG00000140795.8	ENSG00000169174.9	ENSG00000171219.8	ENSG00000172349.12	ENSG00000110887.3	ENSG00000109943.4	ENSG00000064309.10	ENSG00000164778.4
Gene expression stats (Y^T * Y): 
87.3684685627	84.9674830394	82.0703290034	74.7352082974	80.1094502987	83.2602211103	79.5689616266	81.5494495446	86.2851105489	54.2596702056	83.7971465334
84.9674830394	87.3684685627	83.5703554845	78.1924892971	81.1359421206	84.6745505344	79.0998059314	83.5572607816	85.8427816327	53.5727797412	85.8146244122
82.0703290034	83.5703554845	87.3684685627	73.4995728993	80.1630486448	81.4250969052	79.1965492665	80.4475437284	83.869573211	53.8141393959	82.432939451
74.7352082974	78.1924892971	73.4995728993	87.3684685627	73.8947507056	76.3913419155	67.8223162144	74.1127433123	75.6262229353	53.1267550389	76.8294857532
80.1094502987	81.1359421206	80.1630486448	73.8947507056	87.3684685627	81.0274442915	76.1157105045	80.2034055329	80.5918343319	55.2092026056	80.6693505321
83.2602211103	84.6745505344	81.4250969052	76.3913419155	81.0274442915	87.3684685627	77.1864897297	83.2230618103	84.2302971722	56.0353946683	84.2261799967
79.5689616266	79.0998059314	79.1965492665	67.8223162144	76.1157105045	77.1864897297	87.3684685627	75.9129336477	80.6003517393	53.1108845318	77.8178764868
81.5494495446	83.5572607816	80.4475437284	74.1127433123	80.2034055329	83.2230618103	75.9129336477	87.3684685627	82.4183043819	55.2084833942	83.1145957278
86.2851105489	85.8427816327	83.869573211	75.6262229353	80.5918343319	84.2302971722	80.6003517393	82.4183043819	87.3684685627	52.549428604	84.8218068449
54.2596702056	53.5727797412	53.8141393959	53.1267550389	55.2092026056	56.0353946683	53.1108845318	55.2084833942	52.549428604	87.3684685627	53.2166774
83.7971465334	85.8146244122	82.432939451	76.8294857532	80.6693505321	84.2261799967	77.8178764868	83.1145957278	84.8218068449	53.2166774	87.3684685627
Genotype stats (X^T * X): 	39.7473684211
Gene expression - Genotype stats (Y^T * X): 
1.35051587227	-0.459311778611	-0.245378431406	4.33755347207	2.7280526198	0.741684004074	4.62289993015	1.72330052888	-0.519826494211	33.9636740821	0.718282990617