Tissue	braincortex
N_samples	95
Chr	1
Gene	ENSG00000173110.6
SNP	rs71519209
Gene_list	ENSG00000108342.8	ENSG00000105409.11	ENSG00000087074.7	ENSG00000149257.9	ENSG00000140403.8	ENSG00000173110.6	ENSG00000162772.12
Gene expression stats (Y^T * Y): 
87.3684685627	44.3735684755	56.1474583912	54.7791651715	47.4621266764	63.3453414635	52.3209342563
44.3735684755	87.3684685627	50.0590700148	48.3650915727	31.6802155797	54.3698478892	41.1498050406
56.1474583912	50.0590700148	87.3684685627	63.6682781452	51.253893701	68.2392603225	70.6532130884
54.7791651715	48.3650915727	63.6682781452	87.3684685627	71.0100013568	75.0705813137	52.268312651
47.4621266764	31.6802155797	51.253893701	71.0100013568	87.3684685627	63.301536202	43.9639597326
63.3453414635	54.3698478892	68.2392603225	75.0705813137	63.301536202	87.3684685627	61.4392104484
52.3209342563	41.1498050406	70.6532130884	52.268312651	43.9639597326	61.4392104484	87.3684685627
Genotype stats (X^T * X): 	33.2657161474
Gene expression - Genotype stats (Y^T * X): 
-9.92646719264	-14.7886723962	-20.0363417041	-18.4723808305	-15.4311669785	-20.8979773125	-15.7202141552