Tissue	braincortex
N_samples	95
Chr	19
Gene	ENSG00000142409.4
SNP	rs11667190
Gene_list	ENSG00000179965.7	ENSG00000179673.3	ENSG00000170604.3	ENSG00000261221.1	ENSG00000142409.4	ENSG00000131188.7
Gene expression stats (Y^T * Y): 
87.3684685627	50.5943594964	35.853714051	48.6239071943	56.3865643106	61.0517215344
50.5943594964	87.3684685627	39.9606030625	58.205287293	54.1901941762	62.4578755026
35.853714051	39.9606030625	87.3684685627	54.7548657807	54.8588000714	39.7752287087
48.6239071943	58.205287293	54.7548657807	87.3684685627	54.2909647779	54.6889872111
56.3865643106	54.1901941762	54.8588000714	54.2909647779	87.3684685627	52.881247279
61.0517215344	62.4578755026	39.7752287087	54.6889872111	52.881247279	87.3684685627
Genotype stats (X^T * X): 	10.5790912211
Gene expression - Genotype stats (Y^T * X): 
-7.43238777499	-3.81921011218	-8.21920905053	-8.10322776405	-10.0459961845	-4.27217567881