Tissue	braincortex
N_samples	95
Chr	9
Gene	ENSG00000148082.5
SNP	rs62547823
Gene_list	ENSG00000155034.14	ENSG00000112137.12	ENSG00000137486.12	ENSG00000148082.5	ENSG00000176406.16	ENSG00000157985.13
Gene expression stats (Y^T * Y): 
87.3684685627	28.0135264801	38.9895633202	59.1169737201	42.8354636735	52.3248658203
28.0135264801	87.3684685627	56.0613875179	55.8244937498	32.4278732973	43.8978580571
38.9895633202	56.0613875179	87.3684685627	57.1896097348	34.5860487457	41.9974705444
59.1169737201	55.8244937498	57.1896097348	87.3684685627	58.0100436954	52.7229329637
42.8354636735	32.4278732973	34.5860487457	58.0100436954	87.3684685627	41.2239594859
52.3248658203	43.8978580571	41.9974705444	52.7229329637	41.2239594859	87.3684685627
Genotype stats (X^T * X): 	8.14736842105
Gene expression - Genotype stats (Y^T * X): 
-5.20072968275	-5.28350719928	-4.71602147368	-9.55685006472	-8.01726154396	-5.13647014087