Tissue	braincortex
N_samples	95
Chr	20
Gene	ENSG00000125534.5
SNP	rs150998792
Gene_list	ENSG00000115268.5	ENSG00000105640.8	ENSG00000105372.2	ENSG00000063177.8	ENSG00000087086.9	ENSG00000162244.6	ENSG00000170889.9	ENSG00000108107.8	ENSG00000125534.5	ENSG00000149806.6	ENSG00000167526.9
Gene expression stats (Y^T * Y): 
87.3684685627	77.0320623423	79.4919221207	75.7539255802	62.1117861529	64.2840929013	73.0151245346	78.1114030919	57.1724886168	78.1912152615	79.8817020769
77.0320623423	87.3684685627	73.5800999556	76.1981864753	60.9423480945	70.5243705531	69.2315424834	76.1362017229	53.5318448297	74.3880483874	76.1245307975
79.4919221207	73.5800999556	87.3684685627	74.6606140787	67.176188991	62.323286052	73.4290707774	76.3845137129	53.5360723915	77.8078430809	75.9712848481
75.7539255802	76.1981864753	74.6606140787	87.3684685627	69.5596834325	70.2424916085	69.1762723451	76.3266752461	52.4443354498	72.4685673737	73.6553954526
62.1117861529	60.9423480945	67.176188991	69.5596834325	87.3684685627	56.9498472535	58.2379811479	66.4770234712	53.1072866013	57.241889405	61.5942121057
64.2840929013	70.5243705531	62.323286052	70.2424916085	56.9498472535	87.3684685627	58.7058843076	66.1825869867	54.6260519479	62.953188547	67.1966960132
73.0151245346	69.2315424834	73.4290707774	69.1762723451	58.2379811479	58.7058843076	87.3684685627	70.0018337927	52.5571517573	75.0337004113	75.0413380995
78.1114030919	76.1362017229	76.3845137129	76.3266752461	66.4770234712	66.1825869867	70.0018337927	87.3684685627	62.1293754108	76.1612127277	76.3593691236
57.1724886168	53.5318448297	53.5360723915	52.4443354498	53.1072866013	54.6260519479	52.5571517573	62.1293754108	87.3684685627	53.9761258362	59.4419706557
78.1912152615	74.3880483874	77.8078430809	72.4685673737	57.241889405	62.953188547	75.0337004113	76.1612127277	53.9761258362	87.3684685627	73.9852867682
79.8817020769	76.1245307975	75.9712848481	73.6553954526	61.5942121057	67.1966960132	75.0413380995	76.3593691236	59.4419706557	73.9852867682	87.3684685627
Genotype stats (X^T * X): 	10.8903827368
Gene expression - Genotype stats (Y^T * X): 
8.67615005142	6.41518540612	7.54752171334	6.36235183678	8.00065622651	6.70126889028	6.5225718553	7.32225975994	11.8204645937	6.30033778703	6.48880994214