Tissue	braincortex
N_samples	95
Chr	7
Gene	ENSG00000185274.7
SNP	rs7801657
Gene_list	ENSG00000167654.13	ENSG00000204310.6	ENSG00000133424.16	ENSG00000100321.10	ENSG00000185274.7	ENSG00000198794.7	ENSG00000148798.5	ENSG00000166111.5
Gene expression stats (Y^T * Y): 
87.3684685627	57.5395584303	43.7378274218	50.5151407573	62.7829356524	50.102586209	-38.3006166432	51.2295861915
57.5395584303	87.3684685627	36.9228451488	50.3527790735	59.4981716121	39.6109550333	-36.61515428	55.7395218092
43.7378274218	36.9228451488	87.3684685627	28.9604947444	53.2739695605	38.8878828888	-52.4876046689	47.4497203713
50.5151407573	50.3527790735	28.9604947444	87.3684685627	57.7598732742	50.6823220781	-28.6259030748	58.0657034411
62.7829356524	59.4981716121	53.2739695605	57.7598732742	87.3684685627	53.4024042628	-53.0285248888	66.5218354612
50.102586209	39.6109550333	38.8878828888	50.6823220781	53.4024042628	87.3684685627	-30.0113169248	45.3467887773
-38.3006166432	-36.61515428	-52.4876046689	-28.6259030748	-53.0285248888	-30.0113169248	87.3684685627	-49.0052662333
51.2295861915	55.7395218092	47.4497203713	58.0657034411	66.5218354612	45.3467887773	-49.0052662333	87.3684685627
Genotype stats (X^T * X): 	51.9578947368
Gene expression - Genotype stats (Y^T * X): 
-14.2195549204	-19.0347825705	-12.523332858	-12.6910818717	-25.4422407037	-6.47758999722	15.6396992371	-21.9106325188