Tissue	braincortex
N_samples	95
Chr	17
Gene	ENSG00000089558.4
SNP	rs8071671
Gene_list	ENSG00000089558.4	ENSG00000177453.3	ENSG00000105516.6	ENSG00000164086.8	ENSG00000125510.11	ENSG00000062282.10	ENSG00000100593.13	ENSG00000159208.11
Gene expression stats (Y^T * Y): 
87.3684685627	55.2167886501	59.4739348433	56.5715989576	64.5914622722	58.4487286827	52.5454582147	57.5384272705
55.2167886501	87.3684685627	41.0574918787	41.4670355628	49.6153909049	49.4264880142	37.4560117252	50.7674561465
59.4739348433	41.0574918787	87.3684685627	41.9824808234	58.9143768148	46.442071525	32.4256452431	61.6406169477
56.5715989576	41.4670355628	41.9824808234	87.3684685627	47.8064176852	42.409706465	38.0654492312	33.8516554646
64.5914622722	49.6153909049	58.9143768148	47.8064176852	87.3684685627	62.3578634518	23.3538299519	67.1532960863
58.4487286827	49.4264880142	46.442071525	42.409706465	62.3578634518	87.3684685627	40.3891572754	51.7505807972
52.5454582147	37.4560117252	32.4256452431	38.0654492312	23.3538299519	40.3891572754	87.3684685627	24.0355522951
57.5384272705	50.7674561465	61.6406169477	33.8516554646	67.1532960863	51.7505807972	24.0355522951	87.3684685627
Genotype stats (X^T * X): 	40.9844194316
Gene expression - Genotype stats (Y^T * X): 
-21.4442024461	-16.1298651396	-13.5845180659	-13.6355602506	-11.4373684464	-15.8654808884	-12.9840978236	-10.2809861412