Tissue	braincortex
N_samples	95
Chr	6
Gene	ENSG00000204257.10
SNP	rs77318243
Gene_list	ENSG00000204482.6	ENSG00000204472.8	ENSG00000204287.9	ENSG00000242574.4	ENSG00000204257.10	ENSG00000204252.8	ENSG00000011600.7	ENSG00000137841.7	ENSG00000095970.12
Gene expression stats (Y^T * Y): 
87.3684685627	59.6200604401	53.7081010038	59.7715909352	56.425484202	50.8929317767	61.0917312121	55.1855955488	64.2647888466
59.6200604401	87.3684685627	64.9384309383	57.6838956486	53.5241587958	35.7998593041	75.0712784683	64.1520519865	65.9561070919
53.7081010038	64.9384309383	87.3684685627	56.4823843048	54.2288458823	44.3413660745	74.0538237625	54.8712244035	59.4471188274
59.7715909352	57.6838956486	56.4823843048	87.3684685627	73.1652872677	54.9998476216	59.5434131639	69.3324474064	59.0863965581
56.425484202	53.5241587958	54.2288458823	73.1652872677	87.3684685627	55.0540063487	55.2570924423	55.5699356147	52.4419848484
50.8929317767	35.7998593041	44.3413660745	54.9998476216	55.0540063487	87.3684685627	42.0274899754	38.8196055006	49.1986208094
61.0917312121	75.0712784683	74.0538237625	59.5434131639	55.2570924423	42.0274899754	87.3684685627	61.7768421672	74.5649191644
55.1855955488	64.1520519865	54.8712244035	69.3324474064	55.5699356147	38.8196055006	61.7768421672	87.3684685627	53.8832295717
64.2647888466	65.9561070919	59.4471188274	59.0863965581	52.4419848484	49.1986208094	74.5649191644	53.8832295717	87.3684685627
Genotype stats (X^T * X): 	12.6315789474
Gene expression - Genotype stats (Y^T * X): 
6.50479570419	1.58728444928	1.84438367933	12.8033656205	16.9651942611	6.16154219139	2.50476382455	1.56574762067	4.72412446146