Tissue	braincortex
N_samples	95
Chr	10
Gene	ENSG00000123243.10
SNP	rs2104575
Gene_list	ENSG00000123243.10	ENSG00000020181.13	ENSG00000116678.14	ENSG00000127083.7	ENSG00000105974.7	ENSG00000120279.6	ENSG00000117868.11	ENSG00000143248.8
Gene expression stats (Y^T * Y): 
87.3684685627	56.418488054	53.7015638964	52.7669277909	56.4111489723	58.2081279242	56.8412113007	52.6157894993
56.418488054	87.3684685627	52.0582432219	45.0166639165	58.0996700551	52.3417111091	47.3627678183	28.5490420156
53.7015638964	52.0582432219	87.3684685627	52.5025012612	40.0718123572	54.0894910108	46.809854809	20.0624008449
52.7669277909	45.0166639165	52.5025012612	87.3684685627	54.2565771915	33.640212836	42.5134747354	25.7211287736
56.4111489723	58.0996700551	40.0718123572	54.2565771915	87.3684685627	35.9951394066	38.8649185359	36.1428781015
58.2081279242	52.3417111091	54.0894910108	33.640212836	35.9951394066	87.3684685627	49.0446296463	27.320514551
56.8412113007	47.3627678183	46.809854809	42.5134747354	38.8649185359	49.0446296463	87.3684685627	35.6591149443
52.6157894993	28.5490420156	20.0624008449	25.7211287736	36.1428781015	27.320514551	35.6591149443	87.3684685627
Genotype stats (X^T * X): 	38.3578947368
Gene expression - Genotype stats (Y^T * X): 
-19.1707985025	-9.79812555333	-8.21625363237	-8.40459710141	-6.77328694275	-13.0068326305	-2.75963931057	-5.97862316321