Tissue	braincortex
N_samples	95
Chr	16
Gene	ENSG00000242173.4
SNP	rs55705600
Gene_list	ENSG00000242173.4	ENSG00000167468.12	ENSG00000099624.3	ENSG00000178531.4	ENSG00000127445.9	ENSG00000105701.11	ENSG00000121753.8	ENSG00000101460.8	ENSG00000174521.7	ENSG00000108309.8	ENSG00000149091.11	ENSG00000175602.2	ENSG00000171159.4	ENSG00000152082.9	ENSG00000143774.12
Gene expression stats (Y^T * Y): 
87.3684685627	56.6453119644	52.5803816714	63.7020430205	60.4314095449	56.7910977431	52.6918298634	55.8638972673	56.6138257964	52.5688658308	65.4549083885	54.7184883934	58.9672646376	53.9259717058	57.4777186396
56.6453119644	87.3684685627	55.7545906931	46.6525295839	51.6280902907	46.7692749438	23.519771518	33.8508502172	33.710753423	37.1335562358	34.7429859088	55.3629770561	56.9239560202	66.0947843312	59.6282388604
52.5803816714	55.7545906931	87.3684685627	54.8640135198	44.4084663858	56.0432210704	43.7327134292	50.2854709206	54.8261978548	40.2105935536	45.2365553279	70.6052697272	52.6830102079	68.76116007	47.970571589
63.7020430205	46.6525295839	54.8640135198	87.3684685627	43.9217772328	48.5347171004	55.9823649818	58.9731593642	69.3148260988	49.9255936378	65.4422921396	65.761521899	49.2635462701	53.0295757739	59.5251454277
60.4314095449	51.6280902907	44.4084663858	43.9217772328	87.3684685627	55.5541124449	38.6561956752	43.2194014431	26.8205982606	48.8356431571	46.9571836328	46.3922582204	56.0303851587	46.1519679684	42.5863636648
56.7910977431	46.7692749438	56.0432210704	48.5347171004	55.5541124449	87.3684685627	39.1795440172	34.8437731348	35.4939217644	55.7828816812	57.2517054357	44.7681966331	55.4027455478	57.0228177601	44.372205037
52.6918298634	23.519771518	43.7327134292	55.9823649818	38.6561956752	39.1795440172	87.3684685627	37.9138657706	43.8270982894	49.9351075976	65.4097779928	30.3903381223	45.912209578	27.5109079321	35.6630981617
55.8638972673	33.8508502172	50.2854709206	58.9731593642	43.2194014431	34.8437731348	37.9138657706	87.3684685627	57.4981907248	18.8524845249	47.3674893852	58.1950771266	32.8604578452	38.3126560422	44.6517724458
56.6138257964	33.710753423	54.8261978548	69.3148260988	26.8205982606	35.4939217644	43.8270982894	57.4981907248	87.3684685627	36.5160873389	56.5019992583	66.5976268916	38.7358329136	43.9577209906	47.8208097486
52.5688658308	37.1335562358	40.2105935536	49.9255936378	48.8356431571	55.7828816812	49.9351075976	18.8524845249	36.5160873389	87.3684685627	55.5538287636	35.4964493946	51.1965736181	37.3391130196	34.1899832805
65.4549083885	34.7429859088	45.2365553279	65.4422921396	46.9571836328	57.2517054357	65.4097779928	47.3674893852	56.5019992583	55.5538287636	87.3684685627	45.1273417886	55.7211569615	40.0986030214	50.5299345879
54.7184883934	55.3629770561	70.6052697272	65.761521899	46.3922582204	44.7681966331	30.3903381223	58.1950771266	66.5976268916	35.4964493946	45.1273417886	87.3684685627	49.6720740933	67.7539851614	59.4103279131
58.9672646376	56.9239560202	52.6830102079	49.2635462701	56.0303851587	55.4027455478	45.912209578	32.8604578452	38.7358329136	51.1965736181	55.7211569615	49.6720740933	87.3684685627	59.7567071369	61.1216160382
53.9259717058	66.0947843312	68.76116007	53.0295757739	46.1519679684	57.0228177601	27.5109079321	38.3126560422	43.9577209906	37.3391130196	40.0986030214	67.7539851614	59.7567071369	87.3684685627	65.5625952432
57.4777186396	59.6282388604	47.970571589	59.5251454277	42.5863636648	44.372205037	35.6630981617	44.6517724458	47.8208097486	34.1899832805	50.5299345879	59.4103279131	61.1216160382	65.5625952432	87.3684685627
Genotype stats (X^T * X): 	18.8842105263
Gene expression - Genotype stats (Y^T * X): 
-14.5414218511	-7.77560448953	-10.3239712933	-14.5024047241	-8.91400870721	-10.8016962131	-11.3183159097	-9.93479285368	-10.3153703843	-6.83784206196	-13.2000540713	-12.2114552523	-7.59279640964	-11.0464211574	-8.46451880102