Tissue	braincortex
N_samples	95
Chr	20
Gene	ENSG00000125817.7
SNP	rs12480978
Gene_list	ENSG00000176533.8	ENSG00000125817.7	ENSG00000101265.11	ENSG00000174939.6	ENSG00000114853.9	ENSG00000154945.6	ENSG00000135720.8	ENSG00000124374.8	ENSG00000107829.9	ENSG00000179295.11	ENSG00000064393.11	ENSG00000169554.12	ENSG00000146063.14
Gene expression stats (Y^T * Y): 
87.3684685627	52.4906311476	48.3094369761	56.1069003036	34.3900549385	44.7744221311	39.2440931422	38.1975698767	34.8707786718	46.3821934996	42.7467267409	40.0917090494	28.1941992185
52.4906311476	87.3684685627	57.9834166952	56.8424601907	54.4426329186	57.095623224	56.6793480232	54.2492919021	55.3475919975	53.183972583	63.3354990935	58.6516151225	54.2717818708
48.3094369761	57.9834166952	87.3684685627	41.0525393941	40.8091819783	66.1820873825	54.595200298	47.6620647585	48.0665834203	56.5914972024	60.8283641815	61.2035854676	37.5946671908
56.1069003036	56.8424601907	41.0525393941	87.3684685627	33.8245792547	31.8113622388	39.370251667	38.9293137771	32.2004540011	29.8317051951	42.7709457222	43.2291407194	35.1835626403
34.3900549385	54.4426329186	40.8091819783	33.8245792547	87.3684685627	47.6086092465	45.1117133189	26.7790182168	39.8683802219	48.1807944899	41.4801513512	46.3340513275	31.6642584369
44.7744221311	57.095623224	66.1820873825	31.8113622388	47.6086092465	87.3684685627	69.469706398	58.4724176944	63.1219862324	65.1815307642	73.9582619188	62.4853372981	39.7730807884
39.2440931422	56.6793480232	54.595200298	39.370251667	45.1117133189	69.469706398	87.3684685627	62.0115142658	56.2221429241	62.203576558	70.5110887457	62.4379349576	47.5239680851
38.1975698767	54.2492919021	47.6620647585	38.9293137771	26.7790182168	58.4724176944	62.0115142658	87.3684685627	61.3583981252	44.9043310908	69.1699816856	62.8193410165	61.2696001805
34.8707786718	55.3475919975	48.0665834203	32.2004540011	39.8683802219	63.1219862324	56.2221429241	61.3583981252	87.3684685627	41.4147699822	67.3188735599	53.2028243221	51.6563739068
46.3821934996	53.183972583	56.5914972024	29.8317051951	48.1807944899	65.1815307642	62.203576558	44.9043310908	41.4147699822	87.3684685627	55.921950521	51.1766788623	39.3583248824
42.7467267409	63.3354990935	60.8283641815	42.7709457222	41.4801513512	73.9582619188	70.5110887457	69.1699816856	67.3188735599	55.921950521	87.3684685627	68.4057422783	54.3466286647
40.0917090494	58.6516151225	61.2035854676	43.2291407194	46.3340513275	62.4853372981	62.4379349576	62.8193410165	53.2028243221	51.1766788623	68.4057422783	87.3684685627	54.193840526
28.1941992185	54.2717818708	37.5946671908	35.1835626403	31.6642584369	39.7730807884	47.5239680851	61.2696001805	51.6563739068	39.3583248824	54.3466286647	54.193840526	87.3684685627
Genotype stats (X^T * X): 	25.8034024211
Gene expression - Genotype stats (Y^T * X): 
10.9734533067	18.0549455433	15.0607756545	13.3193850129	12.7439040936	16.7175940179	10.8436609274	14.6978762113	16.559732124	12.2150895797	16.0260395593	14.1479958524	15.0996371521