Tissue	braincortex
N_samples	95
Chr	19
Gene	ENSG00000011451.13
SNP	rs7245841
Gene_list	ENSG00000184545.6	ENSG00000088256.4	ENSG00000091622.11	ENSG00000011451.13	ENSG00000146216.7	ENSG00000138944.7	ENSG00000173020.6	ENSG00000163013.7	ENSG00000154118.8	ENSG00000099814.11
Gene expression stats (Y^T * Y): 
87.3684685627	51.4135172109	54.2124829442	54.0089239729	41.8106757433	55.2971405483	57.9676824276	57.6180840388	57.9749523836	45.2404444944
51.4135172109	87.3684685627	46.23669001	52.7439470848	28.7620901304	50.4724586004	58.1745331955	46.812378976	45.8296178851	45.9138794635
54.2124829442	46.23669001	87.3684685627	54.7679116041	39.8990746719	58.1589765978	58.8528982002	73.2703250449	47.9416036229	62.5615100034
54.0089239729	52.7439470848	54.7679116041	87.3684685627	53.1640920342	54.4024214775	54.5221642248	62.5985962139	56.0297662993	52.7010253889
41.8106757433	28.7620901304	39.8990746719	53.1640920342	87.3684685627	21.014180763	40.4806044625	38.5938428513	40.0136541904	45.6310833768
55.2971405483	50.4724586004	58.1589765978	54.4024214775	21.014180763	87.3684685627	48.3406379092	61.5479686793	47.1986985793	42.7103145734
57.9676824276	58.1745331955	58.8528982002	54.5221642248	40.4806044625	48.3406379092	87.3684685627	55.1743269643	56.2219720272	58.0755322299
57.6180840388	46.812378976	73.2703250449	62.5985962139	38.5938428513	61.5479686793	55.1743269643	87.3684685627	60.0420619477	60.0974809328
57.9749523836	45.8296178851	47.9416036229	56.0297662993	40.0136541904	47.1986985793	56.2219720272	60.0420619477	87.3684685627	46.2507155787
45.2404444944	45.9138794635	62.5615100034	52.7010253889	45.6310833768	42.7103145734	58.0755322299	60.0974809328	46.2507155787	87.3684685627
Genotype stats (X^T * X): 	32.5540985263
Gene expression - Genotype stats (Y^T * X): 
-9.51731690597	-6.77083104313	-8.51918883434	-18.5024695026	-15.0228791569	-9.65126046676	-3.0252349895	-6.71572787582	-11.262134121	-11.9148435485