Tissue	braincortex
N_samples	95
Chr	5
Gene	ENSG00000205279.4
SNP	rs11241931
Gene_list	ENSG00000162981.12	ENSG00000182601.6	ENSG00000096654.11	ENSG00000122574.6	ENSG00000163873.5	ENSG00000124134.4	ENSG00000142949.12	ENSG00000153266.8	ENSG00000141668.5	ENSG00000180616.4	ENSG00000136842.9	ENSG00000111249.9	ENSG00000196376.6	ENSG00000205279.4	ENSG00000158258.11
Gene expression stats (Y^T * Y): 
87.3684685627	-51.2491764393	52.0696602287	45.9596257969	-56.9420502354	45.5973012016	41.8973896152	-54.0343151828	55.8895431631	-50.9504582865	59.8077726664	55.1838118265	-46.9147805365	58.5848204887	-59.8389919155
-51.2491764393	87.3684685627	-49.8940896428	-36.6385907391	65.6579876689	-26.0970391003	-49.1033660812	70.5912110904	-41.804070306	48.9630324929	-62.1746448679	-61.631462427	64.6044815767	-52.8223609026	60.1895372139
52.0696602287	-49.8940896428	87.3684685627	40.5940307036	-57.4434050806	38.7033001722	53.7705894804	-46.2842137919	49.4651172459	-41.8868342794	48.6563225653	47.1962505473	-53.9936763635	55.3517379603	-56.6205993766
45.9596257969	-36.6385907391	40.5940307036	87.3684685627	-45.165867887	44.1495700783	38.7008248396	-33.4617117565	51.9503471101	-45.7091502189	55.0963353505	52.5807812578	-39.4885884112	56.3364775246	-30.3904866866
-56.9420502354	65.6579876689	-57.4434050806	-45.165867887	87.3684685627	-39.9867371591	-45.9064328564	63.1864670555	-39.4963253065	61.3581966915	-56.508355075	-54.9274745596	66.6264985819	-57.9609585683	62.1655797656
45.5973012016	-26.0970391003	38.7033001722	44.1495700783	-39.9867371591	87.3684685627	30.3154026379	-29.6804763822	48.0054103943	-31.6450942453	40.6103969985	38.1766659476	-29.8035452879	53.6782782347	-28.9030115546
41.8973896152	-49.1033660812	53.7705894804	38.7008248396	-45.9064328564	30.3154026379	87.3684685627	-37.0538847229	35.0678518577	-34.2156393387	41.0954847751	49.373606634	-51.9773539149	54.274294131	-43.3118183089
-54.0343151828	70.5912110904	-46.2842137919	-33.4617117565	63.1864670555	-29.6804763822	-37.0538847229	87.3684685627	-49.2705534138	54.5698767604	-64.0231149787	-67.5819962072	65.1177630196	-52.698407947	68.2849791522
55.8895431631	-41.804070306	49.4651172459	51.9503471101	-39.4963253065	48.0054103943	35.0678518577	-49.2705534138	87.3684685627	-39.9299229142	55.224665987	60.1259793927	-41.912243494	55.0495442626	-41.1573532121
-50.9504582865	48.9630324929	-41.8868342794	-45.7091502189	61.3581966915	-31.6450942453	-34.2156393387	54.5698767604	-39.9299229142	87.3684685627	-48.5237941597	-56.4400337363	51.5927700458	-56.1571950605	60.5264540321
59.8077726664	-62.1746448679	48.6563225653	55.0963353505	-56.508355075	40.6103969985	41.0954847751	-64.0231149787	55.224665987	-48.5237941597	87.3684685627	63.0778888614	-58.782689784	62.3637355193	-57.4215480024
55.1838118265	-61.631462427	47.1962505473	52.5807812578	-54.9274745596	38.1766659476	49.373606634	-67.5819962072	60.1259793927	-56.4400337363	63.0778888614	87.3684685627	-63.7096801972	56.2017859471	-61.3245036471
-46.9147805365	64.6044815767	-53.9936763635	-39.4885884112	66.6264985819	-29.8035452879	-51.9773539149	65.1177630196	-41.912243494	51.5927700458	-58.782689784	-63.7096801972	87.3684685627	-56.0560802439	65.5512218378
58.5848204887	-52.8223609026	55.3517379603	56.3364775246	-57.9609585683	53.6782782347	54.274294131	-52.698407947	55.0495442626	-56.1571950605	62.3637355193	56.2017859471	-56.0560802439	87.3684685627	-55.529041077
-59.8389919155	60.1895372139	-56.6205993766	-30.3904866866	62.1655797656	-28.9030115546	-43.3118183089	68.2849791522	-41.1573532121	60.5264540321	-57.4215480024	-61.3245036471	65.5512218378	-55.529041077	87.3684685627
Genotype stats (X^T * X): 	35.4903556211
Gene expression - Genotype stats (Y^T * X): 
12.56325573	-10.830488831	8.62196697856	16.5995160656	-8.51452957822	8.93709715896	8.08375143446	-9.67642130082	14.5908838739	-9.08067203139	13.222598956	15.6194878915	-5.44057777231	18.5121491521	-9.60146159182