Tissue	braincortex
N_samples	95
Chr	7
Gene	ENSG00000001630.11
SNP	rs10263913
Gene_list	ENSG00000172893.11	ENSG00000001630.11	ENSG00000109929.5	ENSG00000104549.7	ENSG00000186480.8	ENSG00000120437.7	ENSG00000052802.8
Gene expression stats (Y^T * Y): 
87.3684685627	58.9615197904	48.9677878053	50.4564045932	53.8633343007	53.3884003729	68.5741844101
58.9615197904	87.3684685627	56.2553695691	64.9342463211	54.6483071064	58.9941591667	65.6042606675
48.9677878053	56.2553695691	87.3684685627	50.1397479026	44.0135911179	50.5235776959	48.1092457596
50.4564045932	64.9342463211	50.1397479026	87.3684685627	57.7393366153	65.5126968367	61.9035485267
53.8633343007	54.6483071064	44.0135911179	57.7393366153	87.3684685627	54.8022838853	69.0918425934
53.3884003729	58.9941591667	50.5235776959	65.5126968367	54.8022838853	87.3684685627	59.4902251481
68.5741844101	65.6042606675	48.1092457596	61.9035485267	69.0918425934	59.4902251481	87.3684685627
Genotype stats (X^T * X): 	47.0139826316
Gene expression - Genotype stats (Y^T * X): 
-11.2414197589	-22.9222167056	-8.56641760013	-2.30484189693	-7.19651850058	-6.38932910692	-9.95898181072