Tissue	braincortex
N_samples	95
Chr	4
Gene	ENSG00000121895.7
SNP	rs56218717
Gene_list	ENSG00000184574.5	ENSG00000121895.7	ENSG00000105366.11	ENSG00000183160.8	ENSG00000110876.8	ENSG00000148908.10
Gene expression stats (Y^T * Y): 
87.3684685627	53.7976515545	68.9668719515	70.7515701024	67.5011404108	63.0095727391
53.7976515545	87.3684685627	57.0267329052	52.5808418147	54.9014090469	54.8064176778
68.9668719515	57.0267329052	87.3684685627	70.1721287159	64.8663978719	59.5736768517
70.7515701024	52.5808418147	70.1721287159	87.3684685627	67.9116062876	63.3133004756
67.5011404108	54.9014090469	64.8663978719	67.9116062876	87.3684685627	68.5457655158
63.0095727391	54.8064176778	59.5736768517	63.3133004756	68.5457655158	87.3684685627
Genotype stats (X^T * X): 	38.8721378316
Gene expression - Genotype stats (Y^T * X): 
9.66740754349	20.6182841568	1.83102335292	5.23952620099	10.4069537762	10.4668304961