Tissue	braincortex
N_samples	95
Chr	6
Gene	ENSG00000112414.10
SNP	rs9376683
Gene_list	ENSG00000173068.13	ENSG00000143867.5	ENSG00000177363.4	ENSG00000182704.6	ENSG00000106823.8	ENSG00000162692.6	ENSG00000112414.10	ENSG00000162998.4
Gene expression stats (Y^T * Y): 
87.3684685627	66.0028891018	61.5924648688	45.8362503894	62.4697616491	58.8988807055	52.7734007421	61.3875715529
66.0028891018	87.3684685627	70.1594521982	53.0932985827	74.7516035573	68.2754220002	52.4295561882	66.5765661887
61.5924648688	70.1594521982	87.3684685627	51.9052202913	67.4991889929	60.928883971	52.4666716904	64.3575130351
45.8362503894	53.0932985827	51.9052202913	87.3684685627	48.6841754917	52.0537941427	53.1242158912	50.7041044942
62.4697616491	74.7516035573	67.4991889929	48.6841754917	87.3684685627	65.4374120499	54.4390997269	76.4326982018
58.8988807055	68.2754220002	60.928883971	52.0537941427	65.4374120499	87.3684685627	55.2389087211	61.4246677648
52.7734007421	52.4295561882	52.4666716904	53.1242158912	54.4390997269	55.2389087211	87.3684685627	56.1286761271
61.3875715529	66.5765661887	64.3575130351	50.7041044942	76.4326982018	61.4246677648	56.1286761271	87.3684685627
Genotype stats (X^T * X): 	11.3808745895
Gene expression - Genotype stats (Y^T * X): 
5.16156012885	6.27529253371	3.46162652945	8.7739915984	4.29714963302	8.60304110285	10.7920689476	4.13137991852