Tissue	braincortex
N_samples	95
Chr	9
Gene	ENSG00000148341.13
SNP	rs9696018
Gene_list	ENSG00000166313.14	ENSG00000167641.6	ENSG00000181409.7	ENSG00000214253.4	ENSG00000203485.8	ENSG00000148341.13
Gene expression stats (Y^T * Y): 
87.3684685627	36.7819566513	50.2607531525	34.0018747583	37.2857372248	53.2504836339
36.7819566513	87.3684685627	68.4443802189	53.3006671504	54.5314256728	58.1944492243
50.2607531525	68.4443802189	87.3684685627	48.872530129	55.9878181007	61.5645891508
34.0018747583	53.3006671504	48.872530129	87.3684685627	29.6307808379	52.9932432248
37.2857372248	54.5314256728	55.9878181007	29.6307808379	87.3684685627	52.8445753107
53.2504836339	58.1944492243	61.5645891508	52.9932432248	52.8445753107	87.3684685627
Genotype stats (X^T * X): 	32.5263157895
Gene expression - Genotype stats (Y^T * X): 
10.4510352677	8.76757198969	11.2062687056	9.33132718713	2.68219121323	20.6567571926