Tissue	braincortex
N_samples	95
Chr	11
Gene	ENSG00000084207.11
SNP	rs1254123
Gene_list	ENSG00000177600.4	ENSG00000142541.12	ENSG00000149806.6	ENSG00000084207.11	ENSG00000137818.7	ENSG00000161016.11
Gene expression stats (Y^T * Y): 
87.3684685627	75.9864731568	75.7908058111	56.2197329943	79.4921406066	71.1367795659
75.9864731568	87.3684685627	77.3539507438	52.6096672889	79.0165753297	77.6768874619
75.7908058111	77.3539507438	87.3684685627	53.8980701192	77.283633027	77.6736459792
56.2197329943	52.6096672889	53.8980701192	87.3684685627	54.3587372635	52.8077276247
79.4921406066	79.0165753297	77.283633027	54.3587372635	87.3684685627	72.2311024261
71.1367795659	77.6768874619	77.6736459792	52.8077276247	72.2311024261	87.3684685627
Genotype stats (X^T * X): 	54.9010297263
Gene expression - Genotype stats (Y^T * X): 
1.5815459242	-0.574053885225	2.9785304428	34.7241073599	-1.43367419565	5.09372481544