Tissue	braincortex
N_samples	95
Chr	15
Gene	ENSG00000137878.12
SNP	rs4774963
Gene_list	ENSG00000161992.5	ENSG00000142765.13	ENSG00000132130.7	ENSG00000137878.12	ENSG00000171219.8	ENSG00000110887.3	ENSG00000109943.4	ENSG00000164778.4	ENSG00000145863.6	ENSG00000144488.10
Gene expression stats (Y^T * Y): 
87.3684685627	82.1142434805	84.9674830394	53.8585189246	83.2602211103	81.5494495446	86.2851105489	83.7971465334	81.8542403623	61.1419146377
82.1142434805	87.3684685627	80.6561349978	54.027700609	79.5673787457	77.5033164671	81.1605227465	80.8561718015	77.8420492137	59.1183500462
84.9674830394	80.6561349978	87.3684685627	52.5175659861	84.6745505344	83.5572607816	85.8427816327	85.8146244122	77.4894914122	60.7882942336
53.8585189246	54.027700609	52.5175659861	87.3684685627	53.1711220925	54.4871426332	53.7121474673	53.6006711156	54.0183127181	53.6027598994
83.2602211103	79.5673787457	84.6745505344	53.1711220925	87.3684685627	83.2230618103	84.2302971722	84.2261799967	74.5549896861	60.0670903773
81.5494495446	77.5033164671	83.5572607816	54.4871426332	83.2230618103	87.3684685627	82.4183043819	83.1145957278	73.3029849174	62.0688450017
86.2851105489	81.1605227465	85.8427816327	53.7121474673	84.2302971722	82.4183043819	87.3684685627	84.8218068449	80.1143827398	61.4167194104
83.7971465334	80.8561718015	85.8146244122	53.6006711156	84.2261799967	83.1145957278	84.8218068449	87.3684685627	76.24434155	60.8690833717
81.8542403623	77.8420492137	77.4894914122	54.0183127181	74.5549896861	73.3029849174	80.1143827398	76.24434155	87.3684685627	54.6850419087
61.1419146377	59.1183500462	60.7882942336	53.6027598994	60.0670903773	62.0688450017	61.4167194104	60.8690833717	54.6850419087	87.3684685627
Genotype stats (X^T * X): 	32.1500009895
Gene expression - Genotype stats (Y^T * X): 
-10.9024549595	-11.4168266734	-11.0659451864	-19.5571252336	-8.59382623637	-10.1755718004	-10.5868560983	-11.0453541399	-14.0270093724	-12.8973979261