Tissue	braincortex
N_samples	95
Chr	3
Gene	ENSG00000061938.12
SNP	rs842220
Gene_list	ENSG00000071655.13	ENSG00000129968.11	ENSG00000133243.4	ENSG00000167671.7	ENSG00000198816.5	ENSG00000130758.3	ENSG00000160469.12	ENSG00000154118.8	ENSG00000061938.12
Gene expression stats (Y^T * Y): 
87.3684685627	55.6758279188	59.7239363914	47.1401432877	62.4741531834	68.0992627835	52.5088443422	66.0222732985	58.48025637
55.6758279188	87.3684685627	67.4283783582	47.7626118384	63.6178710751	46.5928340587	56.7522650149	57.315810883	56.5225922549
59.7239363914	67.4283783582	87.3684685627	46.3849864213	63.0808702868	61.5982531921	59.1453971909	68.3029922662	56.1018140157
47.1401432877	47.7626118384	46.3849864213	87.3684685627	47.3096618004	29.7055898078	40.4412848145	36.1005185512	53.151678866
62.4741531834	63.6178710751	63.0808702868	47.3096618004	87.3684685627	59.2233620844	43.4392764558	57.9873766863	59.717968879
68.0992627835	46.5928340587	61.5982531921	29.7055898078	59.2233620844	87.3684685627	57.5622653297	71.0887624731	55.7867797836
52.5088443422	56.7522650149	59.1453971909	40.4412848145	43.4392764558	57.5622653297	87.3684685627	60.4631347091	54.9377283923
66.0222732985	57.315810883	68.3029922662	36.1005185512	57.9873766863	71.0887624731	60.4631347091	87.3684685627	55.3463639304
58.48025637	56.5225922549	56.1018140157	53.151678866	59.717968879	55.7867797836	54.9377283923	55.3463639304	87.3684685627
Genotype stats (X^T * X): 	48.3463429474
Gene expression - Genotype stats (Y^T * X): 
-16.0280196945	-22.0092481401	-16.7402884878	-19.1888475828	-18.7795226553	-12.1947715385	-19.9460570871	-15.2865676504	-24.6025262032