Tissue	braincortex
N_samples	95
Chr	3
Gene	ENSG00000085276.13
SNP	rs148104705
Gene_list	ENSG00000105699.12	ENSG00000020181.13	ENSG00000027075.9	ENSG00000127329.10	ENSG00000118777.6	ENSG00000149564.7	ENSG00000120279.6	ENSG00000085276.13
Gene expression stats (Y^T * Y): 
87.3684685627	49.4188277447	64.0620689426	61.8836937185	61.2099094173	65.4249630038	43.5469474683	53.803884653
49.4188277447	87.3684685627	49.1143077075	58.3437095325	51.0529209328	56.7530849764	52.3417111091	53.2373191384
64.0620689426	49.1143077075	87.3684685627	63.4500538483	63.9185175928	63.6396961387	53.1822426758	55.6280704843
61.8836937185	58.3437095325	63.4500538483	87.3684685627	62.1182072671	56.4576241818	46.2539901694	54.7389397352
61.2099094173	51.0529209328	63.9185175928	62.1182072671	87.3684685627	58.5714915904	51.3824769077	59.2944319721
65.4249630038	56.7530849764	63.6396961387	56.4576241818	58.5714915904	87.3684685627	47.9270968454	53.1353944219
43.5469474683	52.3417111091	53.1822426758	46.2539901694	51.3824769077	47.9270968454	87.3684685627	59.687922175
53.803884653	53.2373191384	55.6280704843	54.7389397352	59.2944319721	53.1353944219	59.687922175	87.3684685627
Genotype stats (X^T * X): 	15.9645199368
Gene expression - Genotype stats (Y^T * X): 
-11.3078875083	-11.0419627094	-7.97920588902	-9.29664724471	-8.98556601633	-9.03993698296	-8.79995299402	-13.4731039541