Tissue	braincortex
N_samples	95
Chr	7
Gene	ENSG00000122574.6
SNP	rs174950
Gene_list	ENSG00000175707.7	ENSG00000122574.6	ENSG00000172575.7	ENSG00000164326.4	ENSG00000136842.9	ENSG00000111249.9	ENSG00000205279.4	ENSG00000123612.11
Gene expression stats (Y^T * Y): 
87.3684685627	53.7055190848	-32.9399971178	26.6576287873	34.9644705458	27.557736907	34.1407898451	40.4490002772
53.7055190848	87.3684685627	-55.6158736065	52.7283935019	55.0963353505	52.5807812578	56.3364775246	53.5773164186
-32.9399971178	-55.6158736065	87.3684685627	-44.002322698	-45.538046758	-52.4725659184	-44.1975245694	-41.1240401355
26.6576287873	52.7283935019	-44.002322698	87.3684685627	52.3417489323	51.9180627978	49.784630489	41.689048235
34.9644705458	55.0963353505	-45.538046758	52.3417489323	87.3684685627	63.0778888614	62.3637355193	50.4826138916
27.557736907	52.5807812578	-52.4725659184	51.9180627978	63.0778888614	87.3684685627	56.2017859471	51.4654688193
34.1407898451	56.3364775246	-44.1975245694	49.784630489	62.3637355193	56.2017859471	87.3684685627	51.6879745208
40.4490002772	53.5773164186	-41.1240401355	41.689048235	50.4826138916	51.4654688193	51.6879745208	87.3684685627
Genotype stats (X^T * X): 	15.3052631579
Gene expression - Genotype stats (Y^T * X): 
2.52475056749	15.3705071858	-7.97658913859	6.33202605796	7.1154152552	2.55106542699	5.8177815891	0.982842430796