Tissue	braincortex
N_samples	95
Chr	2
Gene	ENSG00000119147.5
SNP	rs13014521
Gene_list	ENSG00000166482.7	ENSG00000138061.7	ENSG00000052850.5	ENSG00000168229.3	ENSG00000176692.4	ENSG00000119147.5	ENSG00000135842.12	ENSG00000168542.8
Gene expression stats (Y^T * Y): 
87.3684685627	49.0809131858	67.5217389064	62.252892234	66.9707374199	52.607985287	69.0602700078	64.831668041
49.0809131858	87.3684685627	56.4799025042	63.0147167105	61.8779529514	53.7690522464	60.7398610006	51.6432724885
67.5217389064	56.4799025042	87.3684685627	75.5414694699	76.7601114148	52.4637303191	76.8140673686	68.9281182557
62.252892234	63.0147167105	75.5414694699	87.3684685627	73.1874350282	56.2422316948	72.324931386	65.0063336465
66.9707374199	61.8779529514	76.7601114148	73.1874350282	87.3684685627	54.5575829772	75.0892441081	66.8096697437
52.607985287	53.7690522464	52.4637303191	56.2422316948	54.5575829772	87.3684685627	55.5376109095	53.0487951357
69.0602700078	60.7398610006	76.8140673686	72.324931386	75.0892441081	55.5376109095	87.3684685627	67.5052822068
64.831668041	51.6432724885	68.9281182557	65.0063336465	66.8096697437	53.0487951357	67.5052822068	87.3684685627
Genotype stats (X^T * X): 	22.8023243579
Gene expression - Genotype stats (Y^T * X): 
1.3095226433	-3.12765331104	-0.917949679125	-1.93591157261	-1.61305109096	-19.9323575963	-1.13671305744	-6.21965787794