Tissue	braincortex
N_samples	95
Chr	1
Gene	ENSG00000078900.10
SNP	rs76170056
Gene_list	ENSG00000161992.5	ENSG00000149488.11	ENSG00000005001.5	ENSG00000175920.11	ENSG00000078900.10	ENSG00000185652.7	ENSG00000187017.10	ENSG00000166828.2	ENSG00000117602.7	ENSG00000205978.5	ENSG00000079689.9	ENSG00000142765.13	ENSG00000177238.9	ENSG00000106341.6	ENSG00000132130.7	ENSG00000149639.10	ENSG00000180660.6	ENSG00000181392.10	ENSG00000112139.10	ENSG00000161647.14	ENSG00000189120.3	ENSG00000140795.8	ENSG00000169174.9	ENSG00000151812.10	ENSG00000132849.14	ENSG00000196132.7	ENSG00000171219.8	ENSG00000143995.15	ENSG00000165215.5	ENSG00000140506.12	ENSG00000169758.8	ENSG00000169330.4	ENSG00000172349.12	ENSG00000185477.4	ENSG00000152208.7	ENSG00000110723.7	ENSG00000110887.3	ENSG00000196739.10	ENSG00000109943.4	ENSG00000135549.10	ENSG00000204001.5	ENSG00000174963.13	ENSG00000086570.8	ENSG00000143365.12	ENSG00000157212.14	ENSG00000164778.4	ENSG00000146910.7	ENSG00000135083.10	ENSG00000145863.6	ENSG00000168843.9	ENSG00000072786.8	ENSG00000162992.3	ENSG00000155760.1	ENSG00000153820.8	ENSG00000144488.10
Gene expression stats (Y^T * Y): 
87.3684685627	75.4827749745	61.78987047	63.0644391169	69.1739620971	60.0019903062	64.4530892783	63.9017582671	77.658263816	48.9871904671	70.8132361644	82.1142434805	62.403807448	73.0789693066	84.9674830394	67.0674184114	82.0703290034	61.8265605748	64.9285576298	71.2437758737	64.6721786227	74.7352082974	80.1094502987	59.9322429466	68.1932381232	62.8984686547	83.2602211103	57.4960691325	66.7325531646	82.1599818407	63.037282489	67.0766557113	79.5689616266	66.752384409	68.0471058102	75.5902169994	81.5494495446	63.3155668282	86.2851105489	78.1251138308	73.8137465509	74.9101134854	80.300851107	68.9933902073	57.4779404754	83.7971465334	76.5675328305	72.7022929169	81.8542403623	62.2799896925	63.8386309611	71.9048096338	68.0753087265	61.3486201752	61.1419146377
75.4827749745	87.3684685627	59.1471474292	57.3633675418	64.6216117576	59.3021079195	53.3108709692	62.768121247	73.3474258714	42.8562753725	62.7082573257	73.0858127618	61.9320225658	64.7735538874	77.0768146248	65.2312457117	75.6073526669	56.7209978652	55.5093514606	63.2351030664	59.2632130088	70.0328209042	69.9118989621	54.7590284226	61.4312933075	56.1135381886	74.2377149451	56.086372857	59.6495201424	74.3550221979	58.9328641884	56.5313384329	67.6484279897	59.3512991121	68.9952581735	69.7284562404	73.2435137507	49.9922002803	76.5889779351	64.1936696133	65.2447678762	64.4210825318	64.9170096141	63.9889320901	56.4189780819	77.3498815488	70.6657436701	66.1981129984	69.7743995396	57.2408416183	48.8381006017	64.6152755946	65.8276384825	49.5536815357	51.1320445777
61.78987047	59.1471474292	87.3684685627	54.9317014332	53.6592850153	45.4229306407	44.8560615477	53.5899129442	59.251314393	45.0883622607	52.4098054013	57.2644602174	48.2005454848	54.6107951559	61.9074159829	50.8786857626	62.4956975282	54.0202608431	46.9291522225	50.8995981681	47.7177841064	58.9126765214	59.9255560533	46.1040209286	46.2753885503	50.1178111945	63.0224855118	52.5186422836	58.7258969098	62.8639291486	52.0667058723	48.017393092	57.9287825568	55.6094131117	48.4108525713	56.3142041257	62.8528908695	37.3093913463	63.3490964171	53.7651209881	56.6286457408	45.5812255775	52.5277553921	55.8791348988	44.5273842582	63.5806742276	57.1320049624	54.592724136	53.9471672468	50.7147143878	45.4765684022	55.6519330259	52.9934377974	45.5937117701	43.8284771361
63.0644391169	57.3633675418	54.9317014332	87.3684685627	54.4576312431	42.8642907014	45.4167667388	52.1680238279	57.4367465426	42.1428367249	53.1514783299	62.5182710846	44.0419858149	56.8882363521	64.3652070747	54.1604325257	63.761851027	49.3367848185	50.5781294108	46.9891107297	54.4427221005	59.8481938986	63.6600640304	45.7354975765	54.4387799074	48.0509966395	64.2800288712	41.3906731956	47.6864356531	61.6435053154	49.0286897218	52.9581122229	57.7185248811	55.0590395062	49.7094739539	60.0983992183	60.92966648	52.4853972944	63.5700279523	52.8026706884	54.5350392184	56.7112134362	55.3911828972	55.088962302	49.3095523251	63.4760607711	56.0367589639	54.7552610297	59.8552212548	46.3175346374	46.1672960413	50.3224567347	56.8178840943	51.3037197155	35.6355974358
69.1739620971	64.6216117576	53.6592850153	54.4576312431	87.3684685627	54.9799103171	58.7371358348	55.8479010112	62.4080628657	55.5262330612	60.5080696633	69.4454705408	53.7924917236	63.7483082801	70.7329480439	53.8166224577	68.8067266091	58.5526329831	57.5321952069	62.3787542882	55.9760797681	61.664661384	68.355718285	54.8854081727	54.5415794382	58.5001510127	70.2825063272	52.4766178765	57.8440718143	67.5159527612	58.5373418175	57.4335523765	68.0190844114	57.2629725864	66.7961378822	69.6955818898	71.6179123452	55.7579342474	70.6148588535	57.4442995679	61.4037483209	57.6637388201	58.6690707211	65.9698003276	54.0448211851	70.890848828	64.7749600544	59.8175389951	61.8345247755	60.7555731915	56.135030165	56.839585085	57.6597008818	54.2281874333	57.3934945102
60.0019903062	59.3021079195	45.4229306407	42.8642907014	54.9799103171	87.3684685627	47.7389903361	53.4164440316	55.4726969304	42.2604548765	59.1841565289	57.9671231897	55.7273684899	52.8097394483	63.9395949986	46.2400100266	63.2709453721	49.638433953	40.9168967997	52.7863762756	49.0463864688	55.939455197	60.8215756023	43.7055496592	56.5348797708	40.2524625143	63.8375498439	39.5876279323	49.346619197	59.0750647558	52.144677776	48.7959789335	59.1980112232	52.4408064625	48.4868338554	60.5177104904	62.5286252482	43.6933471469	62.3507147228	50.0427286413	56.4427395127	55.2066625723	47.4784694909	56.3279754871	42.5682533429	61.3871186655	58.9711987388	56.3268434625	51.779199314	50.8814263186	38.2051885737	48.1176981745	58.7744719903	47.8366221956	51.570076353
64.4530892783	53.3108709692	44.8560615477	45.4167667388	58.7371358348	47.7389903361	87.3684685627	44.1966315706	58.5099728809	42.7126049561	54.6830135296	63.4585296127	45.6881292752	61.684051463	66.0726600156	42.2149739355	62.7271917275	52.4283577952	45.5586418506	58.2280344111	56.930161315	60.3654458039	66.6122514914	46.8869661645	50.4923968073	51.2386011219	66.1578763421	45.6321127021	49.6939666547	63.6810089428	46.3431166768	51.2319279083	63.0379191509	54.085804565	54.9216476751	60.7527301784	65.3062941409	41.1261020287	63.7949802778	56.7059543948	59.4345605786	48.1979012123	55.2461894095	52.6265615226	45.4408004446	66.8710063915	59.5151976154	56.1754424693	59.4151005218	48.5036785777	50.453366714	46.073522465	41.9809663665	46.7138985454	64.2621387767
63.9017582671	62.768121247	53.5899129442	52.1680238279	55.8479010112	53.4164440316	44.1966315706	87.3684685627	64.8715316322	35.6835763809	57.4405359087	59.880506476	54.5979656464	57.0203132204	65.4741917938	52.7966279057	65.9318067545	53.5618700072	47.7626246	57.2653324891	53.1811828493	59.0614426639	64.3055865698	54.9322005553	56.0380875792	49.2243749045	67.2199986052	54.4398711487	50.4502165769	67.786029129	51.2357022131	53.1069504397	61.1619321541	52.5308054871	55.339572762	62.665546485	67.0548125243	50.0339076229	66.2109364665	56.6335897438	54.9878821953	54.8286713395	55.7577352352	63.1592899422	41.3754891891	64.9378233506	60.6714433486	53.082032867	60.0179712752	51.096470528	45.3766888902	63.0516450346	50.6639607833	43.4321249837	34.5491420241
77.658263816	73.3474258714	59.251314393	57.4367465426	62.4080628657	55.4726969304	58.5099728809	64.8715316322	87.3684685627	43.1282600915	66.8853455293	74.2745376282	60.9278055968	70.8511091781	78.7463405481	63.4528841505	76.674762078	56.3869566241	53.763637076	66.0138297186	60.0979584898	73.0541088175	73.8687287633	57.0931779328	64.4172612143	60.1441052497	79.3981588744	54.3618312199	62.90441453	76.7836274061	58.9675540546	68.2694393972	70.3282309732	63.8795444728	67.1724339147	71.8493735437	76.715153732	51.3859198794	78.5245845407	65.70402312	66.5049564942	62.4976832078	65.8679218184	66.2567725787	55.0384270772	79.9643969877	73.6200571391	66.3828396156	68.5558372847	60.7722034909	52.2453770382	65.438429372	62.1932265202	55.3715155974	52.4266214113
48.9871904671	42.8562753725	45.0883622607	42.1428367249	55.5262330612	42.2604548765	42.7126049561	35.6835763809	43.1282600915	87.3684685627	52.7472346772	51.856874101	43.2481220741	49.117616855	50.783237163	40.4089038063	48.492516431	38.6920928982	37.6979459093	44.2675427155	35.8272674023	47.0643814162	52.963623516	43.1801420423	40.4193159532	38.5570482669	51.2708265323	41.7511850438	39.5292423822	46.0836568917	43.6829054585	41.9027776581	47.0370086067	52.8994054864	46.4831696225	49.1677969529	48.714289186	51.2068290106	48.7620088627	47.7567621074	46.3337567403	40.7115912232	42.8264694835	46.4558380092	38.4865810338	49.4878777084	46.3991401436	46.7700836918	44.1229606067	52.1080376408	35.2423849924	35.5213904173	42.8135549458	48.8303139312	48.035050511
70.8132361644	62.7082573257	52.4098054013	53.1514783299	60.5080696633	59.1841565289	54.6830135296	57.4405359087	66.8853455293	52.7472346772	87.3684685627	70.3313193345	61.3744573915	62.8685006627	72.0555614216	58.9177124144	71.5604207474	54.7648304336	53.3893919997	61.6535632464	55.2200568298	63.0784690046	69.9613373789	59.8154244811	62.2845468919	51.3449675117	73.7548683157	51.584566653	59.5913524857	70.0461777313	52.4333734675	62.4727700252	65.2373503672	64.5267320393	62.6025912668	73.617349368	70.941545135	51.6497078781	70.8983197464	63.8683731343	66.5869883096	64.5952628991	60.9258486681	64.77820354	47.3146216771	71.5592635577	64.2345176761	61.5067997525	62.7153990962	62.2343141088	55.7222814038	59.480908907	66.3063029235	56.9296959787	56.0976566117
82.1142434805	73.0858127618	57.2644602174	62.5182710846	69.4454705408	57.9671231897	63.4585296127	59.880506476	74.2745376282	51.856874101	70.3313193345	87.3684685627	62.9325221603	69.1554649091	80.6561349978	66.0343699602	77.8710894316	59.8025412841	63.7859490123	69.0977516137	67.7292211949	69.8430234384	75.4273400085	54.9170592685	63.5013263852	58.7587590163	79.5673787457	56.144344625	66.3864023619	76.6924703558	62.5119112534	61.4700642325	75.4644504251	65.0038973805	65.9169772644	73.544546907	77.5033164671	61.7968411943	81.1605227465	73.5784760268	73.813287528	71.3364489225	74.8745604191	67.82710974	52.7170580277	80.8561718015	74.1646713665	68.6256052752	77.8420492137	60.1807425716	61.3929828633	68.6788369422	68.2631099469	56.519714179	59.1183500462
62.403807448	61.9320225658	48.2005454848	44.0419858149	53.7924917236	55.7273684899	45.6881292752	54.5979656464	60.9278055968	43.2481220741	61.3744573915	62.9325221603	87.3684685627	50.8285497189	66.2952174354	53.4309024608	62.9146216086	45.4491718956	49.7656833541	50.039057807	60.4988172075	65.953066944	59.528524805	48.8528126256	45.6243512787	50.8268367796	62.2724351019	55.4034784258	51.4782326044	66.8739996632	55.6094767096	54.601171849	57.0469552853	53.6927252906	56.8545812354	65.2299137492	65.1315788859	40.4594178153	62.8389103312	51.5489344429	57.6084510068	59.5459963473	53.9956433284	54.4385901076	41.282711245	65.4304071518	61.4184847616	58.0096570827	56.6254654081	53.4785774199	51.7564530072	55.4619374566	58.1471391824	47.2542489034	44.5173602387
73.0789693066	64.7735538874	54.6107951559	56.8882363521	63.7483082801	52.8097394483	61.684051463	57.0203132204	70.8511091781	49.117616855	62.8685006627	69.1554649091	50.8285497189	87.3684685627	74.5996370571	55.0542627013	74.1649517575	58.2071413861	48.0368820044	68.2596364198	59.208262316	64.7820144661	72.1270872228	56.3323549569	58.373893755	57.7427326756	74.7346326378	47.1384190344	62.0044537547	71.6816085256	49.3811737126	67.7434818941	72.2262439064	66.304591768	62.408202151	69.8199144524	70.1332039978	52.4955973855	74.6937701012	66.5523316579	67.5526841096	54.3132663915	62.39007395	66.1971030028	53.2358095726	75.3767618976	70.8000533946	64.777229235	64.9796263915	61.8358096038	55.7635927565	56.4965085192	56.8913111089	64.0857580763	56.1048621899
84.9674830394	77.0768146248	61.9074159829	64.3652070747	70.7329480439	63.9395949986	66.0726600156	65.4741917938	78.7463405481	50.783237163	72.0555614216	80.6561349978	66.2952174354	74.5996370571	87.3684685627	66.7922179312	83.5703554845	62.9727189158	61.7944652642	67.9658270082	66.789353783	78.1924892971	81.1359421206	61.7945071919	67.5702588187	63.0169790432	84.6745505344	59.0138394181	66.9244878196	83.7738978142	65.2418524438	68.7104660213	79.0998059314	67.6799125187	69.494710554	78.8440088974	83.5572607816	60.4235778897	85.8427816327	74.2819179967	74.5012902437	72.3275987903	73.9428938011	69.9511941391	58.2712580531	85.8146244122	78.5139783082	73.3117141646	77.4894914122	61.7847180726	61.9116482645	70.0755199484	69.2980987754	62.9639150234	60.7882942336
67.0674184114	65.2312457117	50.8786857626	54.1604325257	53.8166224577	46.2400100266	42.2149739355	52.7966279057	63.4528841505	40.4089038063	58.9177124144	66.0343699602	53.4309024608	55.0542627013	66.7922179312	87.3684685627	64.8361003064	43.8976961646	58.0893456754	53.7624958646	47.2514500453	60.5955175207	61.0743696734	41.0465713397	56.0247022896	40.4578122243	65.5776202792	45.9780763991	61.5294803298	62.3843465734	52.5892322179	46.2390190631	56.590368256	49.2325641862	56.0569129577	60.4174651023	63.6791868166	51.1394147281	65.91152595	56.1370505616	63.1639385404	56.8406581088	58.515995427	56.3449604079	48.1562016554	66.000492352	61.7636152378	54.2497731731	59.4022037805	42.5689462131	46.9381146323	66.7404886201	68.4104005368	40.2169199958	39.9361036645
82.0703290034	75.6073526669	62.4956975282	63.761851027	68.8067266091	63.2709453721	62.7271917275	65.9318067545	76.674762078	48.492516431	71.5604207474	77.8710894316	62.9146216086	74.1649517575	83.5703554845	64.8361003064	87.3684685627	66.0036748335	57.535339976	66.1170534285	66.8048680126	73.4995728993	80.1630486448	59.8827271419	71.5779917144	59.5755815456	81.4250969052	57.5601458652	66.786628033	80.8354969211	65.0484534262	65.1577663128	79.1965492665	67.9389942488	67.6447653496	77.005891621	80.4475437284	55.5126032171	83.869573211	70.2370366501	73.5830513059	70.1562494015	70.0006865431	70.3789271131	56.4650802329	82.432939451	74.2256910901	68.6303554542	74.5111149509	62.3107536692	56.7472644376	68.3077034653	67.7111471325	62.7983615637	60.0767956974
61.8265605748	56.7209978652	54.0202608431	49.3367848185	58.5526329831	49.638433953	52.4283577952	53.5618700072	56.3869566241	38.6920928982	54.7648304336	59.8025412841	45.4491718956	58.2071413861	62.9727189158	43.8976961646	66.0036748335	87.3684685627	38.7280427694	53.7206519008	52.1316740734	59.899732223	60.8468862983	51.369192449	49.4341413297	48.157480932	61.4591217999	50.0312771273	59.5420414593	61.9172964319	51.2110674754	48.3982398015	62.6643520707	50.3642665138	53.1953850524	61.8370370879	60.0523277539	41.413754065	64.5456316373	52.7804182157	59.9350037767	47.8937831887	53.3818182966	65.00259094	44.8161313714	63.7682722683	53.0668735976	46.7345199673	58.5951296324	50.0136605834	45.2606529886	51.8803243965	44.4717081537	42.5815352516	49.6441412102
64.9285576298	55.5093514606	46.9291522225	50.5781294108	57.5321952069	40.9168967997	45.5586418506	47.7626246	53.763637076	37.6979459093	53.3893919997	63.7859490123	49.7656833541	48.0368820044	61.7944652642	58.0893456754	57.535339976	38.7280427694	87.3684685627	51.9691223357	51.6153472043	45.7297397737	54.3916655732	36.6208654832	45.4470527072	46.9831377722	57.7423955545	40.3704088882	48.6647153638	60.9818233499	47.1621251973	41.312789262	56.2631331379	51.5373979786	56.5148667368	58.9506901416	59.1434410777	55.1255773359	62.6746699957	59.1811110923	50.7762615053	57.5263400588	64.7198787141	52.652555012	43.2179418123	59.9342420766	54.7476610893	51.921556935	62.9719356681	45.7282031693	51.5438515017	58.903726863	56.1297157917	36.5913665536	46.3258404998
71.2437758737	63.2351030664	50.8995981681	46.9891107297	62.3787542882	52.7863762756	58.2280344111	57.2653324891	66.0138297186	44.2675427155	61.6535632464	69.0977516137	50.039057807	68.2596364198	67.9658270082	53.7624958646	66.1170534285	53.7206519008	51.9691223357	87.3684685627	50.3443662267	58.671593935	68.5397803822	53.3528619708	56.0460386009	57.7563967962	68.8060007844	46.5627527652	58.6439337818	67.4572830214	47.36408348	56.6073059074	66.4016290187	58.7632136118	59.1781990725	62.6232424259	67.0881490331	53.3763333189	70.5424913462	64.1606908832	64.0458697908	56.0954962372	66.0612607486	60.3127165882	56.0881613142	70.1697987514	65.8798499378	59.4303340341	69.3509035542	51.9607116782	61.6446950093	59.6541663968	54.4545553983	52.6203734058	51.992992011
64.6721786227	59.2632130088	47.7177841064	54.4427221005	55.9760797681	49.0463864688	56.930161315	53.1811828493	60.0979584898	35.8272674023	55.2200568298	67.7292211949	60.4988172075	59.208262316	66.789353783	47.2514500453	66.8048680126	52.1316740734	51.6153472043	50.3443662267	87.3684685627	59.233329845	63.4594953292	42.8818255404	51.9950435351	57.7933202229	64.1513001459	46.6884881967	53.5512922445	65.8673327809	55.3318033895	53.7421453064	61.864047377	57.0381045299	51.5567454634	65.4657252912	65.6421783721	41.2452973482	66.040597937	54.5680934654	59.9612029455	49.8803644084	55.02760184	56.2377653953	46.3479508146	68.0387561746	59.7822454997	59.5126669417	58.4796960458	49.7494237483	47.3008474991	50.725568697	46.9581600739	48.5017172088	49.1258619309
74.7352082974	70.0328209042	58.9126765214	59.8481938986	61.664661384	55.939455197	60.3654458039	59.0614426639	73.0541088175	47.0643814162	63.0784690046	69.8430234384	65.953066944	64.7820144661	78.1924892971	60.5955175207	73.4995728993	59.899732223	45.7297397737	58.671593935	59.233329845	87.3684685627	73.8947507056	54.5466868236	60.5488558821	58.9945670006	76.3913419155	57.3603574336	61.266846618	74.7083915627	64.1342841368	65.6933468159	67.8223162144	56.1409236484	62.3912789711	69.6032387544	74.1127433123	51.0915648426	75.6262229353	62.4198969366	67.9817506707	64.7923284445	63.0879163224	60.9504430487	55.6387868413	76.8294857532	70.8062356818	65.5169577568	65.1386236369	55.8872056698	50.759898661	62.758619734	62.8446279331	55.3720852089	51.454236702
80.1094502987	69.9118989621	59.9255560533	63.6600640304	68.355718285	60.8215756023	66.6122514914	64.3055865698	73.8687287633	52.963623516	69.9613373789	75.4273400085	59.528524805	72.1270872228	81.1359421206	61.0743696734	80.1630486448	60.8468862983	54.3916655732	68.5397803822	63.4594953292	73.8947507056	87.3684685627	60.7607317671	67.9620451218	60.1279418474	81.0274442915	54.1240685517	63.2413710418	79.802083273	60.8365143295	66.4598860818	76.1157105045	65.917505397	62.2496959188	73.3860430272	80.2034055329	56.4159773517	80.5918343319	68.2704047147	72.7161769862	66.8722117933	67.8528258163	66.234581141	55.1552344501	80.6693505321	75.2735098974	69.8093845675	72.4006557012	60.5251747743	57.1381272811	62.8546960657	64.2732313286	63.3662404172	60.8892501186
59.9322429466	54.7590284226	46.1040209286	45.7354975765	54.8854081727	43.7055496592	46.8869661645	54.9322005553	57.0931779328	43.1801420423	59.8154244811	54.9170592685	48.8528126256	56.3323549569	61.7945071919	41.0465713397	59.8827271419	51.369192449	36.6208654832	53.3528619708	42.8818255404	54.5466868236	60.7607317671	87.3684685627	43.2124267468	48.7749814517	58.8514146773	41.2470298664	43.9337647095	63.9904661942	41.5685453124	63.1704083367	61.2705742291	58.3260333528	57.6644205542	56.0193786515	58.0303721263	39.5909199853	60.341945541	59.3312826945	51.1655328528	50.2612799422	51.7395002438	51.690737045	45.3553858225	61.2482021955	56.9800692258	53.318661126	56.3552469978	61.7100215391	49.7795028239	46.071127149	44.1469571628	59.3626546727	34.5148198339
68.1932381232	61.4312933075	46.2753885503	54.4387799074	54.5415794382	56.5348797708	50.4923968073	56.0380875792	64.4172612143	40.4193159532	62.2845468919	63.5013263852	45.6243512787	58.373893755	67.5702588187	56.0247022896	71.5779917144	49.4341413297	45.4470527072	56.0460386009	51.9950435351	60.5488558821	67.9620451218	43.2124267468	87.3684685627	40.1632572429	68.2720172629	46.5064509953	53.8499187655	63.0547669039	53.8848563463	54.7214050934	61.7298775056	54.1201691376	45.7774955727	62.7570409673	68.0877280326	48.8198450547	68.1531821793	57.9451632224	59.3618662489	63.5214113518	58.8319684527	59.2145809048	47.377026403	64.7221424621	59.4179516212	54.0809184702	59.1278906387	44.0771301234	43.3792459301	54.6152678026	60.9202457634	49.7368017779	52.8308518119
62.8984686547	56.1135381886	50.1178111945	48.0509966395	58.5001510127	40.2524625143	51.2386011219	49.2243749045	60.1441052497	38.5570482669	51.3449675117	58.7587590163	50.8268367796	57.7427326756	63.0169790432	40.4578122243	59.5755815456	48.157480932	46.9831377722	57.7563967962	57.7933202229	58.9945670006	60.1279418474	48.7749814517	40.1632572429	87.3684685627	63.1993992208	47.3176567706	51.9491920565	63.740846423	45.5698077974	56.7547599968	61.5893040672	60.3183715785	61.366004359	60.6555018754	61.4426690507	39.0444573606	64.9097395279	56.7995984519	54.0049725381	47.1809368662	52.840125968	47.7450088343	50.9601182288	64.247108973	56.9678451804	54.8243548365	57.059359434	54.8410016702	55.8143284773	51.833874477	41.955499236	50.6430931693	46.731063787
83.2602211103	74.2377149451	63.0224855118	64.2800288712	70.2825063272	63.8375498439	66.1578763421	67.2199986052	79.3981588744	51.2708265323	73.7548683157	79.5673787457	62.2724351019	74.7346326378	84.6745505344	65.5776202792	81.4250969052	61.4591217999	57.7423955545	68.8060007844	64.1513001459	76.3913419155	81.0274442915	58.8514146773	68.2720172629	63.1993992208	87.3684685627	56.9791782261	66.1169590287	81.3058309658	63.0890891616	69.6061688455	77.1864897297	67.9057536783	67.6827197678	77.6191535649	83.2230618103	59.06032893	84.2302971722	72.6746322817	73.514003292	70.2102582955	71.5798754395	70.3743083565	57.5945280341	84.2261799967	77.1410813812	73.2754494578	74.5549896861	62.9168660297	60.7705184066	68.5752627191	68.1346885486	61.5938466504	60.0670903773
57.4960691325	56.086372857	52.5186422836	41.3906731956	52.4766178765	39.5876279323	45.6321127021	54.4398711487	54.3618312199	41.7511850438	51.584566653	56.144344625	55.4034784258	47.1384190344	59.0138394181	45.9780763991	57.5601458652	50.0312771273	40.3704088882	46.5627527652	46.6884881967	57.3603574336	54.1240685517	41.2470298664	46.5064509953	47.3176567706	56.9791782261	87.3684685627	51.6448227742	57.8129381424	52.3910870818	40.1885604137	50.5942717057	38.6389564626	51.6543805422	55.3940225812	60.8678416707	44.5164757133	58.1957235422	46.6417283702	51.0538226372	42.6550410039	49.5805968434	50.5933965923	35.3018021131	61.5338819504	59.8426588173	52.4381317451	51.9230742887	42.7272336506	44.4483304451	55.4137136605	46.8681283141	31.4328480181	49.930616089
66.7325531646	59.6495201424	58.7258969098	47.6864356531	57.8440718143	49.346619197	49.6939666547	50.4502165769	62.90441453	39.5292423822	59.5913524857	66.3864023619	51.4782326044	62.0044537547	66.9244878196	61.5294803298	66.786628033	59.5420414593	48.6647153638	58.6439337818	53.5512922445	61.266846618	63.2413710418	43.9337647095	53.8499187655	51.9491920565	66.1169590287	51.6448227742	87.3684685627	62.1325209252	48.0093071493	49.3747473267	62.2365327941	54.4422078808	53.5063285931	63.2141917925	67.0231262398	41.7398194728	67.4048705305	57.9216018797	68.6299090265	50.7440416553	56.5646112875	64.914156496	43.6839516943	69.046025009	66.6518352733	55.6053257136	58.118551722	45.5431792305	51.0240584392	56.7885523699	60.8703416754	44.760618489	51.9680858675
82.1599818407	74.3550221979	62.8639291486	61.6435053154	67.5159527612	59.0750647558	63.6810089428	67.786029129	76.7836274061	46.0836568917	70.0461777313	76.6924703558	66.8739996632	71.6816085256	83.7738978142	62.3843465734	80.8354969211	61.9172964319	60.9818233499	67.4572830214	65.8673327809	74.7083915627	79.802083273	63.9904661942	63.0547669039	63.740846423	81.3058309658	57.8129381424	62.1325209252	87.3684685627	60.2128709684	67.134460902	75.9760450333	65.4320276132	67.0368889002	76.2661617985	81.2567110146	54.4153047229	83.1018668376	72.1850260754	71.9993730178	69.914592864	71.1635594666	68.1423643765	52.3480852548	83.0504940904	75.3350239648	70.1991894409	75.3523434884	61.1652103462	62.913150604	67.9581212551	65.4893960145	61.9810036922	58.4229394647
63.037282489	58.9328641884	52.0667058723	49.0286897218	58.5373418175	52.144677776	46.3431166768	51.2357022131	58.9675540546	43.6829054585	52.4333734675	62.5119112534	55.6094767096	49.3811737126	65.2418524438	52.5892322179	65.0484534262	51.2110674754	47.1621251973	47.36408348	55.3318033895	64.1342841368	60.8365143295	41.5685453124	53.8848563463	45.5698077974	63.0890891616	52.3910870818	48.0093071493	60.2128709684	87.3684685627	50.0233832197	57.4619320901	41.6655524162	57.6699075583	59.854006426	63.5794642276	50.6136606542	63.7978897235	47.9507500322	55.1095482102	57.959006304	55.2582495053	48.8355804255	38.8558194476	63.0984216975	55.6228520681	57.250486544	55.446423167	49.587280629	37.8613675014	60.192251398	55.5827993337	41.7606185153	46.2503668543
67.0766557113	56.5313384329	48.017393092	52.9581122229	57.4335523765	48.7959789335	51.2319279083	53.1069504397	68.2694393972	41.9027776581	62.4727700252	61.4700642325	54.601171849	67.7434818941	68.7104660213	46.2390190631	65.1577663128	48.3982398015	41.312789262	56.6073059074	53.7421453064	65.6933468159	66.4598860818	63.1704083367	54.7214050934	56.7547599968	69.6061688455	40.1885604137	49.3747473267	67.134460902	50.0233832197	87.3684685627	65.4437456625	61.2045198071	56.4561772128	68.2944365978	65.619872356	45.3494172593	67.6752796978	62.5687872831	55.2115139067	57.883770333	55.7547527572	56.970223185	54.5567157877	67.1145207623	63.287188349	61.6395454684	56.1378403643	60.2780893475	59.2085940186	49.4764033286	51.6658833686	65.2666576361	46.8643049298
79.5689616266	67.6484279897	57.9287825568	57.7185248811	68.0190844114	59.1980112232	63.0379191509	61.1619321541	70.3282309732	47.0370086067	65.2373503672	75.4644504251	57.0469552853	72.2262439064	79.0998059314	56.590368256	79.1965492665	62.6643520707	56.2631331379	66.4016290187	61.864047377	67.8223162144	76.1157105045	61.2705742291	61.7298775056	61.5893040672	77.1864897297	50.5942717057	62.2365327941	75.9760450333	57.4619320901	65.4437456625	87.3684685627	67.334631371	64.6556515218	72.7067313225	75.9129336477	55.4145314339	80.6003517393	71.8379161377	71.3385700614	67.9752411277	71.3788307699	65.8851505369	55.0034132556	77.8178764868	68.8751195931	66.4779065082	75.4381564299	57.5644461734	60.9768498592	64.3605128209	59.646767088	62.1157800328	58.9008632567
66.752384409	59.3512991121	55.6094131117	55.0590395062	57.2629725864	52.4408064625	54.085804565	52.5308054871	63.8795444728	52.8994054864	64.5267320393	65.0038973805	53.6927252906	66.304591768	67.6799125187	49.2325641862	67.9389942488	50.3642665138	51.5373979786	58.7632136118	57.0381045299	56.1409236484	65.917505397	58.3260333528	54.1201691376	60.3183715785	67.9057536783	38.6389564626	54.4422078808	65.4320276132	41.6655524162	61.2045198071	67.334631371	87.3684685627	56.1637893322	64.6348919011	65.7958202884	42.480705295	68.6863454682	65.0271090669	60.2978668333	52.5499091232	57.4546110909	60.9215301631	53.6632361807	66.585122144	57.2185912893	60.7864612788	60.5948218252	64.300845368	59.4356609844	47.6647797041	53.9277555528	65.9782112663	54.7633540647
68.0471058102	68.9952581735	48.4108525713	49.7094739539	66.7961378822	48.4868338554	54.9216476751	55.339572762	67.1724339147	46.4831696225	62.6025912668	65.9169772644	56.8545812354	62.408202151	69.494710554	56.0569129577	67.6447653496	53.1953850524	56.5148667368	59.1781990725	51.5567454634	62.3912789711	62.2496959188	57.6644205542	45.7774955727	61.366004359	67.6827197678	51.6543805422	53.5063285931	67.0368889002	57.6699075583	56.4561772128	64.6556515218	56.1637893322	87.3684685627	67.7584196942	66.2418544722	50.386231746	68.1573948368	56.2623290864	56.2765859888	57.1171441862	58.5962086932	60.2494491152	57.3545551624	69.4001176865	64.2334860667	64.8429181164	61.7437655604	65.7769390501	52.8044381192	59.7364649537	54.8889722187	54.7833302971	46.7695029641
75.5902169994	69.7284562404	56.3142041257	60.0983992183	69.6955818898	60.5177104904	60.7527301784	62.665546485	71.8493735437	49.1677969529	73.617349368	73.544546907	65.2299137492	69.8199144524	78.8440088974	60.4174651023	77.005891621	61.8370370879	58.9506901416	62.6232424259	65.4657252912	69.6032387544	73.3860430272	56.0193786515	62.7570409673	60.6555018754	77.6191535649	55.3940225812	63.2141917925	76.2661617985	59.854006426	68.2944365978	72.7067313225	64.6348919011	67.7584196942	87.3684685627	79.2988529311	52.4653086701	77.6906815444	63.0908845283	70.9694567704	64.5343914011	64.4480800804	73.5905557755	56.4160468352	77.8617215032	69.116512863	64.5488513523	66.4811823802	58.033487014	62.4286229275	64.9836926878	61.6565407597	57.5776298026	59.2795590959
81.5494495446	73.2435137507	62.8528908695	60.92966648	71.6179123452	62.5286252482	65.3062941409	67.0548125243	76.715153732	48.714289186	70.941545135	77.5033164671	65.1315788859	70.1332039978	83.5572607816	63.6791868166	80.4475437284	60.0523277539	59.1434410777	67.0881490331	65.6421783721	74.1127433123	80.2034055329	58.0303721263	68.0877280326	61.4426690507	83.2230618103	60.8678416707	67.0231262398	81.2567110146	63.5794642276	65.619872356	75.9129336477	65.7958202884	66.2418544722	79.2988529311	87.3684685627	55.5609150755	82.4183043819	69.1911755584	72.9406305446	68.1857473815	69.603092012	70.6903350792	55.4312753553	83.1145957278	76.123319685	70.8812863856	73.3029849174	58.5759136398	61.7972994278	69.8959361232	65.7654325481	58.5994333674	62.0688450017
63.3155668282	49.9922002803	37.3093913463	52.4853972944	55.7579342474	43.6933471469	41.1261020287	50.0339076229	51.3859198794	51.2068290106	51.6497078781	61.7968411943	40.4594178153	52.4955973855	60.4235778897	51.1394147281	55.5126032171	41.413754065	55.1255773359	53.3763333189	41.2452973482	51.0915648426	56.4159773517	39.5909199853	48.8198450547	39.0444573606	59.06032893	44.5164757133	41.7398194728	54.4153047229	50.6136606542	45.3494172593	55.4145314339	42.480705295	50.386231746	52.4653086701	55.5609150755	87.3684685627	60.7181311083	58.6026241434	48.6030050399	54.6308553635	63.0436330637	46.9537438435	43.9037662005	57.472788021	55.7509544262	51.2092878986	64.0824387343	47.7021910683	46.9684106322	51.7511170577	46.8472885581	39.5751667447	44.8612991801
86.2851105489	76.5889779351	63.3490964171	63.5700279523	70.6148588535	62.3507147228	63.7949802778	66.2109364665	78.5245845407	48.7620088627	70.8983197464	81.1605227465	62.8389103312	74.6937701012	85.8427816327	65.91152595	83.869573211	64.5456316373	62.6746699957	70.5424913462	66.040597937	75.6262229353	80.5918343319	60.341945541	68.1531821793	64.9097395279	84.2302971722	58.1957235422	67.4048705305	83.1018668376	63.7978897235	67.6752796978	80.6003517393	68.6863454682	68.1573948368	77.6906815444	82.4183043819	60.7181311083	87.3684685627	76.4854713599	74.189201753	72.896251884	77.6241373345	71.0770061515	58.9599006369	84.8218068449	77.1038136313	72.9078881782	80.1143827398	62.2926623043	63.4236891105	71.591100843	67.878106129	63.1450334225	61.4167194104
78.1251138308	64.1936696133	53.7651209881	52.8026706884	57.4442995679	50.0427286413	56.7059543948	56.6335897438	65.70402312	47.7567621074	63.8683731343	73.5784760268	51.5489344429	66.5523316579	74.2819179967	56.1370505616	70.2370366501	52.7804182157	59.1811110923	64.1606908832	54.5680934654	62.4198969366	68.2704047147	59.3312826945	57.9451632224	56.7995984519	72.6746322817	46.6417283702	57.9216018797	72.1850260754	47.9507500322	62.5687872831	71.8379161377	65.0271090669	56.2623290864	63.0908845283	69.1911755584	58.6026241434	76.4854713599	87.3684685627	66.6127558625	67.5606469448	78.5578756465	61.1324166202	51.188125684	71.4438801871	64.661450655	61.9846228032	78.399411207	60.1922387604	59.1749800502	64.2359836851	56.1851691313	55.9773864816	53.783940471
73.8137465509	65.2447678762	56.6286457408	54.5350392184	61.4037483209	56.4427395127	59.4345605786	54.9878821953	66.5049564942	46.3337567403	66.5869883096	73.813287528	57.6084510068	67.5526841096	74.5012902437	63.1639385404	73.5830513059	59.9350037767	50.7762615053	64.0458697908	59.9612029455	67.9817506707	72.7161769862	51.1655328528	59.3618662489	54.0049725381	73.514003292	51.0538226372	68.6299090265	71.9993730178	55.1095482102	55.2115139067	71.3385700614	60.2978668333	56.2765859888	70.9694567704	72.9406305446	48.6030050399	74.189201753	66.6127558625	87.3684685627	60.5523348993	63.5357029093	67.5635282796	48.9452028872	74.3733611875	69.2104965874	61.4315319759	67.5107662792	55.8954217457	54.5368861014	63.2615131235	64.4627328928	51.2676026985	56.6256335404
74.9101134854	64.4210825318	45.5812255775	56.7112134362	57.6637388201	55.2066625723	48.1979012123	54.8286713395	62.4976832078	40.7115912232	64.5952628991	71.3364489225	59.5459963473	54.3132663915	72.3275987903	56.8406581088	70.1562494015	47.8937831887	57.5263400588	56.0954962372	49.8803644084	64.7923284445	66.8722117933	50.2612799422	63.5214113518	47.1809368662	70.2102582955	42.6550410039	50.7440416553	69.914592864	57.959006304	57.883770333	67.9752411277	52.5499091232	57.1171441862	64.5343914011	68.1857473815	54.6308553635	72.896251884	67.5606469448	60.5523348993	87.3684685627	72.8695331632	58.2345930048	43.160290856	68.3482316615	64.447459448	58.8391817421	72.2921404766	52.2554284234	51.960084556	61.493943439	69.5931032937	53.0087035835	47.0779156041
80.300851107	64.9170096141	52.5277553921	55.3911828972	58.6690707211	47.4784694909	55.2461894095	55.7577352352	65.8679218184	42.8264694835	60.9258486681	74.8745604191	53.9956433284	62.39007395	73.9428938011	58.515995427	70.0006865431	53.3818182966	64.7198787141	66.0612607486	55.02760184	63.0879163224	67.8528258163	51.7395002438	58.8319684527	52.840125968	71.5798754395	49.5805968434	56.5646112875	71.1635594666	55.2582495053	55.7547527572	71.3788307699	57.4546110909	58.5962086932	64.4480800804	69.603092012	63.0436330637	77.6241373345	78.5578756465	63.5357029093	72.8695331632	87.3684685627	59.1287870801	50.8542720299	71.7567882943	63.8348520475	62.4101446799	83.7525757196	53.484161483	60.0702058607	68.1596579803	58.6233545335	52.9336495605	53.022456925
68.9933902073	63.9889320901	55.8791348988	55.088962302	65.9698003276	56.3279754871	52.6265615226	63.1592899422	66.2567725787	46.4558380092	64.77820354	67.82710974	54.4385901076	66.1971030028	69.9511941391	56.3449604079	70.3789271131	65.00259094	52.652555012	60.3127165882	56.2377653953	60.9504430487	66.234581141	51.690737045	59.2145809048	47.7450088343	70.3743083565	50.5933965923	64.914156496	68.1423643765	48.8355804255	56.970223185	65.8851505369	60.9215301631	60.2494491152	73.5905557755	70.6903350792	46.9537438435	71.0770061515	61.1324166202	67.5635282796	58.2345930048	59.1287870801	87.3684685627	55.9387882063	71.0916264504	66.8827950399	59.0947573796	61.8681485522	54.7879139179	52.9109579014	54.6030423724	56.8194946928	50.255249895	53.3109103338
57.4779404754	56.4189780819	44.5273842582	49.3095523251	54.0448211851	42.5682533429	45.4408004446	41.3754891891	55.0384270772	38.4865810338	47.3146216771	52.7170580277	41.282711245	53.2358095726	58.2712580531	48.1562016554	56.4650802329	44.8161313714	43.2179418123	56.0881613142	46.3479508146	55.6387868413	55.1552344501	45.3553858225	47.377026403	50.9601182288	57.5945280341	35.3018021131	43.6839516943	52.3480852548	38.8558194476	54.5567157877	55.0034132556	53.6632361807	57.3545551624	56.4160468352	55.4312753553	43.9037662005	58.9599006369	51.188125684	48.9452028872	43.160290856	50.8542720299	55.9387882063	87.3684685627	57.3637273935	52.0577984876	52.1503937176	53.7162524258	49.5124337325	49.8893634207	45.4362188088	44.1232896587	43.9055953573	39.0905496016
83.7971465334	77.3498815488	63.5806742276	63.4760607711	70.890848828	61.3871186655	66.8710063915	64.9378233506	79.9643969877	49.4878777084	71.5592635577	80.8561718015	65.4304071518	75.3767618976	85.8146244122	66.000492352	82.432939451	63.7682722683	59.9342420766	70.1697987514	68.0387561746	76.8294857532	80.6693505321	61.2482021955	64.7221424621	64.247108973	84.2261799967	61.5338819504	69.046025009	83.0504940904	63.0984216975	67.1145207623	77.8178764868	66.585122144	69.4001176865	77.8617215032	83.1145957278	57.472788021	84.8218068449	71.4438801871	74.3733611875	68.3482316615	71.7567882943	71.0916264504	57.3637273935	87.3684685627	80.1252120692	73.5454479698	76.24434155	61.6672958347	61.1794386939	68.1867385242	67.0692227084	60.0655073599	60.8690833717
76.5675328305	70.6657436701	57.1320049624	56.0367589639	64.7749600544	58.9711987388	59.5151976154	60.6714433486	73.6200571391	46.3991401436	64.2345176761	74.1646713665	61.4184847616	70.8000533946	78.5139783082	61.7636152378	74.2256910901	53.0668735976	54.7476610893	65.8798499378	59.7822454997	70.8062356818	75.2735098974	56.9800692258	59.4179516212	56.9678451804	77.1410813812	59.8426588173	66.6518352733	75.3350239648	55.6228520681	63.287188349	68.8751195931	57.2185912893	64.2334860667	69.116512863	76.123319685	55.7509544262	77.1038136313	64.661450655	69.2104965874	64.447459448	63.8348520475	66.8827950399	52.0577984876	80.1252120692	87.3684685627	68.6910174846	68.339103879	55.284533136	56.2053064744	59.6777347243	64.6119844442	56.6304024322	56.5114599669
72.7022929169	66.1981129984	54.592724136	54.7552610297	59.8175389951	56.3268434625	56.1754424693	53.082032867	66.3828396156	46.7700836918	61.5067997525	68.6256052752	58.0096570827	64.777229235	73.3117141646	54.2497731731	68.6303554542	46.7345199673	51.921556935	59.4303340341	59.5126669417	65.5169577568	69.8093845675	53.318661126	54.0809184702	54.8243548365	73.2754494578	52.4381317451	55.6053257136	70.1991894409	57.250486544	61.6395454684	66.4779065082	60.7864612788	64.8429181164	64.5488513523	70.8812863856	51.2092878986	72.9078881782	61.9846228032	61.4315319759	58.8391817421	62.4101446799	59.0947573796	52.1503937176	73.5454479698	68.6910174846	87.3684685627	63.7808259043	59.5722861135	54.2454986752	54.6061846042	62.2574875401	63.1196417873	55.0305205264
81.8542403623	69.7743995396	53.9471672468	59.8552212548	61.8345247755	51.779199314	59.4151005218	60.0179712752	68.5558372847	44.1229606067	62.7153990962	77.8420492137	56.6254654081	64.9796263915	77.4894914122	59.4022037805	74.5111149509	58.5951296324	62.9719356681	69.3509035542	58.4796960458	65.1386236369	72.4006557012	56.3552469978	59.1278906387	57.059359434	74.5549896861	51.9230742887	58.118551722	75.3523434884	55.446423167	56.1378403643	75.4381564299	60.5948218252	61.7437655604	66.4811823802	73.3029849174	64.0824387343	80.1143827398	78.399411207	67.5107662792	72.2921404766	83.7525757196	61.8681485522	53.7162524258	76.24434155	68.339103879	63.7808259043	87.3684685627	55.7107669372	61.2293625622	68.7659428372	59.0135817034	53.8302301143	54.6850419087
62.2799896925	57.2408416183	50.7147143878	46.3175346374	60.7555731915	50.8814263186	48.5036785777	51.096470528	60.7722034909	52.1080376408	62.2343141088	60.1807425716	53.4785774199	61.8358096038	61.7847180726	42.5689462131	62.3107536692	50.0136605834	45.7282031693	51.9607116782	49.7494237483	55.8872056698	60.5251747743	61.7100215391	44.0771301234	54.8410016702	62.9168660297	42.7272336506	45.5431792305	61.1652103462	49.587280629	60.2780893475	57.5644461734	64.300845368	65.7769390501	58.033487014	58.5759136398	47.7021910683	62.2926623043	60.1922387604	55.8954217457	52.2554284234	53.484161483	54.7879139179	49.5124337325	61.6672958347	55.284533136	59.5722861135	55.7107669372	87.3684685627	48.3309442512	46.58908849	49.5367900084	57.722994015	45.1631083409
