Tissue	braincortex
N_samples	95
Chr	17
Gene	ENSG00000154945.6
SNP	rs11651060
Gene_list	ENSG00000060237.12	ENSG00000125817.7	ENSG00000101265.11	ENSG00000129473.5	ENSG00000170759.10	ENSG00000129515.14	ENSG00000109790.12	ENSG00000154945.6	ENSG00000106078.13	ENSG00000197045.8	ENSG00000135720.8	ENSG00000124374.8	ENSG00000106665.11	ENSG00000165424.6	ENSG00000107829.9	ENSG00000179295.11	ENSG00000179195.11	ENSG00000064393.11	ENSG00000169554.12	ENSG00000151414.10
Gene expression stats (Y^T * Y): 
87.3684685627	48.5017856603	55.905417228	55.6338624797	51.4257104513	48.4429668355	55.4070731302	63.2998321389	49.10367114	44.6165400865	61.8715985454	56.1734335841	53.2468137793	47.1232744485	52.6353598301	61.3346303288	47.8549389159	67.0463181117	61.8521091215	60.0983545703
48.5017856603	87.3684685627	57.9834166952	50.8583266519	49.0357642137	52.2774293911	41.6353371045	57.095623224	45.6526303085	50.0948694337	56.6793480232	54.2492919021	41.2350033248	45.1121442296	55.3475919975	53.183972583	44.9459595799	63.3354990935	58.6516151225	38.7122444102
55.905417228	57.9834166952	87.3684685627	56.9907278434	57.3242398279	50.6701871178	48.3792026654	66.1820873825	40.9819761495	51.274554217	54.595200298	47.6620647585	38.7257653755	55.9194661641	48.0665834203	56.5914972024	47.2627312271	60.8283641815	61.2035854676	44.2754028807
55.6338624797	50.8583266519	56.9907278434	87.3684685627	55.0683057501	47.5737875917	49.7708529201	59.6543060655	55.4772592422	53.2014840255	56.9608209545	45.9091348349	50.169076205	49.0522718173	54.2680138013	54.2208640209	45.3687396678	58.6935871346	51.8993527724	49.7544508236
51.4257104513	49.0357642137	57.3242398279	55.0683057501	87.3684685627	44.342682388	45.7018506962	65.8816819125	49.9542816467	55.3644135927	64.2646815889	53.766747581	46.4052527221	43.3355449864	57.3709533476	56.4428957302	50.0286601775	65.8881072582	58.3388528291	60.0470262852
48.4429668355	52.2774293911	50.6701871178	47.5737875917	44.342682388	87.3684685627	41.5953774414	57.2363389081	42.6372831109	50.2436100848	51.1809422228	54.4851708278	40.2820022267	37.6228845668	47.7894776798	52.0829927049	46.4691757164	54.7600995622	51.0513206211	56.0648032686
55.4070731302	41.6353371045	48.3792026654	49.7708529201	45.7018506962	41.5953774414	87.3684685627	53.4062247735	43.6036405957	46.0628112705	51.3452510343	32.4169273046	35.9792212304	33.500842624	37.1547831663	55.1492009565	52.8014341876	47.370071081	43.7965626829	48.1778269443
63.2998321389	57.095623224	66.1820873825	59.6543060655	65.8816819125	57.2363389081	53.4062247735	87.3684685627	55.677484854	58.8313181613	69.469706398	58.4724176944	52.9417696595	56.1947912243	63.1219862324	65.1815307642	61.8279335737	73.9582619188	62.4853372981	57.6511259756
49.10367114	45.6526303085	40.9819761495	55.4772592422	49.9542816467	42.6372831109	43.6036405957	55.677484854	87.3684685627	40.7965103357	46.7649431272	45.438952108	52.061223802	36.4751506685	58.5338502123	36.7559491766	30.2079942208	60.7792333328	45.0356769346	37.9066817465
44.6165400865	50.0948694337	51.274554217	53.2014840255	55.3644135927	50.2436100848	46.0628112705	58.8313181613	40.7965103357	87.3684685627	54.9984497399	45.686439375	48.4595637794	41.9313832695	49.2347685395	55.8383192935	54.101327277	50.3202443583	44.3716309709	58.4371541792
61.8715985454	56.6793480232	54.595200298	56.9608209545	64.2646815889	51.1809422228	51.3452510343	69.469706398	46.7649431272	54.9984497399	87.3684685627	62.0115142658	50.7017910661	48.8248720305	56.2221429241	62.203576558	61.9616558836	70.5110887457	62.4379349576	61.0573363417
56.1734335841	54.2492919021	47.6620647585	45.9091348349	53.766747581	54.4851708278	32.4169273046	58.4724176944	45.438952108	45.686439375	62.0115142658	87.3684685627	34.3980557942	40.7262103426	61.3583981252	44.9043310908	42.7303255308	69.1699816856	62.8193410165	53.4176180867
53.2468137793	41.2350033248	38.7257653755	50.169076205	46.4052527221	40.2820022267	35.9792212304	52.9417696595	52.061223802	48.4595637794	50.7017910661	34.3980557942	87.3684685627	46.3872359422	54.3395311208	38.9642218057	38.0626214537	52.6314370204	37.9476833415	46.64629492
47.1232744485	45.1121442296	55.9194661641	49.0522718173	43.3355449864	37.6228845668	33.500842624	56.1947912243	36.4751506685	41.9313832695	48.8248720305	40.7262103426	46.3872359422	87.3684685627	42.3036315023	50.5561646988	40.5473755129	54.5391620333	43.3757641716	40.3825552802
52.6353598301	55.3475919975	48.0665834203	54.2680138013	57.3709533476	47.7894776798	37.1547831663	63.1219862324	58.5338502123	49.2347685395	56.2221429241	61.3583981252	54.3395311208	42.3036315023	87.3684685627	41.4147699822	49.8272944586	67.3188735599	53.2028243221	44.9748382215
61.3346303288	53.183972583	56.5914972024	54.2208640209	56.4428957302	52.0829927049	55.1492009565	65.1815307642	36.7559491766	55.8383192935	62.203576558	44.9043310908	38.9642218057	50.5561646988	41.4147699822	87.3684685627	62.6321995617	55.921950521	51.1766788623	57.339418517
47.8549389159	44.9459595799	47.2627312271	45.3687396678	50.0286601775	46.4691757164	52.8014341876	61.8279335737	30.2079942208	54.101327277	61.9616558836	42.7303255308	38.0626214537	40.5473755129	49.8272944586	62.6321995617	87.3684685627	49.8316395152	43.7544071953	53.3696165472
67.0463181117	63.3354990935	60.8283641815	58.6935871346	65.8881072582	54.7600995622	47.370071081	73.9582619188	60.7792333328	50.3202443583	70.5110887457	69.1699816856	52.6314370204	54.5391620333	67.3188735599	55.921950521	49.8316395152	87.3684685627	68.4057422783	56.388405394
61.8521091215	58.6516151225	61.2035854676	51.8993527724	58.3388528291	51.0513206211	43.7965626829	62.4853372981	45.0356769346	44.3716309709	62.4379349576	62.8193410165	37.9476833415	43.3757641716	53.2028243221	51.1766788623	43.7544071953	68.4057422783	87.3684685627	61.310074869
60.0983545703	38.7122444102	44.2754028807	49.7544508236	60.0470262852	56.0648032686	48.1778269443	57.6511259756	37.9066817465	58.4371541792	61.0573363417	53.4176180867	46.64629492	40.3825552802	44.9748382215	57.339418517	53.3696165472	56.388405394	61.310074869	87.3684685627
Genotype stats (X^T * X): 	32.0349529053
Gene expression - Genotype stats (Y^T * X): 
-8.39911273022	-6.50076586331	-12.7898588052	-4.97016540514	-17.1115955126	-11.2111230834	-7.96526394543	-21.7947814566	-13.4653563472	-8.89193717724	-12.9458843091	-7.62942755646	-9.11401175773	-6.34163007208	-7.97637335544	-11.473948874	-12.7565830772	-14.6335180144	-11.1695792091	-6.3651848374