Tissue	braincortex
N_samples	95
Chr	2
Gene	ENSG00000115310.13
SNP	rs755229
Gene_list	ENSG00000132639.8	ENSG00000163032.7	ENSG00000117632.16	ENSG00000142192.16	ENSG00000143933.12	ENSG00000115310.13	ENSG00000139970.12	ENSG00000133318.9	ENSG00000014641.13	ENSG00000170027.5	ENSG00000067715.9	ENSG00000164924.13	ENSG00000136854.13	ENSG00000143153.8	ENSG00000128656.9
Gene expression stats (Y^T * Y): 
87.3684685627	81.9425525812	63.1199254028	55.0416016359	61.2650929252	57.4760211436	79.2588704507	73.1642722667	73.8433148833	58.0490002646	67.1620495847	52.5070788775	69.6417769671	67.5607829883	73.7134053658
81.9425525812	87.3684685627	58.709105051	49.6120957644	64.8297113276	55.3028032282	78.2918171086	75.8305085072	74.011768759	57.8575843725	64.5741745711	56.3398466658	66.6831786996	64.3907758853	80.5264254546
63.1199254028	58.709105051	87.3684685627	55.6158533852	61.6136808217	54.1074779274	66.1647417001	67.2384046287	66.1931751342	46.344155465	63.3359296163	49.0234698111	55.0873812942	58.8622935741	55.1986121062
55.0416016359	49.6120957644	55.6158533852	87.3684685627	48.9708268416	60.1423782265	55.0787620005	55.4847552478	46.3822161932	62.4189189718	62.9011853279	40.3528855091	55.561612989	66.659415437	43.4948364364
61.2650929252	64.8297113276	61.6136808217	48.9708268416	87.3684685627	61.4554830515	56.076677126	65.6035167078	63.9862700852	55.3614283275	58.7078556767	69.1963793348	44.3344349522	61.7699042212	64.9876583878
57.4760211436	55.3028032282	54.1074779274	60.1423782265	61.4554830515	87.3684685627	54.5361133744	61.7498949814	57.9464050384	53.5595515788	60.7594117802	54.7595751155	55.2612897081	64.4546759383	52.4511861132
79.2588704507	78.2918171086	66.1647417001	55.0787620005	56.076677126	54.5361133744	87.3684685627	78.3124924005	75.3652318303	52.917158293	68.7829318915	46.4139515949	71.0622223734	59.6317108318	75.3043785913
73.1642722667	75.8305085072	67.2384046287	55.4847552478	65.6035167078	61.7498949814	78.3124924005	87.3684685627	74.9562455965	60.9734853622	70.9895064955	58.3658225335	71.0230795254	64.7701331537	73.1439984901
73.8433148833	74.011768759	66.1931751342	46.3822161932	63.9862700852	57.9464050384	75.3652318303	74.9562455965	87.3684685627	42.9066869631	65.3960229601	51.8128012153	63.5252512803	63.1894596922	72.0597293778
58.0490002646	57.8575843725	46.344155465	62.4189189718	55.3614283275	53.5595515788	52.917158293	60.9734853622	42.9066869631	87.3684685627	62.3412787541	56.1992213635	53.0162671791	60.8078390197	51.667468163
67.1620495847	64.5741745711	63.3359296163	62.9011853279	58.7078556767	60.7594117802	68.7829318915	70.9895064955	65.3960229601	62.3412787541	87.3684685627	52.5227747221	68.8006059312	67.0606921066	61.5970075723
52.5070788775	56.3398466658	49.0234698111	40.3528855091	69.1963793348	54.7595751155	46.4139515949	58.3658225335	51.8128012153	56.1992213635	52.5227747221	87.3684685627	42.0545115739	52.0599549841	54.0708308968
69.6417769671	66.6831786996	55.0873812942	55.561612989	44.3344349522	55.2612897081	71.0622223734	71.0230795254	63.5252512803	53.0162671791	68.8006059312	42.0545115739	87.3684685627	60.0486660188	56.6588605296
67.5607829883	64.3907758853	58.8622935741	66.659415437	61.7699042212	64.4546759383	59.6317108318	64.7701331537	63.1894596922	60.8078390197	67.0606921066	52.0599549841	60.0486660188	87.3684685627	56.6134938047
73.7134053658	80.5264254546	55.1986121062	43.4948364364	64.9876583878	52.4511861132	75.3043785913	73.1439984901	72.0597293778	51.667468163	61.5970075723	54.0708308968	56.6588605296	56.6134938047	87.3684685627
Genotype stats (X^T * X): 	36.9894736842
Gene expression - Genotype stats (Y^T * X): 
12.3494505347	12.7080462921	10.9733356653	7.8543180447	13.9137587073	21.3629139045	10.5377973851	11.6556415333	8.55890719431	8.47293369983	4.80570011217	10.8772477493	12.0652333929	7.11705944477	10.8669384857