Tissue	braincortex
N_samples	95
Chr	2
Gene	ENSG00000132326.7
SNP	rs72991071
Gene_list	ENSG00000181773.6	ENSG00000120875.4	ENSG00000122877.9	ENSG00000139318.7	ENSG00000155090.10	ENSG00000132326.7
Gene expression stats (Y^T * Y): 
87.3684685627	60.802847143	38.7650458713	59.736481987	53.4611933566	53.623821534
60.802847143	87.3684685627	52.9103297635	65.7738213017	48.1398456789	68.1621386255
38.7650458713	52.9103297635	87.3684685627	54.9007550285	55.3150323774	53.1937733906
59.736481987	65.7738213017	54.9007550285	87.3684685627	52.6931335116	60.3676545542
53.4611933566	48.1398456789	55.3150323774	52.6931335116	87.3684685627	54.6120469669
53.623821534	68.1621386255	53.1937733906	60.3676545542	54.6120469669	87.3684685627
Genotype stats (X^T * X): 	36.9229536211
Gene expression - Genotype stats (Y^T * X): 
-10.3425972513	-13.8323892795	-11.6920780994	-9.86566918291	-10.3756272559	-19.5211720548