Tissue	braincortex
N_samples	95
Chr	12
Gene	ENSG00000170477.8
SNP	rs2363628
Gene_list	ENSG00000171401.10	ENSG00000170477.8	ENSG00000121552.3	ENSG00000133710.11	ENSG00000143536.7	ENSG00000169474.3	ENSG00000163209.10
Gene expression stats (Y^T * Y): 
87.3684685627	77.7855278569	66.805055732	52.8475414552	75.2593992191	58.4670754527	80.2430560787
77.7855278569	87.3684685627	66.1064986938	53.0404800851	77.0679095542	52.9581080092	78.5841099269
66.805055732	66.1064986938	87.3684685627	61.8855848368	68.1305162358	59.7783891182	67.8143876884
52.8475414552	53.0404800851	61.8855848368	87.3684685627	58.4172749862	51.2556495655	54.3896403133
75.2593992191	77.0679095542	68.1305162358	58.4172749862	87.3684685627	53.5033371728	76.3356551364
58.4670754527	52.9581080092	59.7783891182	51.2556495655	53.5033371728	87.3684685627	64.624437788
80.2430560787	78.5841099269	67.8143876884	54.3896403133	76.3356551364	64.624437788	87.3684685627
Genotype stats (X^T * X): 	52.5345384211
Gene expression - Genotype stats (Y^T * X): 
25.8048925068	25.4714255388	20.8349871974	15.8407176693	21.7642918477	15.071844082	23.2564413169