Tissue	braincortex
N_samples	95
Chr	1
Gene	ENSG00000158022.6
SNP	rs61776575
Gene_list	ENSG00000130598.11	ENSG00000130595.12	ENSG00000109061.9	ENSG00000125414.14	ENSG00000092054.12	ENSG00000158022.6	ENSG00000198125.8	ENSG00000104879.4	ENSG00000168530.11	ENSG00000143632.10
Gene expression stats (Y^T * Y): 
87.3684685627	55.7771356955	51.0559609906	68.0356258325	61.0515920437	53.2890821152	64.9499236002	73.8593263509	71.5484310987	70.3085908076
55.7771356955	87.3684685627	55.8905419932	58.0963510948	56.4158811725	53.7644326025	54.8418767429	59.4454834035	57.8619464114	58.4340256099
51.0559609906	55.8905419932	87.3684685627	54.2825016137	55.698577677	60.5520597469	50.2721771891	59.9526369278	49.9890367207	55.0614728431
68.0356258325	58.0963510948	54.2825016137	87.3684685627	63.6559438805	63.4269213118	65.5751943476	74.4663398725	75.096090906	75.0285055566
61.0515920437	56.4158811725	55.698577677	63.6559438805	87.3684685627	53.5614439651	66.7407485974	71.1542174685	66.4396021211	71.9972667474
53.2890821152	53.7644326025	60.5520597469	63.4269213118	53.5614439651	87.3684685627	57.0875112321	60.1005919796	56.4781947682	55.9927991772
64.9499236002	54.8418767429	50.2721771891	65.5751943476	66.7407485974	57.0875112321	87.3684685627	79.684940558	71.2061631954	75.5785357173
73.8593263509	59.4454834035	59.9526369278	74.4663398725	71.1542174685	60.1005919796	79.684940558	87.3684685627	77.4452129223	82.9801873053
71.5484310987	57.8619464114	49.9890367207	75.096090906	66.4396021211	56.4781947682	71.2061631954	77.4452129223	87.3684685627	77.1205819917
70.3085908076	58.4340256099	55.0614728431	75.0285055566	71.9972667474	55.9927991772	75.5785357173	82.9801873053	77.1205819917	87.3684685627
Genotype stats (X^T * X): 	26.5263157895
Gene expression - Genotype stats (Y^T * X): 
13.0068195099	6.82050086345	5.90863804839	16.9004474008	14.2762975078	16.5463161582	11.3054468481	12.6452522379	14.9389681667	13.3753498404