Tissue	braincortex
N_samples	95
Chr	3
Gene	ENSG00000185565.7
SNP	rs11926630
Gene_list	ENSG00000152990.9	ENSG00000183579.11	ENSG00000164976.8	ENSG00000198792.8	ENSG00000151834.11	ENSG00000068976.9	ENSG00000162433.10	ENSG00000125285.4	ENSG00000172461.6	ENSG00000185565.7	ENSG00000163406.6	ENSG00000164398.8	ENSG00000170075.8
Gene expression stats (Y^T * Y): 
87.3684685627	45.3788561443	51.8638545656	37.3512674757	46.513089393	49.7400227788	54.8636078192	40.2159951229	37.2806083108	52.8247597776	42.5212031341	36.6884147622	46.3949237804
45.3788561443	87.3684685627	44.9106722242	32.7627523214	52.5872944826	33.1471224264	38.6364199399	33.4831413225	35.4144971289	52.635804738	43.9068014616	37.0494814426	31.2746037788
51.8638545656	44.9106722242	87.3684685627	54.1913115735	41.3603615986	50.6519441009	46.5911162828	43.305095608	35.2649557237	57.8314605389	45.5533963134	49.8948103178	61.4867032554
37.3512674757	32.7627523214	54.1913115735	87.3684685627	41.1340174587	47.6971454867	44.4117531702	45.1558593927	45.7902839563	53.6148840066	46.025604347	33.0830465219	45.4954975639
46.513089393	52.5872944826	41.3603615986	41.1340174587	87.3684685627	49.7344490401	49.7587014991	48.6170245303	48.775634114	56.6706781513	45.8177069637	43.2391222495	41.1436252898
49.7400227788	33.1471224264	50.6519441009	47.6971454867	49.7344490401	87.3684685627	48.6637117184	50.2816040723	29.0171347458	52.6136259524	42.6869693457	49.4431734298	66.6422835304
54.8636078192	38.6364199399	46.5911162828	44.4117531702	49.7587014991	48.6637117184	87.3684685627	49.6935066922	34.8710618206	54.0694033757	51.2898424748	29.0023164826	46.1433143241
40.2159951229	33.4831413225	43.305095608	45.1558593927	48.6170245303	50.2816040723	49.6935066922	87.3684685627	47.1809603586	57.9470219978	48.4620026794	25.4785118001	40.9456748396
37.2806083108	35.4144971289	35.2649557237	45.7902839563	48.775634114	29.0171347458	34.8710618206	47.1809603586	87.3684685627	52.5414748682	42.3213910709	23.7576255117	31.1303045481
52.8247597776	52.635804738	57.8314605389	53.6148840066	56.6706781513	52.6136259524	54.0694033757	57.9470219978	52.5414748682	87.3684685627	53.1017616181	54.7632639577	53.5532417545
42.5212031341	43.9068014616	45.5533963134	46.025604347	45.8177069637	42.6869693457	51.2898424748	48.4620026794	42.3213910709	53.1017616181	87.3684685627	40.8722806337	40.689158812
36.6884147622	37.0494814426	49.8948103178	33.0830465219	43.2391222495	49.4431734298	29.0023164826	25.4785118001	23.7576255117	54.7632639577	40.8722806337	87.3684685627	56.0582311757
46.3949237804	31.2746037788	61.4867032554	45.4954975639	41.1436252898	66.6422835304	46.1433143241	40.9456748396	31.1303045481	53.5532417545	40.689158812	56.0582311757	87.3684685627
Genotype stats (X^T * X): 	42.1052631579
Gene expression - Genotype stats (Y^T * X): 
15.9307354903	20.1337190592	23.3247689024	17.6125611738	16.9726062697	12.7242638083	10.6264669801	30.9121663519	17.0638338502	25.9422014186	18.6654689114	12.667944026	18.3840480927