Tissue	braincortex
N_samples	95
Chr	11
Gene	ENSG00000133318.9
SNP	rs61929729
Gene_list	ENSG00000142089.11	ENSG00000177600.4	ENSG00000115268.5	ENSG00000140988.11	ENSG00000110651.7	ENSG00000130255.8	ENSG00000111674.4	ENSG00000072778.15	ENSG00000220205.4	ENSG00000166441.8	ENSG00000132639.8	ENSG00000139112.6	ENSG00000176788.7	ENSG00000163032.7	ENSG00000105640.8	ENSG00000131100.8	ENSG00000134333.9	ENSG00000137154.8	ENSG00000165795.16	ENSG00000104722.9	ENSG00000273173.1	ENSG00000117632.16	ENSG00000198242.9	ENSG00000142192.16	ENSG00000128245.10	ENSG00000231500.2	ENSG00000266964.1	ENSG00000108298.5	ENSG00000105193.4	ENSG00000145592.9	ENSG00000154277.8	ENSG00000105372.2	ENSG00000140264.15	ENSG00000160014.12	ENSG00000143933.12	ENSG00000160307.5	ENSG00000063177.8	ENSG00000123416.11	ENSG00000104888.5	ENSG00000142541.12	ENSG00000142534.2	ENSG00000170889.9	ENSG00000167614.9	ENSG00000115310.13	ENSG00000108107.8	ENSG00000087250.4	ENSG00000103034.10	ENSG00000168309.12	ENSG00000139970.12	ENSG00000133318.9	ENSG00000014641.13	ENSG00000149806.6	ENSG00000137818.7	ENSG00000172809.8	ENSG00000021300.9	ENSG00000170027.5	ENSG00000067715.9	ENSG00000104435.9	ENSG00000167526.9	ENSG00000198668.6	ENSG00000166925.4	ENSG00000164924.13	ENSG00000126214.16	ENSG00000137726.11	ENSG00000154096.9	ENSG00000136942.10	ENSG00000136854.13	ENSG00000113558.14	ENSG00000161016.11	ENSG00000143153.8	ENSG00000128656.9	ENSG00000161203.9	ENSG00000156976.10	ENSG00000159176.9
Gene expression stats (Y^T * Y): 
87.3684685627	49.8461216278	52.2536585904	56.929593526	69.3531785347	50.8724914592	-39.2628937085	46.5223262297	-56.5082477918	51.226479722	-51.6381082272	-37.4519753813	-30.5822814959	-48.1596451611	54.6355746817	-35.9257017407	-11.3206028868	59.2125829813	42.7557738338	-36.0740425503	-33.1736313061	-49.9829425755	54.6927742891	-25.5024433736	-50.3021331501	51.9571937732	51.8671371658	56.7128932016	62.3364093162	53.1543243574	-52.0153492021	61.25702012	53.8189913246	-56.5484901288	-39.8471981546	41.8888652087	58.710734182	-44.5049772132	-57.465471767	61.7063362392	60.2857503082	45.0539404732	29.3843679726	-37.2986713047	53.6535170126	53.0427483951	-57.6553063232	66.2499421139	-49.2812728829	-53.5998435002	-51.8460546405	48.5812109599	58.6307379326	55.3401251617	43.381687448	-24.2426870389	-40.2844178298	-52.7330223846	49.1203386263	-52.5677990421	40.6925986887	-34.464311194	-44.6814203728	-47.7218999476	-59.2138809273	49.7498100654	-41.8841601627	-19.5595782201	52.1187719578	-40.2855374333	-45.8245348727	-50.9150069655	-23.2006950859	44.4988564952
49.8461216278	87.3684685627	74.5756102197	63.4519321908	49.865624121	72.951586699	-45.2047535292	37.2366076335	-38.3782826899	65.3203929436	-51.589036345	-37.2638132509	-22.024315354	-52.7283321052	65.7741096674	-37.9578149562	-42.4157745199	64.4745936653	46.5670680906	-43.3130321391	-32.0813050601	-38.4481895321	72.9023199376	-31.5040020719	-52.8344158034	62.539265512	52.6079009228	72.2880466033	73.931235652	77.4304615897	-51.7743344995	77.4765238949	67.3881445365	-41.1273217033	-37.1282204267	58.3212273353	62.0791717621	-42.0764778612	-49.5676966761	75.9864731568	69.1764258117	66.0708741567	44.1694946626	-41.2033017327	70.2738056986	59.1782214057	-46.2839064733	52.1535814072	-59.2689925465	-58.4426267228	-58.4336224533	75.7908058111	79.4921406066	77.5682845955	57.8429134852	-28.3990808796	-54.8371074089	-55.2189327129	68.5460376893	-43.1973907818	51.929126985	-35.4696323478	-28.6402258443	-36.3585579564	-49.6026918534	67.1423344969	-54.297113018	-25.7373182569	71.1367795659	-39.7633449072	-55.135531636	-52.1979179293	-42.8019946882	45.2871017255
52.2536585904	74.5756102197	87.3684685627	69.013242566	47.599975049	77.6826602537	-49.8938808124	43.7342725584	-45.2753592113	68.0132327634	-54.1000941546	-50.3693577753	-28.1442926342	-54.1466450998	77.0320623423	-42.0193395689	-43.7109834682	65.5989160039	47.602887195	-51.7554912047	-28.3489528379	-43.0496180355	69.5795598495	-37.4283537882	-56.8227431551	63.3690913604	51.0880964405	71.7301067479	78.3175457607	71.0800436395	-49.5271910006	79.4919221207	67.7269537508	-47.2422409166	-38.0791292552	53.0547936247	75.7539255802	-43.5706470012	-49.3196272078	75.5562330658	72.585422821	73.0151245346	44.0869854042	-47.1180026657	78.1114030919	61.8318365799	-49.8039368269	54.0780431264	-58.7236324497	-61.6313242054	-56.8291476916	78.1912152615	79.7312366023	76.3932685713	53.0804448255	-35.0308518003	-53.556925444	-56.2847729427	79.8817020769	-47.983525802	52.7529248226	-43.2764476389	-25.6939501625	-34.9035729524	-52.9771287527	76.8312728485	-53.8733938026	-25.9118406049	72.9696703511	-47.3894958648	-55.8389497581	-52.4622838737	-45.8645203877	42.2085311217
56.929593526	63.4519321908	69.013242566	87.3684685627	51.1361661375	65.9492254729	-41.6992602314	40.1676423562	-27.6595607621	59.0707872545	-54.0841548401	-33.954115177	-31.6932137372	-55.1206331114	69.0380604781	-35.2616638982	-28.943698671	60.122697234	41.0904450118	-45.4495670765	-18.4958663782	-40.6633199136	59.7934155376	-35.1192044738	-48.1675155407	63.0456460262	40.6777506077	65.2017369382	71.659161283	62.2163923699	-46.7400451302	74.2150299697	58.4909200087	-36.4229792376	-43.325877749	40.8144417566	66.2507031419	-31.7856173004	-37.2900359567	71.346303718	67.0159616102	62.7384553579	32.7657715233	-45.988516742	70.1888853214	49.3899409332	-48.6648222615	49.0905021955	-51.5727786593	-57.16106214	-55.5481692355	68.1908775702	67.3726459539	64.4586917594	41.2433630833	-29.9282068483	-50.8895833372	-46.3047081801	67.5647810206	-38.6465013296	41.0615651574	-41.4857623328	-33.8350705747	-31.44623153	-42.7629459844	62.6330067173	-51.209264945	-20.2288025184	70.4376147344	-51.4945980228	-52.1760977352	-37.7382919967	-36.2495276879	33.7389596824
69.3531785347	49.865624121	47.599975049	51.1361661375	87.3684685627	45.3330236718	-53.9589308901	40.9265965974	-54.0718225417	45.2382071597	-64.0198620358	-36.352295354	-44.9843841976	-62.2332403238	51.0039889133	-36.9271457928	-28.8203010908	53.1087701121	63.5543254448	-50.2951067759	-49.5571728458	-56.4543359277	55.783416576	-34.9279474249	-60.9582254749	45.7212589612	64.5851791115	52.2660501888	57.1161171276	51.3465611645	-60.2463814126	58.6419589935	52.6186260853	-57.6228290055	-45.3950989671	58.2891332389	54.9805669481	-53.2019603289	-59.6335851473	61.866483537	53.457707684	39.7714795036	56.0753062022	-43.7394071714	52.7907227747	58.8952123343	-55.1135009997	67.0503284389	-63.2346657525	-60.6702229252	-60.6954556047	49.6175957078	57.3168826307	48.7389046364	51.7449281049	-40.8529524687	-51.6911969538	-65.1986186486	44.7815726508	-55.1496636518	55.81232086	-34.1847741785	-61.3075684257	-49.8238472363	-62.1168413071	43.6360466272	-53.1058091519	-22.7376676346	50.1339636025	-44.7428614272	-59.4417362424	-57.1271688799	-38.8881237106	62.1770119438
50.8724914592	72.951586699	77.6826602537	65.9492254729	45.3330236718	87.3684685627	-46.108366409	41.9284793003	-40.7833404124	65.2765216306	-47.2337637038	-45.1611320718	-22.685320723	-45.3365591283	72.6115421162	-40.440825824	-43.2436225813	61.1209415933	43.1291877694	-45.6975824148	-26.2421564621	-43.804219209	68.3944074909	-43.7939662739	-45.3672959799	67.3358467464	56.287182897	66.4235008141	73.7393977834	69.6981054359	-45.162001997	76.5187213167	64.0012561362	-37.6518667607	-36.4544105274	42.7184583714	72.1241759006	-40.4951842469	-42.3014872393	71.9484677691	69.7066474171	68.9713330019	42.5078239726	-48.9494690543	70.295492761	66.9868050279	-43.5706596274	54.2675378941	-50.4882698744	-59.9969033676	-49.729692791	77.5419782574	75.5278681227	76.0698632294	41.1807516107	-36.5969474716	-55.2297707909	-52.2820275374	72.7937439047	-39.8089625323	40.6556393642	-37.1842291579	-33.0979560828	-31.7266421318	-48.3397482104	74.8373485753	-54.9745301521	-25.6754873495	74.6853312027	-48.6097267833	-44.3180236066	-44.9333649197	-37.1085147035	34.5276231891
-39.2628937085	-45.2047535292	-49.8938808124	-41.6992602314	-53.9589308901	-46.108366409	87.3684685627	-40.1393344193	54.1340259781	-57.5046898835	62.5292185504	49.7755292971	43.5882617639	55.6571601115	-46.7170199466	54.6101548994	44.9836978534	-55.0986252952	-63.8346863679	66.5759775754	57.1342319047	47.0816691101	-57.3386725353	46.4845467731	60.6307069835	-49.4268488572	-57.9113938482	-49.8181937446	-50.6094141903	-49.9884941374	69.4100696268	-52.3667861912	-55.0672127795	60.4924370949	22.6078317674	-55.7268159983	-57.2814523347	67.3704057977	56.0176133234	-48.8869278102	-54.4726968298	-41.4469303524	-56.9907757906	37.7036273047	-46.5898875264	-46.6510252477	57.6121786495	-61.6373960128	68.6055655534	60.0137303517	55.0883641249	-42.5989387061	-55.9770754097	-51.7350789473	-53.8961033808	36.4159285949	47.5705395087	61.696060814	-45.7608778551	38.2827989875	-61.3267458706	14.904940259	55.4932583439	64.6146102343	62.8187337682	-58.1057133793	69.936621638	29.6495845781	-39.5549345065	41.9137986107	47.3986588017	61.8568215811	43.7747057299	-63.811112766
46.5223262297	37.2366076335	43.7342725584	40.1676423562	40.9265965974	41.9284793003	-40.1393344193	87.3684685627	-53.4049312578	41.8397442132	-60.508669666	-43.5946354293	-42.5383602253	-53.7329567184	36.3671742203	-36.4705409246	-39.3310417561	43.3133608045	39.2178306611	-41.0539761323	-27.9385027667	-52.6898457283	48.297307521	-43.4086698139	-52.8442422648	43.3686049614	34.6979419679	44.6769862845	45.6607395176	45.6097934271	-41.9799877081	45.8299037863	43.8651337314	-59.3101842119	-48.4584014737	34.1116647677	49.8646137504	-52.5609143411	-55.4206636519	48.4996447762	51.6162036881	28.761649672	30.43626863	-44.3424087765	41.2893474996	49.5455582329	-55.9515192291	58.3317014904	-53.8922623034	-55.9884693501	-54.0478239834	36.9610163335	41.8064293102	43.9372546844	41.5403431234	-42.6639674364	-45.2544349128	-54.0729955853	36.9896110652	-60.7707517316	29.4677332056	-43.9691016086	-37.7733825576	-36.6253072363	-53.374509574	41.8120028513	-44.0046349756	-37.6475122451	43.8902791859	-55.1631838797	-51.4261523435	-39.6792774093	-37.4768478239	44.973875952
-56.5082477918	-38.3782826899	-45.2753592113	-27.6595607621	-54.0718225417	-40.7833404124	54.1340259781	-53.4049312578	87.3684685627	-47.8311057661	55.7017365915	54.1654501202	39.6234446892	46.535531624	-36.3121089646	36.8032293823	33.3548441142	-50.5397154774	-47.6306426988	37.616976398	46.8104679376	45.5881428143	-47.6282019482	31.7615905938	56.9371399009	-43.4097305994	-50.2337032777	-47.5855553512	-45.8451953319	-40.2678565436	51.1637417104	-46.8649375913	-47.1966876988	75.5357900083	35.4806630891	-44.926285115	-50.6020943813	63.6921821038	70.2320990504	-43.5023657962	-51.1829970367	-30.3842831869	-37.9026800641	32.1605762599	-40.2985938324	-49.3315855172	63.7520929242	-62.3672439156	53.8581523234	52.4924562011	41.5383618796	-35.5773478347	-47.8141685169	-45.8662044709	-46.9241762726	36.4377364111	36.1720937782	58.9965213301	-38.7961220747	65.8703577138	-46.8954987419	31.4738391786	42.0780766846	60.118607548	70.2494203212	-48.9939568121	46.9246603466	33.1158653425	-33.0000617946	28.0865143976	46.7115117471	56.7157008762	39.3127622086	-53.433199141
51.226479722	65.3203929436	68.0132327634	59.0707872545	45.2382071597	65.2765216306	-57.5046898835	41.8397442132	-47.8311057661	87.3684685627	-50.5143514707	-38.7951810585	-36.7218952591	-49.3636453785	68.4759951227	-29.077684485	-37.2257548773	78.0619751446	50.941866558	-50.0433402123	-32.7947495632	-33.6052909618	73.6587269358	-31.753210922	-54.0377234394	74.3300516463	44.137439224	77.2958807408	72.5846710624	69.2764307483	-55.2529338891	72.594403453	58.6176443098	-54.2884724569	-22.8572426248	57.7345727631	73.9035568878	-49.2182458836	-52.20230256	71.8693279262	76.4705879884	67.062571194	41.8242831898	-34.0022459396	70.6568755904	51.6047290619	-57.9643344408	57.5761072665	-55.5195370926	-54.408556162	-48.3034291483	66.3206211531	71.4395867243	72.8758109582	55.1429041454	-24.4156885626	-46.5942263464	-48.1253523178	69.2859318387	-38.4611473435	51.478078402	-20.221552413	-31.4025140702	-41.5345828201	-65.3817830149	78.7311100273	-59.037376743	-6.03544730777	67.047768858	-39.633463956	-50.9526908501	-59.305677245	-30.2154376773	50.9739245732
-51.6381082272	-51.589036345	-54.1000941546	-54.0841548401	-64.0198620358	-47.2337637038	62.5292185504	-60.508669666	55.7017365915	-50.5143514707	87.3684685627	52.4782632331	63.4384553039	81.9425525812	-48.3036189746	48.8651246166	54.8020073668	-55.6138751627	-59.971109233	58.9104779164	46.3060298834	63.1199254028	-57.526363472	55.0416016359	72.4947642655	-52.470059948	-52.4032269986	-56.9781360923	-57.3473500294	-54.7555821313	62.9266011356	-62.1768831278	-55.3594615621	69.2165620959	61.2650929252	-57.8959578195	-58.8790083491	59.7625593828	65.2114545892	-61.7266716616	-59.5372893497	-43.6432506166	-50.8000177971	57.4760211436	-54.5636306709	-52.8458803077	67.9628043274	-66.1246301499	79.2588704507	73.1642722667	73.8433148833	-48.0487458054	-58.186313359	-54.3716081488	-62.4141305392	58.0490002646	67.1620495847	71.4303635012	-49.4759350753	63.6790985371	-56.3326234354	52.5070788775	58.1959416417	48.4083558266	61.463168624	-51.0016842416	69.6417769671	44.0209113986	-49.9413442639	67.5607829883	73.7134053658	51.9473764959	60.6926665314	-65.7786764904
-37.4519753813	-37.2638132509	-50.3693577753	-33.954115177	-36.352295354	-45.1611320718	49.7755292971	-43.5946354293	54.1654501202	-38.7951810585	52.4782632331	87.3684685627	42.1932973289	47.1944585749	-41.8865831611	53.1611436395	49.8851105486	-36.216536335	-41.1437558986	48.786767547	37.8284151124	48.7751442693	-39.5316385304	50.1046393475	52.1225193045	-36.0016971442	-46.3128749622	-33.9107595142	-42.3872015702	-31.1021354996	52.7079208816	-46.068438197	-46.9887505053	52.8599540596	39.767702138	-33.4580309002	-48.9665671022	54.5445700938	53.7540228017	-41.5529880415	-43.0535082964	-38.6072552062	-41.9595481118	36.0381639166	-39.6795311952	-44.6323437045	50.8981077816	-45.5717661129	52.65929637	58.2805443333	47.5853417931	-35.9333759058	-47.9291383612	-37.7585924193	-36.8528400239	49.9477563088	49.6567544805	58.2272787018	-39.3671385963	49.3730943824	-39.4769755488	39.7853561329	41.0415480877	45.9184895877	47.4996600162	-43.8467680652	48.0633281758	48.8041117109	-36.7226166936	42.611882792	43.1285663682	46.2668873861	49.8803263703	-33.7031855074
-30.5822814959	-22.024315354	-28.1442926342	-31.6932137372	-44.9843841976	-22.685320723	43.5882617639	-42.5383602253	39.6234446892	-36.7218952591	63.4384553039	42.1932973289	87.3684685627	60.8109627123	-33.6430704918	33.2912478303	40.3856474298	-39.8396133789	-48.6072465943	42.3228010172	27.6301190765	59.5781429363	-38.3984052807	45.5286073718	51.3033197668	-39.5320001648	-34.6383096192	-32.6849548718	-35.7020125114	-28.0232202183	53.0601553392	-37.1093674092	-26.25862751	53.9075139707	46.3660596929	-40.5199134323	-39.7548811952	49.7474752493	50.186952073	-38.074569084	-38.7194403766	-27.4028759227	-33.5198782927	41.6443103634	-31.8473726496	-30.1776955945	55.5862086825	-47.8995552354	56.8470108194	53.2698887989	53.2270187288	-23.0576655906	-30.9927778563	-29.9633590577	-40.3509341298	42.4216977834	53.5842676925	48.6509825859	-28.2940554099	36.5894933901	-34.9103808782	37.3869347817	53.2411874313	41.0817369448	49.5327051316	-32.1658285391	52.6940425831	14.1289328984	-32.369625252	50.3853320607	54.7266588779	44.9372684046	35.9336642086	-43.2887770646
-48.1596451611	-52.7283321052	-54.1466450998	-55.1206331114	-62.2332403238	-45.3365591283	55.6571601115	-53.7329567184	46.535531624	-49.3636453785	81.9425525812	47.1944585749	60.8109627123	87.3684685627	-46.6879878336	46.1910289286	48.7006332995	-52.6168331572	-60.0215512128	60.1946028668	47.773127451	58.709105051	-54.9039080431	49.6120957644	75.1352901404	-50.1686622376	-46.2297153236	-56.7803197371	-55.0674212734	-53.9787525813	61.8760021897	-62.4662971133	-52.1140100143	64.3961769774	64.8297113276	-60.2759453694	-55.2918242072	53.3926037632	59.4880260656	-60.4902598245	-53.9994892785	-46.5589658281	-52.4479253344	55.3028032282	-55.1393418638	-48.8163060516	56.891522971	-57.9321456452	78.2918171086	75.8305085072	74.011768759	-49.1247608997	-58.330448402	-50.86265161	-63.7048451513	57.8575843725	64.5741745711	66.3103539608	-50.4805959776	63.9132181988	-60.3491039965	56.3398466658	53.143320108	43.2156049474	55.6532730756	-47.7494060519	66.6831786996	40.0169061907	-51.0314343213	64.3907758853	80.5264254546	48.536625272	67.6805321425	-63.3183728353
54.6355746817	65.7741096674	77.0320623423	69.0380604781	51.0039889133	72.6115421162	-46.7170199466	36.3671742203	-36.3121089646	68.4759951227	-48.3036189746	-41.8865831611	-33.6430704918	-46.6879878336	87.3684685627	-32.7840546088	-29.4924560992	67.0950992437	44.6808674138	-49.5449628676	-22.4229593533	-44.8498786248	67.9555530059	-33.1114123677	-46.0378819484	66.6036315649	48.0716931614	68.9043564564	77.9485110863	65.1681617959	-48.9396303686	73.5800999556	60.0772960025	-40.0825997796	-29.7730924839	45.7475793135	76.1981864753	-40.8203769615	-43.9148131247	75.6177694289	73.1394940412	69.2315424834	36.1007723522	-38.0504569609	76.1362017229	56.4339106677	-50.9312769622	54.973467214	-50.6632655303	-52.9823800372	-51.604438519	74.3880483874	74.1814678888	71.3582975016	40.2610581809	-26.4928054209	-48.5885783935	-49.9325151419	76.1245307975	-32.5803714165	40.8361876735	-30.1717660882	-33.8961829769	-31.1631722134	-52.271341419	73.7654893086	-48.6510013705	-6.6092083655	74.1836283803	-45.2106593203	-47.021145875	-50.8167154334	-26.5179895789	37.7167720674
-35.9257017407	-37.9578149562	-42.0193395689	-35.2616638982	-36.9271457928	-40.440825824	54.6101548994	-36.4705409246	36.8032293823	-29.077684485	48.8651246166	53.1611436395	33.2912478303	46.1910289286	-32.7840546088	87.3684685627	37.405708205	-26.1422808843	-35.3604022408	55.1464615475	44.1144882592	56.0798898936	-34.0087900405	39.0552941889	45.5008089109	-25.6694240246	-46.435989283	-25.3968422618	-43.5349139138	-38.0147654346	59.4401848197	-44.989120513	-51.1947593323	34.805701704	44.3362532182	-21.3201156956	-35.7768905577	41.6930534712	38.5906098656	-38.5503437471	-35.9069365908	-31.612309736	-30.6161902442	44.233530379	-25.2682635571	-39.0157209725	37.0251200372	-38.5727959748	54.7966742261	59.7122587613	64.4661560269	-32.349758591	-48.3422650644	-39.9988815756	-33.397005424	26.6729268869	44.3179801166	56.5302912331	-32.1561404812	31.3492161721	-37.2270705612	34.8087615151	40.2151052081	50.5336459324	33.3773684609	-31.9033113665	49.7866098138	56.4829516244	-28.3488373223	43.1559062249	40.5100409282	50.2530374528	48.6933945774	-35.4555070398
-11.3206028868	-42.4157745199	-43.7109834682	-28.943698671	-28.8203010908	-43.2436225813	44.9836978534	-39.3310417561	33.3548441142	-37.2257548773	54.8020073668	49.8851105486	40.3856474298	48.7006332995	-29.4924560992	37.405708205	87.3684685627	-34.123946118	-45.9952731339	38.2945718598	28.5301386916	37.6841676357	-41.8018071576	53.2051354422	49.0599439255	-36.5376339734	-40.7606575227	-37.3283559372	-35.3000215908	-42.8608976422	37.8247519803	-44.4064348667	-38.3541807787	37.3081470178	36.1105317158	-45.4009222445	-39.7005239407	40.7788361999	35.5852688111	-42.8347597153	-37.8641458001	-33.6504841039	-48.6802158262	43.686003123	-37.8656064315	-40.8171079192	36.545394322	-37.3161491356	55.0852154865	53.1025438475	46.1631919228	-39.5330563237	-41.5104852392	-42.2943620404	-47.8150048507	54.4006615333	57.7956425958	51.1332804243	-35.8333416707	35.3545569921	-40.0100976149	40.202623625	35.5935251657	24.4658725603	36.2177257074	-41.3426705376	53.7877731294	43.1278029748	-37.7724228509	46.3079941391	46.6521368869	33.8749716435	47.7236858772	-38.6542932217
59.2125829813	64.4745936653	65.5989160039	60.122697234	53.1087701121	61.1209415933	-55.0986252952	43.3133608045	-50.5397154774	78.0619751446	-55.6138751627	-36.216536335	-39.8396133789	-52.6168331572	67.0950992437	-26.1422808843	-34.123946118	87.3684685627	51.8089633949	-47.7794528973	-30.2009704279	-32.7465715479	78.0454559753	-29.7754348281	-56.3616006211	77.4452687152	45.679258128	80.511404752	75.5122095973	72.9201612322	-53.6408428711	74.1681702202	57.3416795665	-61.5137200991	-24.5732178284	60.3357602594	75.2040787494	-50.1664060859	-54.3595586101	74.6071999547	79.1662248423	65.7507913204	36.2518598063	-34.4274979359	71.0539966311	46.1991703593	-64.7579051215	65.1159524992	-56.230861613	-52.5801009422	-50.8749587692	64.7096924209	69.7377041041	74.6752979204	60.691574309	-22.2242736303	-43.6625489772	-49.6958033157	67.7115336076	-43.2430181169	49.4333790329	-24.5840121112	-36.1515477796	-43.4788153903	-66.0917744769	74.572641836	-56.2079145047	-3.66219578622	65.6721670098	-39.8317948952	-51.039309918	-57.8390707603	-24.0932795899	53.0982022587
42.7557738338	46.5670680906	47.602887195	41.0904450118	63.5543254448	43.1291877694	-63.8346863679	39.2178306611	-47.6306426988	50.941866558	-59.971109233	-41.1437558986	-48.6072465943	-60.0215512128	44.6808674138	-35.3604022408	-45.9952731339	51.8089633949	87.3684685627	-53.3656728054	-52.6368480912	-47.6478909107	59.1490922304	-45.5699551263	-66.3556981199	47.0813766626	65.5313379096	46.5736295835	47.8051261187	50.4619010547	-67.0342598536	52.6131782688	45.0859331384	-54.4589150517	-34.9449482801	71.7380616964	52.777154867	-55.7198615406	-56.0384549463	54.5007527386	48.8961779365	39.3270790679	74.813722595	-40.7017492654	53.7748588993	57.9770044867	-40.547533351	64.7501672531	-68.2536695026	-59.248457631	-52.3535471309	46.9951189168	52.8213264331	49.3261123096	64.2721687622	-41.6362204178	-50.5495340001	-58.0878782255	47.8535364847	-43.1712728934	69.4539918795	-26.6787271654	-51.2656830823	-52.5564056175	-64.0083176043	49.1763474065	-55.8770301267	-17.275350989	43.7633027917	-43.1925055179	-60.1031571222	-58.6394952415	-42.0166836647	64.9683105782
-36.0740425503	-43.3130321391	-51.7554912047	-45.4495670765	-50.2951067759	-45.6975824148	66.5759775754	-41.0539761323	37.616976398	-50.0433402123	58.9104779164	48.786767547	42.3228010172	60.1946028668	-49.5449628676	55.1464615475	38.2945718598	-47.7794528973	-53.3656728054	87.3684685627	54.0551958965	43.4502946984	-53.0201238846	38.5301178262	62.2102386915	-45.3248948182	-46.8503112135	-46.7150720477	-51.6998570337	-47.3643078641	63.8840031269	-54.2965563432	-48.7956689242	51.4344484001	31.6283162576	-49.4943591861	-57.0208124936	52.3728711543	44.8202462217	-50.2778633494	-49.3544419243	-45.1280031443	-52.9858533458	39.7544830985	-49.7208963251	-41.4639288589	47.7260593672	-51.0577949867	60.7353427891	62.0200503786	59.7191050309	-46.2467799006	-55.4366309163	-49.3000512649	-47.5046816654	40.8628632342	45.3685002928	63.7990672635	-47.3697790297	40.9951130303	-54.7123175267	25.9245994884	47.9535224897	42.2500385425	51.9192245864	-50.41250626	55.2341823236	29.7932612842	-38.8438793599	49.570381899	54.7072547487	57.3906939841	48.2202552826	-52.7273366944
-33.1736313061	-32.0813050601	-28.3489528379	-18.4958663782	-49.5571728458	-26.2421564621	57.1342319047	-27.9385027667	46.8104679376	-32.7947495632	46.3060298834	37.8284151124	27.6301190765	47.773127451	-22.4229593533	44.1144882592	28.5301386916	-30.2009704279	-52.6368480912	54.0551958965	87.3684685627	36.1398173039	-33.7818002572	19.4347313324	54.7358369169	-29.2052851625	-45.7560735759	-32.3391983103	-26.2370071927	-31.7765078506	64.6096789583	-32.2818817401	-37.6116040761	51.1532857997	26.6098670359	-51.2728103687	-30.1821676239	61.8965715901	53.0362474202	-32.0679576148	-24.003567591	-21.8343822772	-57.568062751	20.2554313604	-29.8749636227	-29.1551360063	31.6862558473	-42.9806356373	54.8189538693	54.9123541226	46.0881095502	-31.221930666	-42.7319376701	-30.3783047291	-44.9574448346	34.6285935191	33.4042876485	59.4538481404	-24.5824017784	44.8044716454	-54.7773783837	13.5329733652	39.1368988292	54.6185811375	52.6831921063	-28.4254538551	41.8658893991	37.0493477772	-16.3126858596	21.2291575287	50.3506461012	53.4264207726	48.208577802	-50.1253570559
-49.9829425755	-38.4481895321	-43.0496180355	-40.6633199136	-56.4543359277	-43.804219209	47.0816691101	-52.6898457283	45.5881428143	-33.6052909618	63.1199254028	48.7751442693	59.5781429363	58.709105051	-44.8498786248	56.0798898936	37.6841676357	-32.7465715479	-47.6478909107	43.4502946984	36.1398173039	87.3684685627	-42.4585188306	55.6158533852	53.7654633019	-34.9964069783	-57.7687950636	-31.1743672852	-46.4172809846	-40.9859693644	59.8474882706	-47.7844065674	-41.967949918	49.3708785527	61.6136808217	-32.3378557898	-43.5871005315	55.7684480586	57.1357048276	-47.8705538736	-42.0697558242	-29.4151179204	-38.2001663677	54.1074779274	-34.1313804079	-54.2317456032	51.7601000474	-57.1977540031	66.1647417001	67.2384046287	66.1931751342	-37.0645374188	-48.3806422354	-41.1449308224	-34.1007842711	46.344155465	63.3359296163	63.78856781	-32.5209048383	43.2105278286	-36.3750141411	49.0234698111	57.8065478241	52.21887249	52.5050311038	-34.8976264924	55.0873812942	40.9210415215	-43.4942673043	58.8622935741	55.1986121062	52.1844123525	41.5569970192	-46.6027198729
54.6927742891	72.9023199376	69.5795598495	59.7934155376	55.783416576	68.3944074909	-57.3386725353	48.297307521	-47.6282019482	73.6587269358	-57.526363472	-39.5316385304	-38.3984052807	-54.9039080431	67.9555530059	-34.0087900405	-41.8018071576	78.0454559753	59.1490922304	-53.0201238846	-33.7818002572	-42.4585188306	87.3684685627	-41.3374384484	-56.2545499105	73.69862719	56.8312869871	76.4566320844	75.2922213031	77.9551521376	-58.6921344221	76.0246969022	62.284470792	-56.5251643771	-31.5749373437	65.2705231105	71.8015809299	-51.7368229955	-55.9690849452	77.4397771323	78.1755633911	63.6218247626	49.2398504307	-41.1628307628	71.8230196628	58.7472100762	-58.3636873611	69.3011046521	-63.357174148	-57.0054800852	-57.6970958291	68.9426683558	75.6516289072	77.3179570892	62.119478301	-29.5674893902	-53.5865133595	-57.8564618847	69.0845160927	-41.2552341402	53.1505035609	-25.9364989452	-40.1831865074	-43.8639886365	-66.7126940686	72.6094751426	-56.8055868069	-8.49713028376	68.5029300957	-46.6508194246	-56.2022157405	-59.5505862669	-32.6333556289	55.2623401172
-25.5024433736	-31.5040020719	-37.4283537882	-35.1192044738	-34.9279474249	-43.7939662739	46.4845467731	-43.4086698139	31.7615905938	-31.753210922	55.0416016359	50.1046393475	45.5286073718	49.6120957644	-33.1114123677	39.0552941889	53.2051354422	-29.7754348281	-45.5699551263	38.5301178262	19.4347313324	55.6158533852	-41.3374384484	87.3684685627	43.2819135866	-33.666846794	-55.2967584025	-26.2659515156	-33.6125365739	-33.0413112315	42.3072459577	-38.8818529472	-28.2975436914	38.3704917222	48.9708268416	-31.6374892495	-41.2697056307	39.7775959968	34.5269355909	-39.3831882028	-37.6130976399	-23.8921124113	-42.985583037	60.1423782265	-31.3314561365	-44.3453867318	34.7490946558	-52.427630215	55.0787620005	55.4847552478	46.3822161932	-27.8701725317	-35.5015710843	-34.802082728	-29.2493113738	62.4189189718	62.9011853279	43.8439800871	-32.9730205328	27.6863893329	-33.4269918731	40.3528855091	54.4957946459	33.2896304073	40.5115514999	-36.5391013032	55.561612989	40.266172555	-39.1586436551	66.659415437	43.4948364364	30.3689881347	38.4109527993	-35.2775152327
-50.3021331501	-52.8344158034	-56.8227431551	-48.1675155407	-60.9582254749	-45.3672959799	60.6307069835	-52.8442422648	56.9371399009	-54.0377234394	72.4947642655	52.1225193045	51.3033197668	75.1352901404	-46.0378819484	45.5008089109	49.0599439255	-56.3616006211	-66.3556981199	62.2102386915	54.7358369169	53.7654633019	-56.2545499105	43.2819135866	87.3684685627	-51.0448977118	-49.7645157036	-57.656772459	-56.113173417	-54.7694467013	69.4529625104	-61.4203769775	-53.2696347363	71.0538955029	53.9924292962	-65.191297523	-59.6467239354	60.9968118329	66.7578219707	-58.6066134759	-54.6319854745	-46.6876500689	-59.4242474906	51.8986087039	-56.2989524406	-49.1756245782	55.5487251806	-61.749317224	77.0610723802	74.8928163113	65.2653989967	-49.9857606112	-59.7871371111	-53.5806750077	-65.5357887553	52.7932162463	53.7094542747	67.6761898611	-50.8853876806	68.4133434425	-69.2482087297	54.6482042135	49.3064733113	56.9015438644	64.5098300872	-53.1581819107	61.6889063582	41.1760090562	-47.9598257911	51.1545263314	74.4985655542	57.4646375215	61.7382750631	-66.5996559132
51.9571937732	62.539265512	63.3690913604	63.0456460262	45.7212589612	67.3358467464	-49.4268488572	43.3686049614	-43.4097305994	74.3300516463	-52.470059948	-36.0016971442	-39.5320001648	-50.1686622376	66.6036315649	-25.6694240246	-36.5376339734	77.4452687152	47.0813766626	-45.3248948182	-29.2052851625	-34.9964069783	73.69862719	-33.666846794	-51.0448977118	87.3684685627	44.4962168867	76.4115349495	72.6700613646	71.2948262501	-51.1911682728	72.1430369656	55.0729994372	-50.831715641	-30.6375507785	51.023468502	72.4156430174	-44.9179169679	-46.6457687362	70.7692545642	76.0933212469	64.858522801	35.7477092541	-39.6205670317	68.6295216747	50.4638553673	-57.0855088786	56.2268182691	-51.7327502822	-55.104918121	-47.8386448527	67.5837302332	67.3322593776	73.780683082	48.2642652388	-29.311364672	-50.9312836854	-48.3977805196	65.6056048266	-39.5804036961	39.8783218289	-31.0564918472	-38.1488031705	-38.0883804492	-58.3609616274	72.2377473303	-58.1006736711	-9.43731317767	68.8636446745	-45.4720812463	-47.6259625327	-48.8431080882	-27.7886356016	42.6591713271
51.8671371658	52.6079009228	51.0880964405	40.6777506077	64.5851791115	56.287182897	-57.9113938482	34.6979419679	-50.2337032777	44.137439224	-52.4032269986	-46.3128749622	-34.6383096192	-46.2297153236	48.0716931614	-46.435989283	-40.7606575227	45.679258128	65.5313379096	-46.8503112135	-45.7560735759	-57.7687950636	56.8312869871	-55.2967584025	-49.7645157036	44.4962168867	87.3684685627	41.9389661759	53.1166131215	53.2593921545	-60.0469468599	54.3567902794	54.6371904487	-45.5975887236	-38.4410248993	53.3587858518	52.2013646937	-52.9621003123	-50.5314474316	56.4104273379	50.961941751	38.827102418	62.877790582	-48.7598748645	47.2781914304	65.9160310131	-39.6887700824	62.9555627891	-59.4122671835	-58.3193635119	-51.4660159023	50.1148098078	58.0090894487	54.9894715921	46.9451569092	-43.4381432444	-56.880190893	-61.0253027966	44.137311053	-36.5114647842	55.5289949427	-27.4353443161	-57.9018227814	-52.3045833099	-56.3900970279	48.3650555916	-57.0163382677	-34.7538625208	49.0018922349	-45.1960053489	-44.4277551779	-61.1394552934	-36.585031804	50.7230246416
56.7128932016	72.2880466033	71.7301067479	65.2017369382	52.2660501888	66.4235008141	-49.8181937446	44.6769862845	-47.5855553512	77.2958807408	-56.9781360923	-33.9107595142	-32.6849548718	-56.7803197371	68.9043564564	-25.3968422618	-37.3283559372	80.511404752	46.5736295835	-46.7150720477	-32.3391983103	-31.1743672852	76.4566320844	-26.2659515156	-57.656772459	76.4115349495	41.9389661759	87.3684685627	77.7950505071	76.6423640619	-49.6527669602	78.0840044205	62.1058007054	-57.104673136	-31.6277369361	62.1692496475	74.8037710668	-45.4216055778	-53.8240805231	77.8436180479	80.6210877528	71.7418146465	36.8155510763	-37.0267076615	76.8139009052	48.7173106906	-58.7339436271	58.1676591707	-58.0819282876	-56.1574472267	-54.7945367399	73.0582517627	74.9738591745	76.6604579623	62.7011685399	-27.3543840428	-48.228461377	-51.854098986	72.6871048405	-49.3648918291	51.1913770264	-32.5365346008	-29.636416353	-35.1185954918	-61.7347232688	76.6740407405	-57.0410483584	-10.2503237463	71.0420907333	-41.136671556	-58.5263858261	-51.0301680776	-36.4242419464	52.4432018036
62.3364093162	73.931235652	78.3175457607	71.659161283	57.1161171276	73.7393977834	-50.6094141903	45.6607395176	-45.8451953319	72.5846710624	-57.3473500294	-42.3872015702	-35.7020125114	-55.0674212734	77.9485110863	-43.5349139138	-35.3000215908	75.5122095973	47.8051261187	-51.6998570337	-26.2370071927	-46.4172809846	75.2922213031	-33.6125365739	-56.113173417	72.6700613646	53.1166131215	77.7950505071	87.3684685627	77.3234795384	-55.0316797407	82.2506874541	70.9218567705	-49.3920148266	-40.6773113501	52.3419855304	77.3144851686	-40.7276262531	-53.3531929152	82.2178258229	81.9446889678	73.4006991728	35.9409031428	-48.9543490103	76.3712766072	61.794895973	-58.8793761066	60.4775112579	-59.402600386	-61.25985011	-63.8182521058	76.6128455127	80.3760442746	80.3613411088	54.9824348136	-26.4109617562	-55.2970002028	-59.3954727086	75.2332279194	-45.9949175593	48.0728821023	-40.1989542696	-36.6710283103	-40.567355904	-57.5569204982	75.1986762457	-56.8833794277	-20.6469956985	75.9464079998	-47.893052093	-55.5632365262	-58.046166416	-35.2664820314	48.695232018
53.1543243574	77.4304615897	71.0800436395	62.2163923699	51.3465611645	69.6981054359	-49.9884941374	45.6097934271	-40.2678565436	69.2764307483	-54.7555821313	-31.1021354996	-28.0232202183	-53.9787525813	65.1681617959	-38.0147654346	-42.8608976422	72.9201612322	50.4619010547	-47.3643078641	-31.7765078506	-40.9859693644	77.9551521376	-33.0413112315	-54.7694467013	71.2948262501	53.2593921545	76.6423640619	77.3234795384	87.3684685627	-53.3931957882	78.1744996556	65.0411264374	-46.6298492585	-37.9090879346	59.3682395435	66.3444434778	-44.8496795593	-50.2062859481	78.3562221186	75.0777858251	66.1035438648	41.1235390678	-46.6213385053	70.074244978	55.8046212065	-51.5952974419	59.228708175	-61.7528713523	-60.0789800106	-61.726864555	74.5141433499	75.4953340723	81.6415700474	61.9771537092	-24.5988391152	-53.6685927283	-54.8166235183	64.9022014648	-42.4277181875	49.1827663279	-32.8476927572	-31.7713191849	-37.7473980106	-57.545575658	68.9213930219	-57.1582208621	-21.0552568975	69.6727124352	-46.9735571224	-55.4083175694	-56.6121559439	-35.7798207727	52.8981467698
-52.0153492021	-51.7743344995	-49.5271910006	-46.7400451302	-60.2463814126	-45.162001997	69.4100696268	-41.9799877081	51.1637417104	-55.2529338891	62.9266011356	52.7079208816	53.0601553392	61.8760021897	-48.9396303686	59.4401848197	37.8247519803	-53.6408428711	-67.0342598536	63.8840031269	64.6096789583	59.8474882706	-58.6921344221	42.3072459577	69.4529625104	-51.1911682728	-60.0469468599	-49.6527669602	-55.0316797407	-53.3931957882	87.3684685627	-58.1194603498	-55.5431535961	60.6198260482	41.0958800576	-60.0373810325	-52.7813114316	67.1825956943	65.9109842644	-57.7411152404	-53.4710727518	-42.3077836287	-57.1394625751	40.6698701971	-49.3299161214	-47.4822026326	53.8226916704	-63.8214968754	74.0349858612	70.2260195597	66.6847650027	-47.1312408625	-61.2927340889	-55.1726303545	-56.665552675	36.5403548303	54.6056948153	68.1957122589	-45.4890654889	43.8120347149	-63.3338507293	30.5754814448	58.7356155516	72.0993989719	66.6550199257	-49.4870334124	60.8270411596	32.8967208187	-45.2400334521	42.361103601	61.2183343078	69.2226671716	47.1132194143	-61.6087820861
61.25702012	77.4765238949	79.4919221207	74.2150299697	58.6419589935	76.5187213167	-52.3667861912	45.8299037863	-46.8649375913	72.594403453	-62.1768831278	-46.068438197	-37.1093674092	-62.4662971133	73.5800999556	-44.989120513	-44.4064348667	74.1681702202	52.6131782688	-54.2965563432	-32.2818817401	-47.7844065674	76.0246969022	-38.8818529472	-61.4203769775	72.1430369656	54.3567902794	78.0840044205	82.2506874541	78.1744996556	-58.1194603498	87.3684685627	69.6172059748	-52.1595980098	-45.1261071188	58.6644717107	74.6606140787	-45.6563832056	-54.5015820732	81.3154296659	78.1402414324	73.4290707774	44.1607152326	-49.9894303464	76.3845137129	62.1312848228	-57.1991045086	60.6440562676	-64.8572732231	-67.5034583966	-65.3619306622	77.8078430809	81.0857915951	80.6513113513	60.3120802959	-33.8719279042	-59.3176938694	-60.6782338973	75.9712848481	-49.8942278718	53.9633583451	-44.9554405986	-36.8099500213	-40.9339381166	-59.0654129252	75.7017540257	-61.2205560298	-25.3933470461	75.2366638783	-52.3016999346	-63.1217437447	-55.645223027	-44.0997796713	49.3378282548
53.8189913246	67.3881445365	67.7269537508	58.4909200087	52.6186260853	64.0012561362	-55.0672127795	43.8651337314	-47.1966876988	58.6176443098	-55.3594615621	-46.9887505053	-26.25862751	-52.1140100143	60.0772960025	-51.1947593323	-38.3541807787	57.3416795665	45.0859331384	-48.7956689242	-37.6116040761	-41.967949918	62.284470792	-28.2975436914	-53.2696347363	55.0729994372	54.6371904487	62.1058007054	70.9218567705	65.0411264374	-55.5431535961	69.6172059748	87.3684685627	-46.4782029538	-35.4077964793	50.2003715636	61.5338801806	-44.9303474763	-52.4470509839	68.4569931535	66.3847461132	58.6789637807	41.2945619581	-43.169686907	60.1805348329	62.9069363035	-51.0152371197	50.0408816905	-59.1372401676	-61.5853374977	-62.1477381454	64.4474306516	73.354023082	67.8568493331	55.8023267949	-29.7577202468	-54.6271606701	-60.8434026877	58.3958310556	-47.7941261273	51.5001160749	-37.6919611935	-39.9129484738	-45.000318093	-47.3562291375	62.6771024485	-59.3355888612	-37.69274554	63.7081907222	-39.0831477795	-51.3127200034	-52.302668975	-48.4142338781	45.5388197194
-56.5484901288	-41.1273217033	-47.2422409166	-36.4229792376	-57.6228290055	-37.6518667607	60.4924370949	-59.3101842119	75.5357900083	-54.2884724569	69.2165620959	52.8599540596	53.9075139707	64.3961769774	-40.0825997796	34.805701704	37.3081470178	-61.5137200991	-54.4589150517	51.4344484001	51.1532857997	49.3708785527	-56.5251643771	38.3704917222	71.0538955029	-50.831715641	-45.5975887236	-57.104673136	-49.3920148266	-46.6298492585	60.6198260482	-52.1595980098	-46.4782029538	87.3684685627	40.5246625828	-57.7077067224	-58.284197759	71.1874592961	73.5870812723	-50.6420584425	-56.3875588797	-38.8518937544	-43.1604314657	36.6549692416	-47.329742424	-40.5892033893	70.7332968193	-68.1919402257	67.3447327173	61.8299009039	53.0546473342	-38.6050523059	-51.4699279298	-48.7039469674	-60.4588371756	43.2620123506	43.2006086582	62.5701488855	-43.3906611056	70.758916179	-56.1022319376	35.6990343953	47.6038417304	62.6971511965	75.1947348903	-51.3976958063	54.7074917811	27.8498976008	-39.5357165945	40.7450661301	62.125564889	58.6144761302	46.2454394718	-65.6199711534
-39.8471981546	-37.1282204267	-38.0791292552	-43.325877749	-45.3950989671	-36.4544105274	22.6078317674	-48.4584014737	35.4806630891	-22.8572426248	61.2650929252	39.767702138	46.3660596929	64.8297113276	-29.7730924839	44.3362532182	36.1105317158	-24.5732178284	-34.9449482801	31.6283162576	26.6098670359	61.6136808217	-31.5749373437	48.9708268416	53.9924292962	-30.6375507785	-38.4410248993	-31.6277369361	-40.6773113501	-37.9090879346	41.0958800576	-45.1261071188	-35.4077964793	40.5246625828	87.3684685627	-27.6224250225	-32.1627980124	33.0276687162	41.0578217964	-45.1874705175	-34.3120017328	-27.6637079203	-31.7752818865	61.4554830515	-35.4102127914	-39.7625258638	37.4593220762	-38.597867996	56.076677126	65.6035167078	63.9862700852	-34.1422893766	-40.6079194593	-32.2108153023	-36.5207471963	55.3614283275	58.7078556767	53.2501700231	-30.7103280389	58.2768022038	-31.2376039601	69.1963793348	41.5102894567	25.3420563204	33.9036672517	-23.587037312	44.3344349522	55.249712186	-39.612435504	61.7699042212	64.9876583878	30.100699966	60.4423949445	-36.0342042868
41.8888652087	58.3212273353	53.0547936247	40.8144417566	58.2891332389	42.7184583714	-55.7268159983	34.1116647677	-44.926285115	57.7345727631	-57.8959578195	-33.4580309002	-40.5199134323	-60.2759453694	45.7475793135	-21.3201156956	-45.4009222445	60.3357602594	71.7380616964	-49.4943591861	-51.2728103687	-32.3378557898	65.2705231105	-31.6374892495	-65.191297523	51.023468502	53.3587858518	62.1692496475	52.3419855304	59.3682395435	-60.0373810325	58.6644717107	50.2003715636	-57.7077067224	-27.6224250225	87.3684685627	54.0345832394	-51.59207196	-56.0977293127	60.8141624665	54.5668323309	47.5356148251	63.9709492876	-33.5676451015	60.7673697118	47.5003183126	-41.8052088113	60.8465511292	-65.7161158063	-54.1228442745	-50.9650665966	52.2610875935	58.716919616	56.819320555	76.6195339936	-35.784366949	-47.104369715	-54.2345268681	52.4721346403	-47.1713434814	74.1059493902	-25.8039517904	-38.0101180784	-41.8729551581	-61.5976267057	54.4323780226	-50.791407034	-12.2927841039	48.4518059135	-32.0632712759	-64.2062071739	-56.3242800786	-44.7713929626	65.8145114066
