Tissue	braincortex
N_samples	95
Chr	20
Gene	ENSG00000101265.11
SNP	rs73599324
Gene_list	ENSG00000060237.12	ENSG00000125817.7	ENSG00000101265.11	ENSG00000084453.12	ENSG00000129473.5	ENSG00000170759.10	ENSG00000154945.6	ENSG00000135720.8	ENSG00000165424.6	ENSG00000179295.11	ENSG00000064393.11	ENSG00000169554.12
Gene expression stats (Y^T * Y): 
87.3684685627	48.5017856603	55.905417228	55.5063431963	55.6338624797	51.4257104513	63.2998321389	61.8715985454	47.1232744485	61.3346303288	67.0463181117	61.8521091215
48.5017856603	87.3684685627	57.9834166952	33.5316222403	50.8583266519	49.0357642137	57.095623224	56.6793480232	45.1121442296	53.183972583	63.3354990935	58.6516151225
55.905417228	57.9834166952	87.3684685627	52.6616379118	56.9907278434	57.3242398279	66.1820873825	54.595200298	55.9194661641	56.5914972024	60.8283641815	61.2035854676
55.5063431963	33.5316222403	52.6616379118	87.3684685627	37.8509886684	46.2731950726	50.7394873493	42.1153416362	46.5626511044	41.88533946	51.8259580422	55.7490330713
55.6338624797	50.8583266519	56.9907278434	37.8509886684	87.3684685627	55.0683057501	59.6543060655	56.9608209545	49.0522718173	54.2208640209	58.6935871346	51.8993527724
51.4257104513	49.0357642137	57.3242398279	46.2731950726	55.0683057501	87.3684685627	65.8816819125	64.2646815889	43.3355449864	56.4428957302	65.8881072582	58.3388528291
63.2998321389	57.095623224	66.1820873825	50.7394873493	59.6543060655	65.8816819125	87.3684685627	69.469706398	56.1947912243	65.1815307642	73.9582619188	62.4853372981
61.8715985454	56.6793480232	54.595200298	42.1153416362	56.9608209545	64.2646815889	69.469706398	87.3684685627	48.8248720305	62.203576558	70.5110887457	62.4379349576
47.1232744485	45.1121442296	55.9194661641	46.5626511044	49.0522718173	43.3355449864	56.1947912243	48.8248720305	87.3684685627	50.5561646988	54.5391620333	43.3757641716
61.3346303288	53.183972583	56.5914972024	41.88533946	54.2208640209	56.4428957302	65.1815307642	62.203576558	50.5561646988	87.3684685627	55.921950521	51.1766788623
67.0463181117	63.3354990935	60.8283641815	51.8259580422	58.6935871346	65.8881072582	73.9582619188	70.5110887457	54.5391620333	55.921950521	87.3684685627	68.4057422783
61.8521091215	58.6516151225	61.2035854676	55.7490330713	51.8993527724	58.3388528291	62.4853372981	62.4379349576	43.3757641716	51.1766788623	68.4057422783	87.3684685627
Genotype stats (X^T * X): 	11.7263157895
Gene expression - Genotype stats (Y^T * X): 
9.90636118458	4.91490063925	11.3699805431	7.55488050887	7.95501868687	8.04715287155	10.411747733	9.67599935283	8.80873018227	5.96137022046	8.07153633891	8.48155991359