Tissue	braincortex
N_samples	95
Chr	15
Gene	ENSG00000166426.7
SNP	rs951985
Gene_list	ENSG00000096696.9	ENSG00000105641.3	ENSG00000099937.6	ENSG00000046604.8	ENSG00000159212.8	ENSG00000163817.11	ENSG00000128052.8	ENSG00000149452.11	ENSG00000166426.7	ENSG00000152779.12	ENSG00000106809.6	ENSG00000164707.11	ENSG00000143320.4	ENSG00000122176.10
Gene expression stats (Y^T * Y): 
87.3684685627	72.3571905236	73.4372126161	76.5669489666	72.1182377823	73.1256537231	64.15579793	71.9657242283	53.9123205718	68.3340283005	68.7178153226	60.7288172673	60.3010362486	73.2780358367
72.3571905236	87.3684685627	86.331812797	77.3893250199	72.0021598722	80.9274028901	74.0195888644	84.1398853004	54.4037641692	73.4275630955	73.9245059863	70.7722052105	59.5772548314	76.8304152572
73.4372126161	86.331812797	87.3684685627	77.4863334911	71.187013459	80.8479638326	74.0289819481	85.6290935043	55.1615083695	72.2715930993	76.1276214609	73.5850712469	60.3238985891	77.7920989027
76.5669489666	77.3893250199	77.4863334911	87.3684685627	76.9806197238	76.2311776526	67.3160021164	76.3975028304	53.1319961782	73.3521460705	70.8331421889	63.3795934204	60.9173404883	77.5200607346
72.1182377823	72.0021598722	71.187013459	76.9806197238	87.3684685627	70.3436770322	62.8704920828	69.4319915435	52.8048589224	69.8356141769	65.2099632806	58.3782312954	58.855913327	73.1448507137
73.1256537231	80.9274028901	80.8479638326	76.2311776526	70.3436770322	87.3684685627	73.0007460738	81.0104532768	54.4779953516	74.3480384205	77.3203908214	72.5484132178	59.2668181652	78.9949646834
64.15579793	74.0195888644	74.0289819481	67.3160021164	62.8704920828	73.0007460738	87.3684685627	73.5054196344	52.7431408114	69.575736372	66.3314395225	64.3106886808	56.6786353915	70.2252190768
71.9657242283	84.1398853004	85.6290935043	76.3975028304	69.4319915435	81.0104532768	73.5054196344	87.3684685627	59.8626679963	70.8799922229	80.3199641091	78.8082982199	61.6792487409	77.6727825054
53.9123205718	54.4037641692	55.1615083695	53.1319961782	52.8048589224	54.4779953516	52.7431408114	59.8626679963	87.3684685627	52.4446471885	63.043694573	63.5165314302	56.1652423961	53.1065632495
68.3340283005	73.4275630955	72.2715930993	73.3521460705	69.8356141769	74.3480384205	69.575736372	70.8799922229	52.4446471885	87.3684685627	66.4353689263	62.1440852539	60.6668902096	74.565057983
68.7178153226	73.9245059863	76.1276214609	70.8331421889	65.2099632806	77.3203908214	66.3314395225	80.3199641091	63.043694573	66.4353689263	87.3684685627	83.4997356193	59.2667512464	74.0121377941
60.7288172673	70.7722052105	73.5850712469	63.3795934204	58.3782312954	72.5484132178	64.3106886808	78.8082982199	63.5165314302	62.1440852539	83.4997356193	87.3684685627	55.563742671	68.6240969196
60.3010362486	59.5772548314	60.3238985891	60.9173404883	58.855913327	59.2668181652	56.6786353915	61.6792487409	56.1652423961	60.6668902096	59.2667512464	55.563742671	87.3684685627	61.6745023412
73.2780358367	76.8304152572	77.7920989027	77.5200607346	73.1448507137	78.9949646834	70.2252190768	77.6727825054	53.1065632495	74.565057983	74.0121377941	68.6240969196	61.6745023412	87.3684685627
Genotype stats (X^T * X): 	38.5581568
Gene expression - Genotype stats (Y^T * X): 
-13.458645906	-13.5746835202	-12.9308560368	-12.5653235731	-13.3909547167	-10.0303575586	-11.3268983861	-12.6498696522	-19.7385172764	-13.8927908457	-14.2734856254	-11.8948635974	-8.34222480542	-9.49717164547