Tissue	braincortex
N_samples	95
Chr	16
Gene	ENSG00000051523.6
SNP	rs35601559
Gene_list	ENSG00000125730.12	ENSG00000173372.12	ENSG00000159189.7	ENSG00000173369.11	ENSG00000204472.8	ENSG00000011600.7	ENSG00000119535.13	ENSG00000160255.12	ENSG00000066336.7	ENSG00000254415.3	ENSG00000129667.8	ENSG00000051523.6	ENSG00000163191.5	ENSG00000158869.6
Gene expression stats (Y^T * Y): 
87.3684685627	74.1514859239	76.008405594	74.0496178731	70.0220144732	67.1930254699	52.1741178235	59.0464779478	55.5414823927	41.5738256828	60.7757269084	63.4208518541	49.3427725097	56.9623043726
74.1514859239	87.3684685627	80.4014349636	72.6806244903	75.846183044	71.9711774602	61.9224323856	65.5386897537	61.4731452895	46.5712412003	65.1970927954	65.6624736452	44.536057362	63.1553144073
76.008405594	80.4014349636	87.3684685627	82.3309408449	71.6503689789	67.5214122105	52.355096969	63.3701086658	54.6772980641	38.7461495105	57.2382350241	65.7986133164	50.3951789272	64.223449421
74.0496178731	72.6806244903	82.3309408449	87.3684685627	60.5180466271	61.5917092046	45.1922655656	54.534678013	52.4594801549	36.1750517227	54.7136366296	65.5318866956	54.9177344682	59.2347532004
70.0220144732	75.846183044	71.6503689789	60.5180466271	87.3684685627	75.0712784683	59.9686922423	68.3359011838	56.5964420845	37.6348967526	55.9630350114	55.7357540406	40.999084586	69.3176452264
67.1930254699	71.9711774602	67.5214122105	61.5917092046	75.0712784683	87.3684685627	59.9115315254	62.0068499059	62.8253101584	37.7318282535	63.4590665545	58.6094278764	40.3284860487	63.7054627827
52.1741178235	61.9224323856	52.355096969	45.1922655656	59.9686922423	59.9115315254	87.3684685627	53.4782378315	50.2845350767	44.4652021924	58.0363798942	54.0801845073	32.8660572176	46.2729921384
59.0464779478	65.5386897537	63.3701086658	54.534678013	68.3359011838	62.0068499059	53.4782378315	87.3684685627	61.7196460954	49.5159273973	55.9428882297	54.6810601386	26.7944294513	65.5022351726
55.5414823927	61.4731452895	54.6772980641	52.4594801549	56.5964420845	62.8253101584	50.2845350767	61.7196460954	87.3684685627	44.0569806532	64.3544964547	55.1210030274	31.0681572807	59.7904832165
41.5738256828	46.5712412003	38.7461495105	36.1750517227	37.6348967526	37.7318282535	44.4652021924	49.5159273973	44.0569806532	87.3684685627	55.8060117975	53.2668854607	22.3979526961	38.2616833037
60.7757269084	65.1970927954	57.2382350241	54.7136366296	55.9630350114	63.4590665545	58.0363798942	55.9428882297	64.3544964547	55.8060117975	87.3684685627	55.8866819658	31.4594635194	51.8921828811
63.4208518541	65.6624736452	65.7986133164	65.5318866956	55.7357540406	58.6094278764	54.0801845073	54.6810601386	55.1210030274	53.2668854607	55.8866819658	87.3684685627	55.2603118614	55.9735934716
49.3427725097	44.536057362	50.3951789272	54.9177344682	40.999084586	40.3284860487	32.8660572176	26.7944294513	31.0681572807	22.3979526961	31.4594635194	55.2603118614	87.3684685627	42.8165210286
56.9623043726	63.1553144073	64.223449421	59.2347532004	69.3176452264	63.7054627827	46.2729921384	65.5022351726	59.7904832165	38.2616833037	51.8921828811	55.9735934716	42.8165210286	87.3684685627
Genotype stats (X^T * X): 	42.0904369474
Gene expression - Genotype stats (Y^T * X): 
-15.4790425794	-9.39577386433	-9.30736158333	-8.45224363119	-14.6214423996	-14.7977854369	-13.3983031213	-6.05151329918	-12.2896709105	-9.56524824234	-11.1558472013	-22.3353940325	-12.9612325947	-13.637020244