Tissue	braincortex
N_samples	95
Chr	22
Gene	ENSG00000138964.12
SNP	rs61515973
Gene_list	ENSG00000142583.13	ENSG00000006747.10	ENSG00000042980.8	ENSG00000169896.12	ENSG00000159216.14	ENSG00000137841.7	ENSG00000138964.12	ENSG00000234906.4	ENSG00000160255.12	ENSG00000123338.8	ENSG00000167851.9	ENSG00000086730.12	ENSG00000180353.6	ENSG00000081237.14
Gene expression stats (Y^T * Y): 
87.3684685627	43.078000147	62.8560913426	36.4428552672	46.9334322238	53.5989688588	61.3908635	50.9995562257	44.406499762	46.7599710766	50.1014247465	47.0281162549	53.389422793	43.8155699228
43.078000147	87.3684685627	47.0380366842	39.0115598952	45.9823912178	35.2300698765	54.4181065502	50.2608290036	48.2590803201	52.1114434803	56.760299759	45.5572297838	53.0883618899	48.4858445306
62.8560913426	47.0380366842	87.3684685627	52.8904039959	57.4312425061	61.9700266822	63.233493861	50.7740071574	42.8094537112	65.2233954972	51.1508796215	51.1267160847	54.6345760165	46.07909175
36.4428552672	39.0115598952	52.8904039959	87.3684685627	56.3943413145	38.9829833523	53.2831493639	39.6848979483	44.9310677893	48.2088539332	46.6375834525	51.9651929753	46.2542693762	39.2784329906
46.9334322238	45.9823912178	57.4312425061	56.3943413145	87.3684685627	33.4676627126	53.2369584781	49.3731263645	38.1724603528	54.3100089799	56.1049632694	47.8288229275	50.8437496709	37.9609235877
53.5989688588	35.2300698765	61.9700266822	38.9829833523	33.4676627126	87.3684685627	52.8198984746	47.9015768071	50.1651435488	52.9307504279	32.5501463332	40.7386434532	62.8605704441	42.4644127712
61.3908635	54.4181065502	63.233493861	53.2831493639	53.2369584781	52.8198984746	87.3684685627	53.2371413593	54.7070826448	57.5922593575	57.3853596466	54.8335210982	59.5624277419	53.2969131566
50.9995562257	50.2608290036	50.7740071574	39.6848979483	49.3731263645	47.9015768071	53.2371413593	87.3684685627	59.8183867466	50.1839439239	56.5895098538	58.356173677	63.3572122793	30.8582186561
44.406499762	48.2590803201	42.8094537112	44.9310677893	38.1724603528	50.1651435488	54.7070826448	59.8183867466	87.3684685627	47.1319371563	46.810674941	65.4347377637	64.1405687443	36.7592880067
46.7599710766	52.1114434803	65.2233954972	48.2088539332	54.3100089799	52.9307504279	57.5922593575	50.1839439239	47.1319371563	87.3684685627	54.1379901026	46.7130111223	56.3129623749	53.505240134
50.1014247465	56.760299759	51.1508796215	46.6375834525	56.1049632694	32.5501463332	57.3853596466	56.5895098538	46.810674941	54.1379901026	87.3684685627	52.0303410681	48.6189047337	41.5394907262
47.0281162549	45.5572297838	51.1267160847	51.9651929753	47.8288229275	40.7386434532	54.8335210982	58.356173677	65.4347377637	46.7130111223	52.0303410681	87.3684685627	53.7087379932	32.9329851988
53.389422793	53.0883618899	54.6345760165	46.2542693762	50.8437496709	62.8605704441	59.5624277419	63.3572122793	64.1405687443	56.3129623749	48.6189047337	53.7087379932	87.3684685627	48.1403259333
43.8155699228	48.4858445306	46.07909175	39.2784329906	37.9609235877	42.4644127712	53.2969131566	30.8582186561	36.7592880067	53.505240134	41.5394907262	32.9329851988	48.1403259333	87.3684685627
Genotype stats (X^T * X): 	27.2210526316
Gene expression - Genotype stats (Y^T * X): 
14.3942944724	9.59861988131	6.66015582906	5.59278885409	2.65558526538	7.23171679482	19.1611204663	10.9653434904	13.0518453624	6.02274639224	14.415494914	14.8663892108	8.0812514918	12.3857699957