Tissue	braincortex
N_samples	95
Chr	6
Gene	ENSG00000118432.11
SNP	rs806440
Gene_list	ENSG00000141404.11	ENSG00000136750.7	ENSG00000173406.11	ENSG00000179841.8	ENSG00000172137.14	ENSG00000118432.11	ENSG00000189056.9	ENSG00000146469.8	ENSG00000144355.10
Gene expression stats (Y^T * Y): 
87.3684685627	39.0564984215	50.4621175385	57.6998325398	55.2391850811	54.3604063589	56.8760744246	45.6054394735	45.5912906485
39.0564984215	87.3684685627	33.2665329124	28.3010533479	38.9216735305	54.863330127	56.0386280049	58.8739630098	67.0124517862
50.4621175385	33.2665329124	87.3684685627	52.8159267685	50.404927369	57.7479999892	52.2767145812	47.4928508698	46.672418652
57.6998325398	28.3010533479	52.8159267685	87.3684685627	36.3322981976	53.4186366284	36.6899751719	39.2837496257	30.6884399994
55.2391850811	38.9216735305	50.404927369	36.3322981976	87.3684685627	58.0265593595	65.3079051474	60.2420962422	56.0558752098
54.3604063589	54.863330127	57.7479999892	53.4186366284	58.0265593595	87.3684685627	63.2601980966	63.0026978668	63.3420124639
56.8760744246	56.0386280049	52.2767145812	36.6899751719	65.3079051474	63.2601980966	87.3684685627	60.6252320877	60.9923591646
45.6054394735	58.8739630098	47.4928508698	39.2837496257	60.2420962422	63.0026978668	60.6252320877	87.3684685627	71.373421123
45.5912906485	67.0124517862	46.672418652	30.6884399994	56.0558752098	63.3420124639	60.9923591646	71.373421123	87.3684685627
Genotype stats (X^T * X): 	7.67790532632
Gene expression - Genotype stats (Y^T * X): 
5.78423670506	4.84593060643	3.14214173037	6.36270142832	4.35054149675	9.10485668024	2.65257868269	3.70491693362	6.88586289117