Tissue	braincortex
N_samples	95
Chr	6
Gene	ENSG00000231852.2
SNP	rs56326741
Gene_list	ENSG00000231852.2	ENSG00000147465.7	ENSG00000139988.5	ENSG00000183655.11	ENSG00000222040.3	ENSG00000203859.5	ENSG00000160882.7
Gene expression stats (Y^T * Y): 
87.3684685627	58.6581378227	53.0493813997	53.0260271835	53.0867135534	57.3135313924	69.8004728969
58.6581378227	87.3684685627	40.4897574885	51.2245291191	45.7811013306	66.0374268055	71.7488249775
53.0493813997	40.4897574885	87.3684685627	41.1597196146	40.0744853721	43.9385009783	54.874390042
53.0260271835	51.2245291191	41.1597196146	87.3684685627	38.8497699857	37.0979791252	49.9917113321
53.0867135534	45.7811013306	40.0744853721	38.8497699857	87.3684685627	41.3284399819	54.9419037586
57.3135313924	66.0374268055	43.9385009783	37.0979791252	41.3284399819	87.3684685627	75.2599193778
69.8004728969	71.7488249775	54.874390042	49.9917113321	54.9419037586	75.2599193778	87.3684685627
Genotype stats (X^T * X): 	22.5444158316
Gene expression - Genotype stats (Y^T * X): 
16.2141057175	10.1305236606	12.3029199326	13.6178338425	9.58581828428	8.30364833796	12.4811747646