Tissue	braincortex
N_samples	95
Chr	17
Gene	ENSG00000108953.12
SNP	rs7214876
Gene_list	ENSG00000108953.12	ENSG00000100380.8	ENSG00000170515.9	ENSG00000124172.5	ENSG00000127922.5	ENSG00000146007.6	ENSG00000127022.10
Gene expression stats (Y^T * Y): 
87.3684685627	53.5731483041	53.349593117	58.8214510935	55.42000055	54.3455469525	55.4862740438
53.5731483041	87.3684685627	32.6038277225	36.7780066624	30.2399148486	42.5759214558	54.768494204
53.349593117	32.6038277225	87.3684685627	36.1620301518	40.3699605047	36.0414100751	26.6946003011
58.8214510935	36.7780066624	36.1620301518	87.3684685627	63.7977073981	54.7250709915	41.5573074433
55.42000055	30.2399148486	40.3699605047	63.7977073981	87.3684685627	55.8134758667	35.6918985837
54.3455469525	42.5759214558	36.0414100751	54.7250709915	55.8134758667	87.3684685627	35.5610889551
55.4862740438	54.768494204	26.6946003011	41.5573074433	35.6918985837	35.5610889551	87.3684685627
Genotype stats (X^T * X): 	34.8
Gene expression - Genotype stats (Y^T * X): 
-22.4409484152	-16.5259276843	-11.2206052393	-11.3919274014	-10.6121017434	-5.19700762098	-16.7202753402