Tissue	braincortex
N_samples	95
Chr	7
Gene	ENSG00000105880.4
SNP	rs6957108
Gene_list	ENSG00000120903.6	ENSG00000087494.11	ENSG00000105464.3	ENSG00000103460.12	ENSG00000166863.7	ENSG00000105880.4	ENSG00000151136.10	ENSG00000144355.10	ENSG00000115844.6
Gene expression stats (Y^T * Y): 
87.3684685627	47.111012577	53.0041835501	47.1270797796	58.6527881837	53.6463346984	52.7932625191	59.4314149034	53.4941945154
47.111012577	87.3684685627	52.5553035331	58.3236823502	54.956715283	56.5077854756	40.3524265464	60.8601087435	47.0878055229
53.0041835501	52.5553035331	87.3684685627	50.135675729	41.1562654736	54.3538394701	57.3671067587	53.3474741081	56.7031057019
47.1270797796	58.3236823502	50.135675729	87.3684685627	44.0630703478	55.7407989755	50.7752925701	58.8037183687	46.8914744278
58.6527881837	54.956715283	41.1562654736	44.0630703478	87.3684685627	59.0744511965	49.9002375568	64.8455096303	55.708140108
53.6463346984	56.5077854756	54.3538394701	55.7407989755	59.0744511965	87.3684685627	55.4769564328	63.4890973578	63.7132826106
52.7932625191	40.3524265464	57.3671067587	50.7752925701	49.9002375568	55.4769564328	87.3684685627	58.0990893371	56.9406553077
59.4314149034	60.8601087435	53.3474741081	58.8037183687	64.8455096303	63.4890973578	58.0990893371	87.3684685627	62.8434756321
53.4941945154	47.0878055229	56.7031057019	46.8914744278	55.708140108	63.7132826106	56.9406553077	62.8434756321	87.3684685627
Genotype stats (X^T * X): 	31.4315789474
Gene expression - Genotype stats (Y^T * X): 
12.1634398449	9.51250932372	5.2885359318	11.0699433324	12.1592353924	17.5034030233	12.0417385774	12.2569920704	18.4712600043