Tissue	braincortex
N_samples	95
Chr	6
Gene	ENSG00000198755.6
SNP	rs2395626
Gene_list	ENSG00000171863.8	ENSG00000175390.8	ENSG00000161970.8	ENSG00000166441.8	ENSG00000144713.8	ENSG00000110700.2	ENSG00000105640.8	ENSG00000221983.3	ENSG00000134419.11	ENSG00000137154.8	ENSG00000174748.14	ENSG00000142676.8	ENSG00000198242.9	ENSG00000204387.8	ENSG00000231500.2	ENSG00000124614.9	ENSG00000198755.6	ENSG00000125691.8	ENSG00000108298.5	ENSG00000168028.9	ENSG00000100316.11	ENSG00000105193.4	ENSG00000188846.9	ENSG00000131469.8	ENSG00000142937.7	ENSG00000265681.2	ENSG00000063177.8	ENSG00000142541.12	ENSG00000142534.2	ENSG00000213741.4	ENSG00000162244.6	ENSG00000123349.9	ENSG00000170889.9	ENSG00000143947.8	ENSG00000108107.8	ENSG00000229117.4	ENSG00000008988.5	ENSG00000196531.6	ENSG00000083845.4	ENSG00000174444.10	ENSG00000147604.9	ENSG00000149273.10	ENSG00000138326.14	ENSG00000186468.8	ENSG00000167526.9	ENSG00000122406.8	ENSG00000156482.6	ENSG00000114391.8	ENSG00000071082.6	ENSG00000109475.12	ENSG00000089009.11	ENSG00000118181.6	ENSG00000089157.11	ENSG00000136942.10	ENSG00000197958.8	ENSG00000112306.7	ENSG00000148303.12	ENSG00000161016.11	ENSG00000164587.7	ENSG00000145425.5	ENSG00000177954.7	ENSG00000204628.7	ENSG00000182899.10	ENSG00000197756.5
Gene expression stats (Y^T * Y): 
87.3684685627	25.5776725479	69.0353883395	69.1711065608	77.1198223751	68.5672487284	63.2364874741	57.8513444488	73.7960302243	72.42184159	54.0361156185	66.3814274746	69.3060770425	41.6301095712	73.983472428	66.5122455666	54.4442305679	73.2205725801	67.7705890437	64.3940480714	65.3927122348	71.1185799417	76.3047132941	75.6602725688	73.6119431404	73.3640631897	65.7905213657	66.6666743474	73.5449980003	67.0334053873	64.1883422999	72.3373625588	60.3431005836	69.6570545371	57.1227634702	67.4141659881	70.0287372102	69.2291216394	63.3204593475	63.7479344653	58.0701671599	68.2477815178	72.6363858473	66.7109408114	59.7712312442	58.4022133064	67.3526657213	78.2333346355	59.5817848755	71.9446283674	60.3407477546	68.2400454212	62.9408778259	70.5635779494	63.0229998483	60.802255964	66.6521803215	66.9377533639	58.5414163138	62.6786018336	55.891588139	56.0614331593	77.5632039495	55.0514541386
25.5776725479	87.3684685627	36.3524736266	23.7205527479	29.0881695476	31.3345576329	38.67806142	37.4319407498	31.9640790135	24.3175658863	46.1301035495	28.7432255837	21.9474359802	40.2529759648	26.9262485254	35.4170819058	56.9053578405	32.8361930404	20.8878798334	42.6664907673	43.1346478857	27.0563693726	39.4558939794	27.727426084	27.4558735731	37.8913772281	24.9247802171	29.3636468018	23.1095134151	27.1617527812	41.1426992101	26.9038685447	23.7578390943	34.3301063942	32.5948687503	35.2482111471	36.0749051968	30.3212436056	40.9878262869	42.7870172474	44.9454895724	26.4828572532	26.7635933249	29.3488464578	29.6046523108	45.2777129832	22.8946527998	32.9824384718	37.2673180197	23.1329575677	44.6271376659	23.6626940088	50.184060999	21.431726308	36.8918777251	25.9803036508	51.1707920194	33.4264176827	27.8732185468	44.5572550184	26.5058688551	43.2799785519	28.3726508063	26.6805855195
69.0353883395	36.3524736266	87.3684685627	71.5156706112	76.2072331675	79.2961639045	56.6482867355	57.6494802025	75.4269872692	74.009350534	64.074212518	69.2714450708	68.0861316462	48.4071665818	68.5468672959	66.6055039694	64.5261719931	70.7144983432	66.390231409	64.4952530073	62.4165881083	58.9620927394	68.6026191404	73.8768514448	72.2983835854	75.3003946533	59.4804046919	57.5205730013	66.3503078661	69.5828285881	59.6884296598	76.0783564633	51.7746940379	79.5277651156	57.044004877	62.8933687514	73.8500768937	76.5515826969	62.9046011718	70.6133152826	74.9812378721	68.9228064268	78.9131290668	68.4895540268	53.4593341677	71.1568488388	75.2539251772	74.3625322077	59.6548891312	76.9813864305	72.6131932333	73.9928121549	62.1299707316	64.8014035917	65.6621205885	70.1410801221	66.2328569061	52.5050623624	55.2523601422	78.4286966001	66.2845794062	47.5101492024	74.5208250132	55.3812440313
69.1711065608	23.7205527479	71.5156706112	87.3684685627	76.5377775078	72.0483476962	68.4759951227	60.2440863396	76.2182204707	78.0619751446	50.9621839918	77.9910848501	73.6587269358	43.3979649378	74.3300516463	74.0354847676	56.4408524601	67.0545184619	77.2958807408	63.8507313866	69.0207641024	72.5846710624	61.8880373634	77.9733774182	77.9653408979	72.7300575741	73.9035568878	71.8693279262	76.4705879884	76.7005065795	67.3839878005	76.2127580604	67.062571194	74.8086680722	70.6568755904	68.1747347545	73.0419834905	68.0097958445	66.5977227457	62.1035881764	55.091468402	73.0626271699	75.3901927704	68.2794026625	69.2859318387	53.097344201	79.7635960099	74.5403023025	49.8224945791	75.5697164208	56.0588729374	75.3766640571	61.3791689718	78.7311100273	68.6921453434	74.8383327343	64.0158818537	67.047768858	61.2215100986	63.9627278307	68.7421432151	50.699927176	74.5614622182	60.2753466113
77.1198223751	29.0881695476	76.2072331675	76.5377775078	87.3684685627	75.5783626787	69.0423369388	67.5072127175	79.2736502133	79.6173294111	55.4959626572	77.4458782105	77.9330138513	45.7204828818	78.2218842084	75.9367297079	62.3291727146	78.3643928995	78.8889925766	71.1991823881	70.7895700886	75.7522049844	72.2239666907	81.638323348	79.8957208726	79.5600976327	74.9169030714	73.8001591727	80.8360118514	77.7694904812	69.5939254262	79.1469498383	66.1516851382	78.1739602917	71.3218965783	75.8497991381	75.6471841036	68.2511464334	72.6179381562	70.5939940296	63.7550623308	78.6881051515	76.4936437406	74.5243127019	68.516336893	60.418799248	78.919380009	78.9395100058	62.0164497572	76.8955803448	62.6338963119	73.6140334591	67.3057174871	77.1460083485	69.452920227	73.4043880387	73.7043862196	69.6595630813	68.1529938901	67.8241883108	65.9062406252	56.2823000318	78.6366504742	66.9523374138
68.5672487284	31.3345576329	79.2961639045	72.0483476962	75.5783626787	87.3684685627	61.5819985499	59.1994032531	78.4292994591	76.0074099635	68.6227328217	70.0800831824	67.7650498876	47.412296271	70.4786636934	70.8844125613	64.867889373	69.1991273576	67.4986933178	66.172110948	63.0450072689	63.1362618734	68.2926790009	76.0979273432	75.9191541404	73.4310594702	66.7364844882	56.8230883886	70.3392444587	73.7907698984	61.8163927709	72.0915285968	60.3011858836	74.845340684	58.0386636934	59.4560099518	78.2274517031	73.2389464516	67.9344133572	70.812496911	72.1013500089	72.4351432835	76.8366196861	72.8221353374	59.0326926747	66.5476437033	75.4214448824	75.8083080392	57.0508481998	75.9673347538	74.9551971262	74.2912985065	67.1950749642	68.904480887	63.5766307392	70.8598602002	61.9466421976	53.1669786894	59.111324394	76.8677190167	72.2680752183	55.9562455525	74.353128413	56.4902819337
63.2364874741	38.67806142	56.6482867355	68.4759951227	69.0423369388	61.5819985499	87.3684685627	65.3440285548	68.2549860119	67.0950992437	53.2618079049	68.4466631596	67.9555530059	41.3732038567	66.6036315649	73.6019767463	59.9359873741	68.6714207776	68.9043564564	63.4000558782	66.4602137296	77.9485110863	59.0658260406	70.6823362456	69.9766649572	68.4994925082	76.1981864753	75.6177694289	73.1394940412	71.0542512653	70.5243705531	58.834285938	69.2315424834	65.7469352341	76.1362017229	70.7429634201	64.2030933601	50.0960049474	73.4700839883	58.1943926983	47.8495404763	69.4304569818	61.1447901676	66.147421624	76.1245307975	42.8598827422	66.608443054	65.1643858417	52.9010126272	60.1985944739	48.9783544179	59.790181419	65.4885077531	73.7654893086	64.0793910907	63.2587612976	63.7132433798	74.1836283803	58.3972373062	54.750323189	60.3738798001	53.1658560605	66.3476100365	63.8941481873
57.8513444488	37.4319407498	57.6494802025	60.2440863396	67.5072127175	59.1994032531	65.3440285548	87.3684685627	63.9919290726	61.4279603615	44.1389632695	66.9706590161	62.9213083203	46.0068721484	64.1814312806	70.7783348464	61.5233484021	62.8054991017	67.6620886234	65.5471705115	62.3277924952	66.2410518835	55.8046919546	66.3873505077	59.906333232	59.9184435937	63.2494073743	65.3615160665	66.9691763593	62.9206773377	62.1250707323	56.0540165291	64.4440526627	64.588487592	68.6202301127	63.600179358	60.7576897963	46.3328639291	69.2734816768	59.7117501225	47.9207931563	67.3113157123	52.9445690578	64.2927635924	63.9204582786	43.108377655	58.5366753962	58.7189794147	54.2729714378	54.9111511755	52.3842262799	54.5434227631	56.8486034543	63.481588493	66.6131399423	65.3892092561	66.1289129484	68.371744279	57.6622903249	52.6232418301	52.2197576655	53.0415895147	61.1509392946	60.4345387594
73.7960302243	31.9640790135	75.4269872692	76.2182204707	79.2736502133	78.4292994591	68.2549860119	63.9919290726	87.3684685627	80.159048015	61.1618648416	77.6868221043	74.6648723367	47.874370155	75.8627591248	74.845670546	62.8290669795	76.2491620173	74.8261176342	67.5783272776	67.9739023671	73.6515240072	68.7567075237	78.6229824411	79.0283065534	79.0544465751	73.5552677149	70.1231006201	77.4839473608	77.3450162892	68.4879561762	72.7310213052	65.0496299742	77.88872107	66.9463128612	69.9437300448	78.0006272429	69.8602975539	69.8551886283	72.6365075965	67.2517509745	78.2675415605	76.7940360259	77.6254743247	67.126839773	63.6221947535	79.2425164881	78.5622467318	59.393391627	75.3989184932	66.69856648	73.1494145862	69.1083947598	73.0702079435	66.8096870849	75.0753718067	69.3247508992	63.204513255	61.398808511	73.2979661629	72.0118051332	59.5444055933	78.1366889874	63.7051402113
72.42184159	24.3175658863	74.009350534	78.0619751446	79.6173294111	76.0074099635	67.0950992437	61.4279603615	80.159048015	87.3684685627	55.6044239346	80.7691356196	78.0454559753	40.2080380087	77.4452687152	72.2248508862	61.7893986808	72.3365341174	80.511404752	66.4535548846	70.7549765614	75.5122095973	64.6473697906	77.3848973393	82.15759546	79.1767693794	75.2040787494	74.6071999547	79.1662248423	76.5072315391	64.2387545712	75.9060833607	65.7507913204	77.5960993071	71.0539966311	68.3181302409	77.5261395306	69.6156423399	67.5903433097	71.2331115321	63.2947481219	78.5071993959	77.0267715592	73.9115527662	67.7115336076	61.7696125935	84.0098873082	76.5430515959	51.9290801908	76.723162688	60.8305062488	76.7353751339	64.759807305	74.572641836	65.0615818142	78.131366629	66.442771755	65.6721670098	65.6788052984	68.6279973114	70.8817783007	54.7481316549	75.0611718377	61.4802702622
54.0361156185	46.1301035495	64.074212518	50.9621839918	55.4959626572	68.6227328217	53.2618079049	44.1389632695	61.1618648416	55.6044239346	87.3684685627	47.4321882813	48.2087802124	43.9830554418	49.1960136632	58.6487892142	64.6087100625	58.214486018	42.006812924	54.7043616144	54.8020582874	42.6041117146	61.2126292342	56.8219269733	59.0804472162	62.6084417927	55.3968547629	38.0748109747	47.0783142347	57.6195411773	62.8224446761	53.7209473215	39.6939220792	56.2304832328	43.4279189369	49.6875380387	64.4663486851	59.4351935704	56.2124263346	61.7357546745	73.0911386252	50.7635792398	66.6361154646	50.0638722307	44.9248425064	63.4287407624	54.3312206148	66.931158053	50.2572841845	60.8977033873	74.9754535301	58.4657044971	66.5492185361	53.1347717457	49.0314720967	50.3805433549	56.2571845355	40.242744274	48.4276265662	70.8675549225	62.7543217821	50.9010260001	60.8861879772	38.8968538046
66.3814274746	28.7432255837	69.2714450708	77.9910848501	77.4458782105	70.0800831824	68.4466631596	66.9706590161	77.6868221043	80.7691356196	47.4321882813	87.3684685627	75.0728969604	44.371868588	75.5611232123	74.7823677876	63.1286233524	70.8320133883	82.217828392	66.181495983	72.887189804	76.0366873482	60.7771467172	73.0587163184	78.6035775855	74.9089023135	73.2629669758	76.1984289574	79.0881498887	77.8313380398	64.7199587665	71.0987002765	69.2673522906	76.2979139368	73.3336196004	69.0887111182	73.285066301	62.7283983075	72.5442820333	70.5819760396	58.7077138203	79.1977548821	69.8930968891	74.3515053796	70.5844875661	55.7770530147	80.6157647213	69.2280771219	55.4267845132	69.1292157228	55.3492372753	68.4461610994	61.3850856405	73.5923970412	66.9254298464	80.8753048502	68.3019418221	70.115268854	62.8783973009	65.1888138857	69.1489694493	54.9260212966	68.8530899002	68.1573006821
69.3060770425	21.9474359802	68.0861316462	73.6587269358	77.9330138513	67.7650498876	67.9555530059	62.9213083203	74.6648723367	78.0454559753	48.2087802124	75.0728969604	87.3684685627	37.1752796558	73.69862719	70.4528407197	57.0681409206	72.9540026283	76.4566320844	63.8313248265	67.0851553292	75.2922213031	61.4892182194	75.1316986595	74.1471068975	74.5244006632	71.8015809299	77.4397771323	78.1755633911	72.8649420713	64.51506302	70.6198817763	63.6218247626	74.7743022878	71.8230196628	71.9543284371	69.1807160121	63.4845804504	61.1903348791	61.9179729461	56.9631624056	74.5429800788	71.7709988493	73.6890722702	69.0845160927	51.7184776228	77.1727041328	69.2611547242	48.3717182272	69.9475417599	49.3654086706	73.8613318943	56.1480609809	72.6094751426	66.3924730614	72.1308857114	62.667243189	68.5029300957	61.0412576839	61.5146376075	58.7492466042	46.4220518258	73.5932974683	62.6113946475
41.6301095712	40.2529759648	48.4071665818	43.3979649378	45.7204828818	47.412296271	41.3732038567	46.0068721484	47.874370155	40.2080380087	43.9830554418	44.371868588	37.1752796558	87.3684685627	42.6058519616	48.353195955	53.8988791488	48.4310848308	44.4356118433	36.1562533199	44.0905350604	38.846114785	37.4888487761	47.7230567406	43.8922287086	41.4370209603	35.708205285	34.1181131864	35.764332759	45.9820576972	45.4750877168	44.4896289432	49.6303748655	50.9443179771	43.8251591185	46.8756236601	43.3388951672	41.9954729819	45.2463229271	41.2822472359	37.0185637567	40.479618712	43.2253796243	46.6728377435	46.8336589436	41.5011107844	40.5238362541	46.5049538299	51.5040167081	39.1585746353	42.3178779956	39.3179748268	38.8714627107	45.4866837784	56.5034894672	45.2994945598	47.9183289689	37.2222591641	43.0034375386	47.6653042221	43.856541147	25.0267797543	46.3148323559	48.619558917
73.983472428	26.9262485254	68.5468672959	74.3300516463	78.2218842084	70.4786636934	66.6036315649	64.1814312806	75.8627591248	77.4452687152	49.1960136632	75.5611232123	73.69862719	42.6058519616	87.3684685627	71.8978575381	59.6979633842	69.8303336555	76.4115349495	68.1281188492	66.7036139928	72.6700613646	67.1548573845	76.7635606385	75.1520532897	73.8855673365	72.4156430174	70.7692545642	76.0933212469	73.2826717478	64.0290364043	71.9179625701	64.858522801	71.4961702303	68.6295216747	72.2445328799	71.3150902908	62.4040891961	70.0083026639	61.1447337255	53.3368419526	73.5044423421	68.9067979081	69.0094416094	65.6056048266	53.313863227	74.4124892404	72.4751078131	54.2943996531	70.7359743017	55.3475941123	70.8941795765	63.0664642813	72.2377473303	65.7803925434	69.8034433474	66.9305902683	68.8636446745	62.9244286782	60.4293761551	63.9917448854	58.2399040156	71.9652276114	59.6309985533
66.5122455666	35.4170819058	66.6055039694	74.0354847676	75.9367297079	70.8844125613	73.6019767463	70.7783348464	74.845670546	72.2248508862	58.6487892142	74.7823677876	70.4528407197	48.353195955	71.8978575381	87.3684685627	65.730264549	69.2491626557	72.7403228914	72.0381481952	70.4752709086	73.4335162389	64.6375444684	79.6200006894	73.7317324599	71.2977798248	77.0755300856	69.2800905372	74.8741597503	78.2986034218	72.4409219381	69.8877808183	72.5093730541	72.3661515675	72.4351662864	70.1098196769	71.3530448593	55.3639439	74.3776858182	63.1354328738	56.8189051437	73.8205674393	67.4488736566	69.6778611339	76.4126793302	48.3486561346	70.7702464882	72.5102569466	59.5707110178	69.696089976	59.9906801661	66.7665907203	66.5406198457	79.0505080783	68.1274111328	74.3174821342	69.3751259199	68.750688574	69.0341013427	63.2279424395	66.8277549977	54.8916852434	73.3117589182	64.1348308721
54.4442305679	56.9053578405	64.5261719931	56.4408524601	62.3291727146	64.867889373	59.9359873741	61.5233484021	62.8290669795	61.7893986808	64.6087100625	63.1286233524	57.0681409206	53.8988791488	59.6979633842	65.730264549	87.3684685627	63.0633447974	58.2480328974	64.270557665	69.217048064	53.9789265632	61.4372821749	61.7880777592	64.5399072209	66.6816967699	57.960732101	53.6157170179	57.8476642068	64.7599829411	57.9803775185	58.1957487436	56.8793539343	65.2202666915	57.586247314	62.2031393675	64.8082939115	56.1833534412	67.1836564722	65.9033348	64.8504330937	61.9423737237	60.8313894014	59.9910012614	56.5199870568	60.0223982317	59.1818687534	62.0797941534	59.8358061335	58.5457859327	64.4819387715	56.9221254861	67.5274112106	57.5558581112	64.5661139615	63.0771994119	68.2817531133	58.3649459339	58.3517958592	67.8018459721	59.5819798362	52.8989881391	59.4902885608	53.4993027802
73.2205725801	32.8361930404	70.7144983432	67.0545184619	78.3643928995	69.1991273576	68.6714207776	62.8054991017	76.2491620173	72.3365341174	58.214486018	70.8320133883	72.9540026283	48.4310848308	69.8303336555	69.2491626557	63.0633447974	87.3684685627	70.9105406467	61.4495953121	68.9190471634	70.4549526493	71.3482672702	75.3364935876	77.0022256377	77.2213926889	67.7219750384	69.375803927	74.342591023	70.4328818305	64.6281431056	70.0186457306	58.4662821118	72.828925253	65.2140022258	73.2288925388	68.3816969529	67.8984050651	66.7538028829	69.0312291041	65.6569715366	73.8207081582	73.7379477216	70.5379414507	65.4108751141	66.3565685018	71.3397860464	74.5653946363	65.4898300053	70.3513732254	63.3547733198	67.5413665085	62.3735979339	69.3528011261	66.121829523	65.4951743432	72.6747728792	66.3033971644	61.8711406017	67.6318264377	62.2113831832	53.4354533462	74.735806092	67.0966062793
67.7705890437	20.8878798334	66.390231409	77.2958807408	78.8889925766	67.4986933178	68.9043564564	67.6620886234	74.8261176342	80.511404752	42.006812924	82.217828392	76.4566320844	44.4356118433	76.4115349495	72.7403228914	58.2480328974	70.9105406467	87.3684685627	62.8104040492	70.9620645772	77.7950505071	57.4100871012	75.1097817807	78.0934082659	72.0502657351	74.8037710668	77.8436180479	80.6210877528	75.415066422	62.9606794597	72.1690846719	71.7418146465	75.2040760874	76.8139009052	70.5772631369	70.9017638031	62.0449066786	70.153721511	65.1385884034	50.5246190644	77.6880781239	69.2471356469	73.0412485694	72.6871048405	50.4250168201	79.5430429199	68.3862182254	52.1622154777	68.895401852	49.230793819	71.66082459	61.372428785	76.6740407405	68.7954248764	77.9730790795	67.9724205222	71.0420907333	62.3806012351	56.9682563082	66.2751429056	52.5431498905	69.8602055217	66.8353651854
64.3940480714	42.6664907673	64.4952530073	63.8507313866	71.1991823881	66.172110948	63.4000558782	65.5471705115	67.5783272776	66.4535548846	54.7043616144	66.181495983	63.8313248265	36.1562533199	68.1281188492	72.0381481952	64.270557665	61.4495953121	62.8104040492	87.3684685627	66.1311191674	65.1931458319	66.1156762853	68.7176188164	66.5274490727	70.1795845223	65.1500022213	61.5836861885	69.6088875678	67.2412660122	65.2623041294	66.6310432749	55.6777283477	66.8806024733	62.1329165369	59.869601671	69.5838282244	56.4920942314	68.8784612301	63.5372987072	61.0077260301	65.3457251484	62.430740073	60.5728312606	60.7150762732	52.6471683875	63.4670737734	68.9006116849	56.5051533598	64.3289811199	63.4272162274	62.8743086853	65.8856287805	67.1690495854	57.1255639084	63.3584528144	66.8121064863	60.6902761615	59.3004416631	63.6373737734	60.5104627686	55.6674434104	64.9109267146	52.2362148383
65.3927122348	43.1346478857	62.4165881083	69.0207641024	70.7895700886	63.0450072689	66.4602137296	62.3277924952	67.9739023671	70.7549765614	54.8020582874	72.887189804	67.0851553292	44.0905350604	66.7036139928	70.4752709086	69.217048064	68.9190471634	70.9620645772	66.1311191674	87.3684685627	65.2853203749	65.7167647666	68.5765765946	71.521835986	70.2255915279	67.5606871226	69.0438591649	69.5070143295	68.4552977228	63.5389855914	68.3226702062	63.6499962426	68.9904115163	65.6691062877	65.6177611583	68.6126965597	65.4413919861	67.8986098314	68.6561063052	59.5944511129	68.1990222163	66.5248027131	59.9180914186	65.1987009651	58.1816185765	67.1253442183	69.3777747994	51.1606140841	64.8175691537	58.2466537689	65.1509323899	69.8610302636	69.1119738996	67.9789753605	66.430735893	70.3371123152	68.0515974184	62.4587666772	62.512884772	57.5616597055	56.1454566543	68.2086150489	54.0074300496
71.1185799417	27.0563693726	58.9620927394	72.5846710624	75.7522049844	63.1362618734	77.9485110863	66.2410518835	73.6515240072	75.5122095973	42.6041117146	76.0366873482	75.2922213031	38.846114785	72.6700613646	73.4335162389	53.9789265632	70.4549526493	77.7950505071	65.1931458319	65.2853203749	87.3684685627	60.3728912989	73.9057519857	74.2689588225	71.0332075166	77.3144851686	82.2178258229	81.9446889678	73.8789728442	66.8763945541	65.2344941358	73.4006991728	69.2419956987	76.3712766072	73.0711323249	67.2118050674	52.9438303064	70.5285368157	59.8486436928	45.4056709431	77.4539905824	62.967964082	73.0177985013	75.2332279194	43.9224751673	73.635393546	66.4913406295	56.1728658552	64.0246912085	45.0066684352	64.1002490744	60.7276535661	75.1986762457	63.5910172711	70.6360325265	65.5847125689	75.9464079998	62.4825351649	53.7672344916	61.590649783	55.1261674691	68.207513477	71.1546191174
76.3047132941	39.4558939794	68.6026191404	61.8880373634	72.2239666907	68.2926790009	59.0658260406	55.8046919546	68.7567075237	64.6473697906	61.2126292342	60.7771467172	61.4892182194	37.4888487761	67.1548573845	64.6375444684	61.4372821749	71.3482672702	57.4100871012	66.1156762853	65.7167647666	60.3728912989	87.3684685627	70.3721555522	69.1509153253	72.2525441753	62.5254340579	58.4261372639	66.3368247891	62.8311396226	62.7877743436	67.777734862	51.1909264147	63.9861293003	51.0327941551	62.0896714535	68.328332357	68.5259959448	66.0680650049	68.1764083953	67.6695584741	64.2608883995	69.1003662713	59.8954398721	53.226983012	62.6138597292	59.344314595	74.9295201686	62.1502500198	69.8532964933	69.5771014559	65.2428849118	66.3171015386	61.9215345693	59.4834979905	53.788802319	70.4883625947	59.9869751083	53.3863869834	67.4584012205	54.980606378	63.0073428181	74.4617398958	50.925551724
75.6602725688	27.727426084	73.8768514448	77.9733774182	81.638323348	76.0979273432	70.6823362456	66.3873505077	78.6229824411	77.3848973393	56.8219269733	73.0587163184	75.1316986595	47.7230567406	76.7635606385	79.6200006894	61.7880777592	75.3364935876	75.1097817807	68.7176188164	68.5765765946	73.9057519857	70.3721555522	87.3684685627	79.5190369569	76.9225974531	76.0108328335	70.0779185875	77.3747116895	77.1541387385	67.3263530244	77.8675850533	68.871179418	76.1510658225	70.107283245	72.2463962765	73.6815746806	67.9419816991	69.4511237631	63.426424038	58.2113776045	75.8256015174	74.8103923454	72.9619429356	72.3424021196	54.7736527443	75.6794412367	80.0627740286	59.9345199097	78.0412979688	61.9538031056	74.2253563061	64.9395584814	80.4265653942	70.9406396338	73.0908672648	68.6341145669	68.7628401422	67.5936895498	67.2470085647	65.931341451	53.6369702729	80.4746692816	62.6963695806
73.6119431404	27.4558735731	72.2983835854	77.9653408979	79.8957208726	75.9191541404	69.9766649572	59.906333232	79.0283065534	82.15759546	59.0804472162	78.6035775855	74.1471068975	43.8922287086	75.1520532897	73.7317324599	64.5399072209	77.0022256377	78.0934082659	66.5274490727	71.521835986	74.2689588225	69.1509153253	79.5190369569	87.3684685627	79.6738164702	76.5533384213	72.7254866429	80.015555645	78.147233076	66.3587763348	76.5984949038	65.375760371	74.356624212	68.4550746131	69.9458554557	75.6536663271	70.9850153095	70.4936847522	72.1353445487	62.5659861242	77.6584212573	77.3983009475	72.430798809	68.9861543228	63.5400078087	80.4702135721	78.928839644	60.6892750685	77.2369581957	64.0729824449	75.5320327477	67.3612796544	76.5479347609	65.5237770262	73.3920076572	70.089935552	68.0971389308	67.9786188999	68.9902607777	72.9594204927	60.5740534583	76.1024498871	64.5390525666
73.3640631897	37.8913772281	75.3003946533	72.7300575741	79.5600976327	73.4310594702	68.4994925082	59.9184435937	79.0544465751	79.1767693794	62.6084417927	74.9089023135	74.5244006632	41.4370209603	73.8855673365	71.2977798248	66.6816967699	77.2213926889	72.0502657351	70.1795845223	70.2255915279	71.0332075166	72.2525441753	76.9225974531	79.6738164702	87.3684685627	73.0842580363	72.1123256338	74.7984130013	71.3130856676	65.423816622	74.7689743611	58.0262243559	76.6146163115	67.6868931367	71.1683045313	73.8706921172	69.6882842033	68.6601220026	73.4218962558	69.6230395164	76.2813996531	76.3557680663	72.4975116819	64.6761820134	66.294269391	77.0013596134	79.0710349491	59.1286081526	74.4330820121	65.9602379374	71.6995981387	68.9417111648	71.0553185465	64.6272743265	70.7298908683	74.6051994039	66.4047960637	62.6635451506	73.1194011434	65.7497110339	57.6456049904	75.4520952716	61.6964631788
65.7905213657	24.9247802171	59.4804046919	73.9035568878	74.9169030714	66.7364844882	76.1981864753	63.2494073743	73.5552677149	75.2040787494	55.3968547629	73.2629669758	71.8015809299	35.708205285	72.4156430174	77.0755300856	57.960732101	67.7219750384	74.8037710668	65.1500022213	67.5606871226	77.3144851686	62.5254340579	76.0108328335	76.5533384213	73.0842580363	87.3684685627	74.4291270496	78.5821792971	76.2442810584	70.2424916085	68.3135223788	69.1762723451	65.116427497	76.3266752461	69.3265465713	70.7547795767	53.775173681	72.7666708391	60.8769843893	51.1743275343	73.9695939865	67.1483817439	67.603928954	73.6553954526	43.2247475983	73.390478204	72.7260795531	52.3784732248	70.8956313775	54.7401771229	69.141814592	68.9309328033	78.4945725597	61.9685088849	68.6432113905	66.1080498592	72.9984154797	64.5170023307	55.6357641517	70.1034631689	61.6622998396	71.9139213089	62.9699368888
66.6666743474	29.3636468018	57.5205730013	71.8693279262	73.8001591727	56.8230883886	75.6177694289	65.3615160665	70.1231006201	74.6071999547	38.0748109747	76.1984289574	77.4397771323	34.1181131864	70.7692545642	69.2800905372	53.6157170179	69.375803927	77.8436180479	61.5836861885	69.0438591649	82.2178258229	58.4261372639	70.0779185875	72.7254866429	72.1123256338	74.4291270496	87.3684685627	79.2066290759	68.8288068151	64.3166961467	63.2906323521	69.5486640589	67.4998871549	78.3367035065	72.6707185673	62.3157781537	52.8801934799	66.7182960749	60.1536917704	45.2035870866	75.7674215995	62.0584249213	69.6716060889	72.5876969339	45.7289986989	73.1954528764	63.9423903979	50.3079014451	61.0285361668	41.0056291194	62.8971768745	58.7313223795	70.6586082473	64.5164067886	68.8535730649	66.6861821888	77.6768874619	58.9125734349	51.0760919514	55.0172048933	52.6160796207	65.443720442	67.44136014
73.5449980003	23.1095134151	66.3503078661	76.4705879884	80.8360118514	70.3392444587	73.1394940412	66.9691763593	77.4839473608	79.1662248423	47.0783142347	79.0881498887	78.1755633911	35.764332759	76.0933212469	74.8741597503	57.8476642068	74.342591023	80.6210877528	69.6088875678	69.5070143295	81.9446889678	66.3368247891	77.3747116895	80.015555645	74.7984130013	78.5821792971	79.2066290759	87.3684685627	78.8104895198	66.7161020886	73.0220304699	70.189358204	72.4374296661	73.9351031765	72.2358746155	72.7874042187	62.7644837541	71.4322248121	67.0531355655	54.338217453	78.3910132294	71.8639034477	74.1275791049	72.1633061942	52.0833766141	78.005287597	72.5197939682	60.6920615157	72.391809061	55.4491783585	72.3469666525	64.8926366619	76.6732912003	63.7907290005	73.1889850235	68.5817331276	73.2900297931	66.5815716217	60.2945898279	68.7155349752	60.2371146651	74.1184313497	70.2966290664
67.0334053873	27.1617527812	69.5828285881	76.7005065795	77.7694904812	73.7907698984	71.0542512653	62.9206773377	77.3450162892	76.5072315391	57.6195411773	77.8313380398	72.8649420713	45.9820576972	73.2826717478	78.2986034218	64.7599829411	70.4328818305	75.415066422	67.2412660122	68.4552977228	73.8789728442	62.8311396226	77.1541387385	78.147233076	71.3130856676	76.2442810584	68.8288068151	78.8104895198	87.3684685627	66.9466189757	73.3434664319	70.4766622511	74.8208533918	70.3417517051	72.2841488486	75.2219544457	61.2596342996	71.4367823298	65.6459624685	58.2186502354	74.1893820893	72.6252903843	70.926594255	70.7513019691	51.1304277586	78.5046661124	74.037803525	61.613909213	74.635990532	59.6351327274	71.8783872539	63.9328916321	77.3940120248	66.0703038886	77.2131169937	63.7203184793	66.2552211262	66.9331871669	66.106359386	75.4971496829	53.8470147958	73.5567849224	70.636775979
64.1883422999	41.1426992101	59.6884296598	67.3839878005	69.5939254262	61.8163927709	70.5243705531	62.1250707323	68.4879561762	64.2387545712	62.8224446761	64.7199587665	64.51506302	45.4750877168	64.0290364043	72.4409219381	57.9803775185	64.6281431056	62.9606794597	65.2623041294	63.5389855914	66.8763945541	62.7877743436	67.3263530244	66.3587763348	65.423816622	70.2424916085	64.3166961467	66.7161020886	66.9466189757	87.3684685627	60.6949036618	58.7058843076	62.4381484782	66.1825869867	65.0972434626	67.2472544341	53.7788194132	68.4882440164	60.5198019245	56.1527577365	63.5512982866	65.2179047315	60.9585738156	67.1966960132	50.0645731448	64.0075429336	68.7964856181	52.1600600259	60.8918348934	57.2083787533	63.3682933794	66.5478485574	69.3560984847	59.8752829663	58.9863843968	67.1859403122	64.2687983916	57.9769112287	57.5395557269	60.9315367136	54.4824749308	68.9591533358	54.2080938939
72.3373625588	26.9038685447	76.0783564633	76.2127580604	79.1469498383	72.0915285968	58.834285938	56.0540165291	72.7310213052	75.9060833607	53.7209473215	71.0987002765	70.6198817763	44.4896289432	71.9179625701	69.8877808183	58.1957487436	70.0186457306	72.1690846719	66.6310432749	68.3226702062	65.2344941358	67.777734862	77.8675850533	76.5984949038	74.7689743611	68.3135223788	63.2906323521	73.0220304699	73.3434664319	60.6949036618	87.3684685627	57.8194428628	75.8006748169	63.4032843277	65.4776645265	73.8315246252	73.3147111101	63.4297508297	64.8764799758	61.0644324034	68.3864971679	78.0588348147	62.4773511709	61.15476768	58.9520690415	75.7260862659	78.4260376024	58.5618220698	81.0295968578	62.5331739649	77.4490086274	59.1295079152	75.399566366	65.0280191794	67.7086940167	64.7871526634	59.7760855055	64.7136079849	66.6320890076	66.3199613857	47.1056823653	76.9948652225	58.9114381618
60.3431005836	23.7578390943	51.7746940379	67.062571194	66.1516851382	60.3011858836	69.2315424834	64.4440526627	65.0496299742	65.7507913204	39.6939220792	69.2673522906	63.6218247626	49.6303748655	64.858522801	72.5093730541	56.8793539343	58.4662821118	71.7418146465	55.6777283477	63.6499962426	73.4006991728	51.1909264147	68.871179418	65.375760371	58.0262243559	69.1762723451	69.5486640589	70.189358204	70.4766622511	58.7058843076	57.8194428628	87.3684685627	62.7705591611	70.0018337927	64.8916998949	60.2543876788	44.3852909552	69.7565393147	50.9132291409	36.1960153029	70.4069255465	53.0516823201	65.3114202175	75.0413380995	33.9227011663	63.2171789544	58.7670648032	51.4883046817	56.8026517417	39.6887373391	56.7258220417	54.8588339166	71.1693139085	64.5529982708	67.62333869	57.0520534069	70.3209472829	61.1457251972	48.0320627394	57.0002798057	44.1007655685	62.6631603683	64.3789287919
69.6570545371	34.3301063942	79.5277651156	74.8086680722	78.1739602917	74.845340684	65.7469352341	64.588487592	77.88872107	77.5960993071	56.2304832328	76.2979139368	74.7743022878	50.9443179771	71.4961702303	72.3661515675	65.2202666915	72.828925253	75.2040760874	66.8806024733	68.9904115163	69.2419956987	63.9861293003	76.1510658225	74.356624212	76.6146163115	65.116427497	67.4998871549	72.4374296661	74.8208533918	62.4381484782	75.8006748169	62.7705591611	87.3684685627	66.7745846943	68.7067497851	73.5946860809	72.4317898604	65.575355067	70.2217939099	67.3170304261	74.6723575571	75.6601226943	73.7841410574	66.7145604904	62.9216206229	77.3207790202	72.5275506827	58.4202994415	73.2935971538	61.9276551112	72.4946152201	60.7848851991	72.6414684128	69.470322234	77.2907632396	65.86951866	60.4096247782	59.9440222326	74.297285759	67.2057589225	45.6536988326	73.647964704	64.0673173451
57.1227634702	32.5948687503	57.044004877	70.6568755904	71.3218965783	58.0386636934	76.1362017229	68.6202301127	66.9463128612	71.0539966311	43.4279189369	73.3336196004	71.8230196628	43.8251591185	68.6295216747	72.4351662864	57.586247314	65.2140022258	76.8139009052	62.1329165369	65.6691062877	76.3712766072	51.0327941551	70.107283245	68.4550746131	67.6868931367	76.3266752461	78.3367035065	73.9351031765	70.3417517051	66.1825869867	63.4032843277	70.0018337927	66.7745846943	87.3684685627	70.3507758345	61.3560941991	47.1810337988	68.7810124334	54.4655181545	42.6309805297	69.731272147	59.8940544987	65.9598249645	76.3593691236	39.3711699595	71.2415017407	62.9079540918	48.5215949033	60.1449809433	42.3218757193	62.6736566335	59.9984281153	74.2321631813	67.3542881933	70.0998352538	64.7274341301	72.7150759465	59.6052634671	48.7421574608	61.0718781009	46.6419150222	64.2441507865	65.5661281596
67.4141659881	35.2482111471	62.8933687514	68.1747347545	75.8497991381	59.4560099518	70.7429634201	63.600179358	69.9437300448	68.3181302409	49.6875380387	69.0887111182	71.9543284371	46.8756236601	72.2445328799	70.1098196769	62.2031393675	73.2288925388	70.5772631369	59.869601671	65.6177611583	73.0711323249	62.0896714535	72.2463962765	69.9458554557	71.1683045313	69.3265465713	72.6707185673	72.2358746155	72.2841488486	65.0972434626	65.4776645265	64.8916998949	68.7067497851	70.3507758345	87.3684685627	64.0743948338	50.1663343545	66.3811011994	58.7740756533	49.0643122256	70.1710136307	64.0767732185	67.6027862838	66.1147529411	47.2465790676	68.8348880475	67.1230309059	60.3244070035	62.377150747	45.0904749591	60.0432873545	60.2672971588	69.3379138286	66.2302638259	65.5416182657	71.498952108	72.2550735847	64.1193801303	56.4495469072	58.5194927407	50.0081901229	67.6869319595	70.720224389
70.0287372102	36.0749051968	73.8500768937	73.0419834905	75.6471841036	78.2274517031	64.2030933601	60.7576897963	78.0006272429	77.5261395306	64.4663486851	73.285066301	69.1807160121	43.3388951672	71.3150902908	71.3530448593	64.8082939115	68.3816969529	70.9017638031	69.5838282244	68.6126965597	67.2118050674	68.328332357	73.6815746806	75.6536663271	73.8706921172	70.7547795767	62.3157781537	72.7874042187	75.2219544457	67.2472544341	73.8315246252	60.2543876788	73.5946860809	61.3560941991	64.0743948338	87.3684685627	69.8046092072	68.069247778	72.5213940236	68.9216172246	70.69819679	75.5700392273	69.0308344126	61.5106020417	61.3407729609	75.4353787525	77.2209365591	53.3788820371	76.2585817908	70.5569277776	74.6830619557	71.3574752345	71.2007718695	63.0166661758	70.8748802014	64.8036088039	57.8651455829	59.681494333	72.8030126808	73.0716318547	58.7660739655	74.6482454211	56.2303115836
69.2291216394	30.3212436056	76.5515826969	68.0097958445	68.2511464334	73.2389464516	50.0960049474	46.3328639291	69.8602975539	69.6156423399	59.4351935704	62.7283983075	63.4845804504	41.9954729819	62.4040891961	55.3639439	56.1833534412	67.8984050651	62.0449066786	56.4920942314	65.4413919861	52.9438303064	68.5259959448	67.9419816991	70.9850153095	69.6882842033	53.775173681	52.8801934799	62.7644837541	61.2596342996	53.7788194132	73.3147111101	44.3852909552	72.4317898604	47.1810337988	50.1663343545	69.8046092072	87.3684685627	53.1492901444	68.475798564	70.77498495	61.2886603345	77.9259102719	60.3416135759	49.3185270581	73.1996925017	68.2662247384	72.5257507886	52.9222634296	74.0130674359	70.8349043943	74.5268740805	58.8827282555	60.0059107753	59.7742844627	60.4075313571	60.0210255081	46.2870714475	47.5816822486	75.2857137712	61.8085362443	49.3811925568	72.5023300713	45.4469799009
63.3204593475	40.9878262869	62.9046011718	66.5977227457	72.6179381562	67.9344133572	73.4700839883	69.2734816768	69.8551886283	67.5903433097	56.2124263346	72.5442820333	61.1903348791	45.2463229271	70.0083026639	74.3776858182	67.1836564722	66.7538028829	70.153721511	68.8784612301	67.8986098314	70.5285368157	66.0680650049	69.4511237631	70.4936847522	68.6601220026	72.7666708391	66.7182960749	71.4322248121	71.4367823298	68.4882440164	63.4297508297	69.7565393147	65.575355067	68.7810124334	66.3811011994	68.069247778	53.1492901444	87.3684685627	68.0101051638	57.8360442715	71.5133169487	62.4916323875	65.6596551522	67.1557705716	53.0468562346	66.3626664587	67.2832882553	63.6137191321	63.7166256953	61.5981999659	59.339544414	68.7575696651	68.8966296065	59.8144163335	66.0802100169	69.1611736478	69.5879289097	60.229469911	61.0136077276	66.0028853206	62.6932513406	64.9681106971	65.307909612
63.7479344653	42.7870172474	70.6133152826	62.1035881764	70.5939940296	70.812496911	58.1943926983	59.7117501225	72.6365075965	71.2331115321	61.7357546745	70.5819760396	61.9179729461	41.2822472359	61.1447337255	63.1354328738	65.9033348	69.0312291041	65.1385884034	63.5372987072	68.6561063052	59.8486436928	68.1764083953	63.426424038	72.1353445487	73.4218962558	60.8769843893	60.1536917704	67.0531355655	65.6459624685	60.5198019245	64.8764799758	50.9132291409	70.2217939099	54.4655181545	58.7740756533	72.5213940236	68.475798564	68.0101051638	87.3684685627	73.4966881839	69.5427155311	68.8160178419	66.5558183576	51.8917850904	72.3359561361	69.2069749819	69.0981672054	60.3636883307	64.3682699372	71.4722194736	63.1067821595	69.6134494957	56.6024925166	53.8187187555	66.0402700803	71.1751234297	53.7471310109	54.4709432019	71.3470346294	67.4273919346	64.3140454103	65.0198379898	58.4784548437
58.0701671599	44.9454895724	74.9812378721	55.091468402	63.7550623308	72.1013500089	47.8495404763	47.9207931563	67.2517509745	63.2947481219	73.0911386252	58.7077138203	56.9631624056	37.0185637567	53.3368419526	56.8189051437	64.8504330937	65.6569715366	50.5246190644	61.0077260301	59.5944511129	45.4056709431	67.6695584741	58.2113776045	62.5659861242	69.6230395164	51.1743275343	45.2035870866	54.338217453	58.2186502354	56.1527577365	61.0644324034	36.1960153029	67.3170304261	42.6309805297	49.0643122256	68.9216172246	70.77498495	57.8360442715	73.4966881839	87.3684685627	60.0251536634	71.7845717721	57.5589788402	41.0267034726	75.7613624773	62.4875980818	67.0594055969	54.4222416603	66.530799971	79.5600052131	62.3991491976	61.9178063065	50.2392998078	49.5785103623	58.5001131324	61.5920771376	40.633012312	44.8300991324	80.5043070677	62.156764694	50.2815240234	63.0682784111	43.6750496033
68.2477815178	26.4828572532	68.9228064268	73.0626271699	78.6881051515	72.4351432835	69.4304569818	67.3113157123	78.2675415605	78.5071993959	50.7635792398	79.1977548821	74.5429800788	40.479618712	73.5044423421	73.8205674393	61.9423737237	73.8207081582	77.6880781239	65.3457251484	68.1990222163	77.4539905824	64.2608883995	75.8256015174	77.6584212573	76.2813996531	73.9695939865	75.7674215995	78.3910132294	74.1893820893	63.5512982866	68.3864971679	70.4069255465	74.6723575571	69.731272147	70.1710136307	70.69819679	61.2886603345	71.5133169487	69.5427155311	60.0251536634	87.3684685627	68.0172168588	76.3966022654	68.1586423799	57.0756157547	77.5985457114	69.610182415	58.7708368265	69.4471154451	57.5777297367	67.3813088489	61.9673089576	71.1169634904	65.4431289933	75.4837553995	69.830834345	69.2065469291	61.9358664463	66.331262008	66.6579669612	58.281754002	69.9227108352	70.2948280181
72.6363858473	26.7635933249	78.9131290668	75.3901927704	76.4936437406	76.8366196861	61.1447901676	52.9445690578	76.7940360259	77.0267715592	66.6361154646	69.8930968891	71.7709988493	43.2253796243	68.9067979081	67.4488736566	60.8313894014	73.7379477216	69.2471356469	62.430740073	66.5248027131	62.967964082	69.1003662713	74.8103923454	77.3983009475	76.3557680663	67.1483817439	62.0584249213	71.8639034477	72.6252903843	65.2179047315	78.0588348147	53.0516823201	75.6601226943	59.8940544987	64.0767732185	75.5700392273	77.9259102719	62.4916323875	68.8160178419	71.7845717721	68.0172168588	87.3684685627	66.7426967582	58.6454570787	67.8771708403	77.6544793898	79.3685425764	57.8091149372	80.9868923982	70.5811289056	78.0099190057	63.7594184407	71.6233805891	63.0023873082	67.5978337376	64.4158536977	55.400970183	59.5837107562	74.6416421622	69.6870990814	49.4259288303	79.2945407078	55.6121417027
