Tissue	braincortex
N_samples	95
Chr	7
Gene	ENSG00000136267.9
SNP	rs7781710
Gene_list	ENSG00000136267.9	ENSG00000096654.11	ENSG00000049449.4	ENSG00000171126.7	ENSG00000163827.8	ENSG00000176204.9	ENSG00000171724.2	ENSG00000113319.7	ENSG00000153956.11	ENSG00000181656.6	ENSG00000152578.8	ENSG00000185742.6	ENSG00000164484.7	ENSG00000145451.8	ENSG00000143340.6	ENSG00000182329.6
Gene expression stats (Y^T * Y): 
87.3684685627	53.8776069088	56.551231083	54.0517392697	53.6614958736	60.1047819387	-54.0330650691	56.236370296	60.7608206853	57.0651967023	53.0225164399	57.6903572869	53.4614548287	64.3866951928	54.9176182567	55.6699639118
53.8776069088	87.3684685627	50.567651161	44.2652758896	34.8525644178	63.754037142	-54.5656101236	48.1087457875	44.429790984	42.2906663078	52.7698813792	44.1250970295	38.9062556312	52.0145960571	44.9135137487	41.9238718747
56.551231083	50.567651161	87.3684685627	51.1736154001	45.0295864361	54.0497874661	-56.5196021945	54.3765084316	38.7751049282	53.4785290801	50.2588518774	39.9579647733	43.0992037367	43.7232085978	50.3318299202	54.0890186648
54.0517392697	44.2652758896	51.1736154001	87.3684685627	31.6899962059	56.1301291894	-36.3449181308	32.7868298291	42.9267210601	50.6812487001	33.4519984248	36.1584483371	40.9736915983	36.5792335734	39.9161987016	36.6317521771
53.6614958736	34.8525644178	45.0295864361	31.6899962059	87.3684685627	43.8125532216	-42.6733269372	35.2776328487	44.5166221986	40.9945526992	32.9893077211	27.677675663	29.56751441	45.8634372735	34.3079322733	47.6579544438
60.1047819387	63.754037142	54.0497874661	56.1301291894	43.8125532216	87.3684685627	-52.5603213347	52.9973172525	51.8020044336	50.7535723305	54.2243051482	48.8594363841	54.2445613518	61.1394713785	52.1485344285	54.6554149091
-54.0330650691	-54.5656101236	-56.5196021945	-36.3449181308	-42.6733269372	-52.5603213347	87.3684685627	-62.109754706	-40.9958792216	-44.0665095816	-52.4726934244	-57.4846493332	-46.576735959	-51.7663220012	-59.5858268779	-52.4479828987
56.236370296	48.1087457875	54.3765084316	32.7868298291	35.2776328487	52.9973172525	-62.109754706	87.3684685627	41.2021588307	37.9535565296	62.7492819651	60.2484313721	50.2978286831	56.8725619904	56.089403507	49.6865702045
60.7608206853	44.429790984	38.7751049282	42.9267210601	44.5166221986	51.8020044336	-40.9958792216	41.2021588307	87.3684685627	47.2896073573	53.6189196543	53.7699816002	38.5446938983	63.1527095075	32.247775623	40.4982208165
57.0651967023	42.2906663078	53.4785290801	50.6812487001	40.9945526992	50.7535723305	-44.0665095816	37.9535565296	47.2896073573	87.3684685627	33.2644721493	30.7322497449	39.6339549951	47.0630123632	52.4606652453	49.8873644169
53.0225164399	52.7698813792	50.2588518774	33.4519984248	32.9893077211	54.2243051482	-52.4726934244	62.7492819651	53.6189196543	33.2644721493	87.3684685627	58.7391310099	43.562253674	59.2132341843	41.1882979016	44.9265549203
57.6903572869	44.1250970295	39.9579647733	36.1584483371	27.677675663	48.8594363841	-57.4846493332	60.2484313721	53.7699816002	30.7322497449	58.7391310099	87.3684685627	52.9436163289	56.7119060335	37.9894245876	46.9535236712
53.4614548287	38.9062556312	43.0992037367	40.9736915983	29.56751441	54.2445613518	-46.576735959	50.2978286831	38.5446938983	39.6339549951	43.562253674	52.9436163289	87.3684685627	51.4159634668	43.8912625678	44.1833624392
64.3866951928	52.0145960571	43.7232085978	36.5792335734	45.8634372735	61.1394713785	-51.7663220012	56.8725619904	63.1527095075	47.0630123632	59.2132341843	56.7119060335	51.4159634668	87.3684685627	48.6449182319	47.9294438152
54.9176182567	44.9135137487	50.3318299202	39.9161987016	34.3079322733	52.1485344285	-59.5858268779	56.089403507	32.247775623	52.4606652453	41.1882979016	37.9894245876	43.8912625678	48.6449182319	87.3684685627	50.643285627
55.6699639118	41.9238718747	54.0890186648	36.6317521771	47.6579544438	54.6554149091	-52.4479828987	49.6865702045	40.4982208165	49.8873644169	44.9265549203	46.9535236712	44.1833624392	47.9294438152	50.643285627	87.3684685627
Genotype stats (X^T * X): 	56.0
Gene expression - Genotype stats (Y^T * X): 
-23.509687538	-31.8060602215	-20.8842692628	-21.1142929065	-19.6251656544	-21.4134764797	25.8493883992	-22.5869483969	-28.2374252697	-21.9381412408	-28.750412654	-23.6530682971	-12.3486919212	-26.8597324607	-17.1879661794	-18.6182889489