Tissue	braincortex
N_samples	95
Chr	10
Gene	ENSG00000151655.13
SNP	rs4749162
Gene_list	ENSG00000054598.5	ENSG00000167244.13	ENSG00000096696.9	ENSG00000151655.13	ENSG00000109625.14	ENSG00000172296.8	ENSG00000173068.13	ENSG00000160111.8	ENSG00000117122.9	ENSG00000166482.7	ENSG00000142494.9	ENSG00000143867.5	ENSG00000099994.10	ENSG00000168079.12	ENSG00000046604.8	ENSG00000197321.10	ENSG00000057294.9	ENSG00000159212.8	ENSG00000138061.7	ENSG00000167644.7	ENSG00000131471.2	ENSG00000124107.5	ENSG00000052850.5	ENSG00000163817.11	ENSG00000186564.5	ENSG00000108821.9	ENSG00000168229.3	ENSG00000198848.8	ENSG00000126778.7	ENSG00000177363.4	ENSG00000197901.7	ENSG00000116678.14	ENSG00000108950.7	ENSG00000137868.14	ENSG00000119681.7	ENSG00000127951.5	ENSG00000103888.11	ENSG00000112837.12	ENSG00000176692.4	ENSG00000152779.12	ENSG00000183098.6	ENSG00000164692.13	ENSG00000106819.7	ENSG00000106823.8	ENSG00000112214.6	ENSG00000144810.11	ENSG00000162692.6	ENSG00000198542.9	ENSG00000115616.2	ENSG00000105974.7	ENSG00000118729.10	ENSG00000198523.5	ENSG00000106034.13	ENSG00000187955.7	ENSG00000185585.15	ENSG00000145936.4	ENSG00000162998.4	ENSG00000135842.12	ENSG00000116690.7	ENSG00000168542.8	ENSG00000122176.10
Gene expression stats (Y^T * Y): 
87.3684685627	47.878551754	61.2623893914	57.1258725565	58.9229617485	56.0233451732	50.2948377517	46.9576583833	59.7308992479	61.7005335992	57.0736377276	63.7921270615	60.314862143	61.1731226734	56.4872072232	55.4924054981	49.0963847399	57.0963715728	48.9899957139	57.6568727608	62.1480129058	52.8785459669	70.4064107895	53.2610239455	66.0075468997	52.3080417714	64.1527007873	46.340631711	56.8795908437	55.1459224963	35.4443007597	55.7498204159	55.9012734232	54.4077166541	63.8750951463	44.3066367645	40.9324746156	68.6925462386	68.6364401739	53.0667440012	44.0138298428	56.9303465075	51.8321602348	62.8071197109	72.3534582815	69.2759466581	54.3358662471	37.2318213775	54.782438797	59.6810574094	69.7533180164	69.6568030807	66.4458747113	65.5436038837	59.7895416766	61.9950398262	64.4189957386	72.2902737926	46.6441175074	59.5022384362	58.624521402
47.878551754	87.3684685627	53.1711398734	57.8004325071	62.013962442	40.4770247473	59.781089595	48.0447215041	53.7538827051	49.5004722418	43.9058597214	57.6886063181	53.2203844872	48.893630274	57.1291846485	51.002705086	48.4800204299	57.837623706	56.7418151095	43.19572923	48.6985136148	45.0056792274	50.6209484643	56.8413906903	56.3056521206	53.4312670663	52.9330913819	48.6806157007	41.0873181509	51.7026805206	59.8561684745	52.0031402078	58.4099803578	53.4420875033	50.8667644919	42.8662465403	53.7967379036	46.8247404368	58.3604866368	63.2228020617	49.5885307407	63.979206984	43.3806675584	64.8604720048	51.2352823131	53.4631758773	56.4661518601	41.0755801481	47.1901108631	51.5571475957	48.2998138579	47.9163756811	40.9246391961	54.0859753902	54.8486825383	47.2501570779	68.3027629811	51.6245730604	44.4056436821	54.5510525689	59.5345292418
61.2623893914	53.1711398734	87.3684685627	58.0143889592	58.521086985	57.272660843	63.517639558	57.4291194594	67.6612466187	46.8036465898	58.9259114176	74.0164537235	49.893277895	65.507821221	76.5669489666	51.8135763922	72.4990586552	72.1182377823	56.431772896	70.7711479178	41.4937587629	60.6622117732	61.5699651264	73.1256537231	65.1660982362	57.3199983926	66.3620954039	52.8048951712	55.8877825937	63.3348341136	62.1911958986	57.7105629528	71.2473917131	69.286065229	50.6056394734	48.4386103963	54.0682858774	48.5980889979	62.606082417	68.3340283005	56.58532102	58.7999271215	48.9141201353	71.8235636745	51.6477079117	55.0283924945	61.7984476357	52.0380651545	70.8872292482	48.4997379076	49.084214713	47.0895884929	52.874207979	51.7294857819	51.2444614635	45.1356392159	63.3120074216	56.3218911521	62.8764301725	56.8296280955	73.2780358367
57.1258725565	57.8004325071	58.0143889592	87.3684685627	56.4259692437	52.8775867757	63.5981591711	52.7299028645	63.4482324967	55.206630451	59.9768840304	65.1075695715	56.9328548537	61.0620994011	56.9450020953	60.4608559619	54.3474020395	60.312085154	68.7497990212	59.3025003749	53.7174077302	55.6975584996	64.1949398907	57.7784186068	65.2260865638	56.6150331992	68.547094095	56.0536734541	60.1555369188	60.3009147182	54.7349220373	54.0094597581	63.3286949946	60.4952632452	55.6017153334	53.36890715	53.0571723695	59.244094052	66.327240029	58.4963496183	54.9909710832	60.936070311	60.8934726181	64.8482358586	57.6408310407	56.7854660083	60.7762468669	52.5267476306	52.4760106959	52.7653157751	61.1724042019	57.9588028289	56.8725325668	57.6175357079	61.7153768141	55.4594574527	62.9465966612	65.3213977954	53.0781231556	60.8739509409	60.476692243
58.9229617485	62.013962442	58.521086985	56.4259692437	87.3684685627	50.3090380702	54.1485845325	47.2504635289	56.7917518461	47.2781419402	46.1791863464	64.5936153018	51.1831868435	56.8303459267	55.6727748398	51.8385562381	44.8870387824	59.9639191357	47.7904017935	50.7806008261	45.8797993907	49.5666914892	55.1388227451	59.3095426569	57.9551735128	54.8122333847	53.1590046792	46.3841573052	50.7843691741	56.5727665722	51.4821361988	45.8567208921	55.7529260535	57.6968568572	53.9717680082	46.549219167	44.784105796	47.6417270322	56.3828156371	61.8748281276	41.4529672966	57.8137150132	47.970918406	63.1452896536	52.0775209927	53.941394333	59.8943819884	42.7853112969	52.3566660938	45.464690567	49.9362166658	48.6226258374	49.2969430554	51.6177253677	50.8506791698	45.4421688396	60.0381082307	53.6681366993	50.1285862618	52.2160161512	62.9603728796
56.0233451732	40.4770247473	57.272660843	52.8775867757	50.3090380702	87.3684685627	45.1159802291	48.4701679937	58.263651424	45.9630824606	46.7681989217	61.4493392544	40.6170098545	62.4815097036	58.2786028872	47.2778627628	49.3499005373	52.1577956423	43.811240795	59.1169455351	42.2074307001	58.3405081317	56.4975827055	51.98874855	59.0268566125	57.0391890545	60.0504023005	39.1755396145	52.3983816958	50.5121162758	38.1005679219	49.8080514853	58.6558893245	57.1462324731	51.8714790243	49.8096809798	39.6990630986	44.3103815733	55.292145087	51.7735804411	42.3770519175	48.0153480108	32.8895336913	54.7530411642	44.2399478284	52.6323714249	50.533150778	40.3392787158	60.4487108977	38.1296688927	46.641908119	46.9108450524	48.3942873407	47.4891675623	44.0399930653	35.6686229354	46.5109886793	53.1480774974	46.5021202075	55.3631980169	56.294138727
50.2948377517	59.781089595	63.517639558	63.5981591711	54.1485845325	45.1159802291	87.3684685627	50.8488550581	57.9019768765	41.8497857882	48.655056557	66.0028891018	43.5930233577	60.0916500177	65.2402027318	46.6759262474	58.4850306707	65.6043838807	58.3800870564	50.4380776358	41.4939152448	47.9196585585	55.4627198976	66.7356175867	61.6493431648	52.197447817	61.0584788613	46.047203792	54.6560335467	61.5924648688	60.312991318	57.8972381648	60.8547717892	62.9002506563	43.6460262139	46.9438558593	56.56393936	45.2660472785	58.1091535984	65.5633301358	56.337350615	57.1187434158	52.5242416095	62.4697616491	45.139316648	49.0872640982	58.8988807055	51.5258953761	64.7005187242	41.3670624841	45.8527100172	44.3745881663	51.4968857901	47.6988043222	55.114054686	40.6160381196	61.3875715529	54.3551067335	56.8278087575	53.4335811625	60.0135608673
46.9576583833	48.0447215041	57.4291194594	52.7299028645	47.2504635289	48.4701679937	50.8488550581	87.3684685627	49.9128754724	37.7236508647	41.2086344954	63.544890343	43.482727278	49.8663165818	60.0932812839	44.5816550082	55.3812928775	53.3596353006	49.8357200582	52.4755729605	39.4959570581	44.5878055742	53.8718929846	56.9995919091	57.5057162043	47.7786466231	55.5433678037	47.068575534	48.7929771496	56.5310422079	43.3950599854	45.43347054	54.9078676285	60.0008506946	39.8822095599	43.1675347382	42.6575453005	42.1892330969	51.1226188893	52.4128649123	49.4386236984	50.5262146491	39.7108877621	56.4535979215	45.5159491708	51.4875216926	50.6428061534	44.513846608	55.1191180572	38.8693824159	44.3981809779	41.1143413429	44.406094711	44.7365951205	53.08355581	41.1412979254	52.2903506245	49.7563314088	50.0835154731	44.8297471392	62.0299595281
59.7308992479	53.7538827051	67.6612466187	63.4482324967	56.7917518461	58.263651424	57.9019768765	49.9128754724	87.3684685627	51.3469165573	54.0939404151	71.452866625	53.1389144834	67.0642143582	68.8477367112	49.4002493859	63.0174620483	65.0132426035	52.017952197	66.7109799687	54.6585719951	57.8663943812	65.0295780424	65.5480609624	66.2895301783	61.9319861175	66.9988784924	58.9694150848	55.3308083838	62.6606855882	56.3942823871	53.2454513505	69.7060185232	68.2625786291	59.6969067523	48.9550059203	48.2880834997	54.4581240614	65.7695246639	62.8330801037	54.2279967238	57.8861244571	48.7076057467	64.5418483392	55.087494657	57.6464770479	61.6185080849	47.7320668083	66.9197909111	46.26897051	56.89896397	54.6702586554	58.230463107	57.3065557603	55.0813969727	49.9113205519	63.1565741367	59.6789574046	55.4912224334	63.4081869813	67.7624682451
61.7005335992	49.5004722418	46.8036465898	55.206630451	47.2781419402	45.9630824606	41.8497857882	37.7236508647	51.3469165573	87.3684685627	60.3352772849	54.4462787137	64.1829711915	59.1931488399	43.0299034661	54.2239342818	37.7040060798	46.5513606647	49.0809131858	52.1445611373	69.3255592926	52.1596560133	67.5217389064	37.999544211	57.5662585853	48.4975160713	62.252892234	40.174881371	50.3567643392	44.6521863616	36.5590230936	46.9506028486	49.9739453895	44.0365947877	61.2153266088	44.7540066795	35.4313880694	66.541264916	66.9707374199	41.9681060848	50.8821230219	56.1378633618	46.084437305	54.8541517279	67.0734644898	63.3752996017	39.4655678199	34.0985296751	36.1906597805	51.6743723487	72.2845517145	74.6664996362	60.3036892952	68.1130386128	60.2407209187	63.4482208353	61.3437419896	69.0602700078	30.9522069905	64.831668041	48.0579712794
57.0736377276	43.9058597214	58.9259114176	59.9768840304	46.1791863464	46.7681989217	48.655056557	41.2086344954	54.0939404151	60.3352772849	87.3684685627	60.7505093734	54.3364462367	72.428205372	53.3418938661	47.3433356477	51.054650243	54.5885752257	53.2109904973	60.724499581	52.5063290365	54.3390845632	68.4446623201	45.7887959818	57.527660701	42.8626363812	68.403728682	41.7653612407	51.1129822668	53.7586622598	37.9399476954	47.002308107	52.4111503219	52.2233820357	58.3659538467	52.3702710133	35.8183170204	62.7040917688	70.0848625708	46.3662104135	53.8521765858	47.4244402012	47.2006624718	57.4973796055	62.4752063237	56.307333894	42.4325061674	43.5874281924	45.9677059048	49.3248762162	63.9418367569	61.0157909647	57.7899341851	58.4159252621	51.440756023	55.1111352549	54.9704911192	63.0188048	43.9901573491	55.8714980787	52.2022950979
63.7921270615	57.6886063181	74.0164537235	65.1075695715	64.5936153018	61.4493392544	66.0028891018	63.544890343	71.452866625	54.4462787137	60.7505093734	87.3684685627	54.2219185357	72.9875622232	75.5295307623	52.551956307	67.7386017022	70.7998548049	57.7669865905	68.0030314954	49.2222043788	61.2495444385	69.9980385005	74.8788518597	72.3688815991	62.7558739439	72.9107308211	55.9297488082	62.4026518181	70.1594521982	63.6970765794	60.4300810961	72.1539770594	75.3302898726	58.0679286843	58.869234149	53.9169045804	58.0587599085	67.6198523426	70.4803411104	63.3225235686	62.6278231106	56.0775123773	74.7516035573	59.4989859515	60.506931139	68.2754220002	52.3425646083	70.2849277887	45.795691244	57.1114455951	54.0379094756	60.8358883294	57.0051224885	63.4449949815	53.1461850152	66.5765661887	63.5760101534	63.6637537681	60.2270105509	77.2428444925
60.314862143	53.2203844872	49.893277895	56.9328548537	51.1831868435	40.6170098545	43.5930233577	43.482727278	53.1389144834	64.1829711915	54.3364462367	54.2219185357	87.3684685627	52.8476526819	50.028403282	50.7522882905	42.8049897406	52.7847473785	49.1620927902	53.1464202887	73.2916255346	44.7084051244	70.3193139729	42.4571057273	60.5938586668	60.0261577877	59.0068012381	43.1737628581	48.5119030281	52.9088640304	39.4153536471	36.5118788848	53.0956427677	51.8901174822	62.953976835	46.5679347811	44.4242230457	69.0071809286	67.0007314811	46.0681483337	42.1859647078	60.064913276	51.3581036271	58.5134862867	70.474108111	70.5028327531	51.7864682689	33.4355948886	39.5011929709	60.7413310141	72.291628979	69.0361090666	61.9555919006	70.9369011478	61.8626611387	72.4469374445	62.6019169149	69.6364380211	39.6868169473	68.4255719848	52.1765573045
61.1731226734	48.893630274	65.507821221	61.0620994011	56.8303459267	62.4815097036	60.0916500177	49.8663165818	67.0642143582	59.1931488399	72.428205372	72.9875622232	52.8476526819	87.3684685627	66.9274681289	45.2310137793	56.4586610826	67.0146552894	55.526237177	69.5924534214	55.1689141559	64.3981418622	71.057677033	58.6371646112	66.0753873614	56.2129252788	76.7897708154	42.6799402409	59.2095726159	63.5031070693	48.5172535679	56.0891426136	62.4801770573	67.1757081587	60.0191589854	53.7599995153	44.7346504906	61.7538943999	71.031586178	58.0357881299	62.1652575352	56.7057135727	50.7192192772	61.3598787565	57.7149217044	60.0767887297	54.4200603565	46.4622045168	63.9511555132	43.7144739766	61.0278351403	59.6282437817	60.5937227059	61.1270578442	57.7331523477	50.4062323054	57.5465142856	66.4658305581	58.0741741788	65.266308477	63.1486580415
56.4872072232	57.1291846485	76.5669489666	56.9450020953	55.6727748398	58.2786028872	65.2402027318	60.0932812839	68.8477367112	43.0299034661	53.3418938661	75.5295307623	50.028403282	66.9274681289	87.3684685627	46.442800095	74.4634340155	76.9806197238	54.3006238004	59.7609481693	44.8361101117	58.5074281581	64.222775107	76.2311776526	66.9776225462	63.9493219913	67.5262346143	51.740955462	51.9106140329	69.2993236587	65.2185718218	54.2457910116	73.9589357016	75.8359645951	50.0610291303	51.2868779783	55.2713419734	48.2197398667	61.6741784218	73.3521460705	62.5203644767	61.6491928699	48.0360531291	74.4506718113	48.9192754573	59.9225291679	66.5469913272	50.7372394234	74.9753981723	45.0158372463	49.0484664252	46.0091159154	52.9084714541	51.7145035261	53.4003947337	44.2264686253	66.2080840626	56.5062043658	66.3917381333	59.6537046242	77.5200607346
55.4924054981	51.002705086	51.8135763922	60.4608559619	51.8385562381	47.2778627628	46.6759262474	44.5816550082	49.4002493859	54.2239342818	47.3433356477	52.551956307	50.7522882905	45.2310137793	46.442800095	87.3684685627	44.4375490967	48.915756982	49.0801778389	43.1865877456	46.9014937078	40.5496941492	54.8800704289	39.9861430405	54.2499216747	50.9028434408	47.6375516373	41.2277758265	45.820695076	45.5563161436	39.3615253029	49.1924985696	49.6274071467	44.7926693644	53.9516875273	42.9581477837	35.3827685341	51.8164299594	56.9733084909	48.7598266803	46.9272103783	53.4783129596	46.7073533448	54.6153316103	52.6983515899	53.3521206766	49.105620051	31.7022111816	42.506398583	53.9361949091	50.2961878719	51.9014472592	54.5165538708	51.9990118967	53.4336835452	48.7633444316	53.6505309067	59.7206921304	36.0388566479	60.5779763185	44.9000918046
49.0963847399	48.4800204299	72.4990586552	54.3474020395	44.8870387824	49.3499005373	58.4850306707	55.3812928775	63.0174620483	37.7040060798	51.054650243	67.7386017022	42.8049897406	56.4586610826	74.4634340155	44.4375490967	87.3684685627	66.7537259352	54.4531058812	57.0037183828	35.8293857949	52.3985146745	52.9071511464	70.6588556447	59.6535296297	53.5965021109	60.4950863394	52.3420059809	44.1156839794	60.9432357807	62.7969656773	52.9487928591	71.7817595536	67.1115785602	39.0755096476	43.124169681	55.703786482	43.0174079763	51.8736346261	64.9365061163	54.1723117666	55.5207117208	42.9265382865	69.1088235875	42.4090174931	47.3211650364	61.0961693438	52.3282058125	69.6544986191	43.5362889913	43.865862788	37.5222325117	42.0309585962	42.3787823273	44.3640823453	42.3761974053	59.5620016009	49.1298579752	61.4559129746	47.9784451161	71.1845634339
57.0963715728	57.837623706	72.1182377823	60.312085154	59.9639191357	52.1577956423	65.6043838807	53.3596353006	65.0132426035	46.5513606647	54.5885752257	70.7998548049	52.7847473785	67.0146552894	76.9806197238	48.915756982	66.7537259352	87.3684685627	58.6969265676	58.5135518206	45.9567320487	59.8708269504	61.7087768379	70.3436770322	65.8843355897	60.2425854787	65.1512073088	51.2633234837	51.6634239483	64.2850033746	64.2926512026	54.029391114	69.1092519417	69.4580104446	47.8364881454	51.2200821591	53.4945282456	49.6483573783	64.0671756765	69.8356141769	60.4214495616	61.8302762296	47.0318746346	69.306352329	50.7516364418	58.8371795709	62.5271814979	51.7268697567	73.3083619798	45.9413445694	49.9591002383	47.5755794461	52.9438006364	54.045346487	53.6466485656	46.3636804885	64.2141693574	57.6117814944	65.687919647	58.4999693517	73.1448507137
48.9899957139	56.7418151095	56.431772896	68.7497990212	47.7904017935	43.811240795	58.3800870564	49.8357200582	52.017952197	49.0809131858	53.2109904973	57.7669865905	49.1620927902	55.526237177	54.3006238004	49.0801778389	54.4531058812	58.6969265676	87.3684685627	52.8372888501	44.5677067598	48.8063144154	56.4799025042	56.1930417547	60.0901742076	50.9588699351	63.0147167105	53.2377308138	50.2403401228	52.1839891901	51.2614004851	47.4399773963	62.6137224589	57.8896226683	42.2215466969	41.043647929	54.6044032424	51.9013195195	61.8779529514	54.2669868454	59.0772146984	58.7685789487	49.5518556342	57.5082605884	48.4274059361	53.2935126781	52.6548542336	53.7496558762	50.3760333898	43.921439131	51.825169133	49.5407108967	45.2864035565	52.434119541	54.2762942815	48.6506270416	57.883137073	60.7398610006	44.7203010708	51.6432724885	58.8182518535
57.6568727608	43.19572923	70.7711479178	59.3025003749	50.7806008261	59.1169455351	50.4380776358	52.4755729605	66.7109799687	52.1445611373	60.724499581	68.0030314954	53.1464202887	69.5924534214	59.7609481693	43.1865877456	57.0037183828	58.5135518206	52.8372888501	87.3684685627	52.5585534964	60.656218865	63.2523702961	58.7949285806	68.0695437667	55.4984266476	70.1800623168	45.3289636184	60.6770635832	61.4609319858	46.7509641206	49.9256899128	64.516788403	67.4346923293	57.6920152216	48.0542033906	44.1192914551	56.2178885575	64.6608375553	55.0300719559	51.7119553838	53.6753570086	48.7750080336	58.4120003466	57.8894804024	54.4193234746	54.2704494724	48.8317019884	60.9807579273	42.9969211469	56.4048129014	52.7095776313	55.3342964747	57.3048932327	54.0362076699	50.6311577316	56.9306955801	58.9668908222	58.8590295107	57.508903734	64.0556598704
62.1480129058	48.6985136148	41.4937587629	53.7174077302	45.8797993907	42.2074307001	41.4939152448	39.4959570581	54.6585719951	69.3255592926	52.5063290365	49.2222043788	73.2916255346	55.1689141559	44.8361101117	46.9014937078	35.8293857949	45.9567320487	44.5677067598	52.5585534964	87.3684685627	44.1233954057	70.2582766049	35.5130966484	60.4047932041	53.2910595523	60.5681008469	42.6918331212	47.799680813	51.844395951	28.9038628921	39.7956029018	48.9462643584	44.1042044336	67.6321784945	40.9312048666	38.5960794551	72.8327517631	66.5292605747	41.7630827413	44.5655418293	53.4894216114	51.3143674802	53.7824307419	71.5426070204	72.6373017554	44.062018718	32.3435389053	38.41854903	53.0362605257	76.4819768055	75.9417336605	66.0175568893	76.3278374444	60.8752393265	72.5777513806	61.3349890481	68.3559978951	32.6694347922	67.7328309862	45.1380342454
52.8785459669	45.0056792274	60.6622117732	55.6975584996	49.5666914892	58.3405081317	47.9196585585	44.5878055742	57.8663943812	52.1596560133	54.3390845632	61.2495444385	44.7084051244	64.3981418622	58.5074281581	40.5496941492	52.3985146745	59.8708269504	48.8063144154	60.656218865	44.1233954057	87.3684685627	52.060411217	55.1285666511	60.2047794566	56.2989535319	61.6755974861	46.6542222178	49.1893811884	54.2833122012	44.2901101818	47.7242552509	62.9751917649	56.0438260785	46.6629254665	47.5205802754	38.558888131	47.1378759167	53.3246432584	55.3197548245	46.998331996	59.805890703	45.2745136522	56.2494783441	43.2505059802	49.4688691546	52.8658116149	37.8642020794	56.8921630106	40.7009008091	47.3384020958	45.5901417411	41.3999550485	43.8895710343	45.55212548	36.5319379643	50.5499806154	51.8178212989	58.0424070801	57.2753126285	61.7786743527
70.4064107895	50.6209484643	61.5699651264	64.1949398907	55.1388227451	56.4975827055	55.4627198976	53.8718929846	65.0295780424	67.5217389064	68.4446623201	69.9980385005	70.3193139729	71.057677033	64.222775107	54.8800704289	52.9071511464	61.7087768379	56.4799025042	63.2523702961	70.2582766049	52.060411217	87.3684685627	54.4719663989	66.8340050269	57.0467900325	75.5414694699	50.2455144428	63.2815047551	62.6728794495	44.3156863711	52.3454862446	59.3658786463	62.5528310958	70.5520517969	52.6745884014	44.2857360164	75.6513864998	76.7601114148	56.1606055053	61.4263714809	54.9730225734	58.3146145895	67.8906794282	73.7226795402	75.3838491493	55.212710042	47.3123916324	56.2832299807	54.4338598408	76.679210844	73.5708129033	72.1300592022	73.3649755483	68.1379529906	71.0314530081	64.9198218197	76.8140673686	50.3264443553	68.9281182557	61.2325371234
53.2610239455	56.8413906903	73.1256537231	57.7784186068	59.3095426569	51.98874855	66.7356175867	56.9995919091	65.5480609624	37.999544211	45.7887959818	74.8788518597	42.4571057273	58.6371646112	76.2311776526	39.9861430405	70.6588556447	70.3436770322	56.1930417547	58.7949285806	35.5130966484	55.1285666511	54.4719663989	87.3684685627	66.5000559605	59.0692843372	59.0246154331	50.7075133284	49.9122867765	63.2826127083	68.6783204902	50.6662031721	73.642937464	73.519545424	43.7607647327	49.5911405274	58.917226871	38.7464207097	54.5395208633	74.3480384205	51.7065094341	62.3612792094	45.8851007142	72.4058126005	44.1375171414	49.0735309544	69.0516953616	52.0589310629	71.1722043375	39.8552018096	41.7292717012	37.143296389	46.7230720139	39.37115532	51.3341392991	39.7278707284	64.522322228	49.2788607827	66.7633884821	45.9240462023	78.9949646834
66.0075468997	56.3056521206	65.1660982362	65.2260865638	57.9551735128	59.0268566125	61.6493431648	57.5057162043	66.2895301783	57.5662585853	57.527660701	72.3688815991	60.5938586668	66.0753873614	66.9776225462	54.2499216747	59.6535296297	65.8843355897	60.0901742076	68.0695437667	60.4047932041	60.2047794566	66.8340050269	66.5000559605	87.3684685627	64.4838437096	69.9086586658	54.5285962605	60.8872770043	66.1188754891	54.4409091977	53.6972643359	71.524459983	67.7524156651	58.1752067602	52.2080938682	46.7501264617	61.2639431482	70.8027776285	65.9797323067	52.9649798957	65.1432762554	55.3132159718	68.8202645741	65.1895279224	64.6131492225	61.6200255778	46.311550381	62.0280797559	54.2196298944	61.9801840771	59.3373733422	62.9510370047	60.7073467413	64.3368445111	58.6377239968	67.8237047119	67.7994241376	53.6516269302	63.1665408051	67.9492890415
52.3080417714	53.4312670663	57.3199983926	56.6150331992	54.8122333847	57.0391890545	52.197447817	47.7786466231	61.9319861175	48.4975160713	42.8626363812	62.7558739439	60.0261577877	56.2129252788	63.9493219913	50.9028434408	53.5965021109	60.2425854787	50.9588699351	55.4984266476	53.2910595523	56.2989535319	57.0467900325	59.0692843372	64.4838437096	87.3684685627	53.6573741463	52.891551788	48.3982588976	60.0548815286	51.7974877773	40.5463470156	68.1267784418	64.1271292181	55.6872311182	51.9897947438	52.2910937746	48.7292395743	56.1546422715	64.8394953243	45.806487694	72.0439082825	43.9985552083	61.2764916178	48.0387615917	57.1525956551	65.0686156229	34.2099746936	55.0549936193	51.3511267965	49.1799567643	44.2247605691	52.269083896	49.5918163499	52.7373632061	44.8180261635	59.5355167466	51.5364713574	51.984480469	72.0668568519	62.7181053603
64.1527007873	52.9330913819	66.3620954039	68.547094095	53.1590046792	60.0504023005	61.0584788613	55.5433678037	66.9988784924	62.252892234	68.403728682	72.9107308211	59.0068012381	76.7897708154	67.5262346143	47.6375516373	60.4950863394	65.1512073088	63.0147167105	70.1800623168	60.5681008469	61.6755974861	75.5414694699	59.0246154331	69.9086586658	53.6573741463	87.3684685627	50.8959764095	63.8133328	65.7162759254	48.3229564471	56.9424028318	65.544272711	68.7285523107	62.0545859307	51.8418190368	48.8691753272	67.106009277	73.1874350282	59.4166824793	65.285643717	55.2022786874	57.3303986953	66.9948052988	64.8023459041	66.9585680681	54.2384281001	53.4607393727	63.5376608071	47.204299623	67.9980262377	66.6586159942	63.7726078833	68.5378255906	62.6277334525	61.2269276331	63.3316137103	72.324931386	58.3580577726	65.0063336465	65.9425255776
46.340631711	48.6806157007	52.8048951712	56.0536734541	46.3841573052	39.1755396145	46.047203792	47.068575534	58.9694150848	40.174881371	41.7653612407	55.9297488082	43.1737628581	42.6799402409	51.740955462	41.2277758265	52.3420059809	51.2633234837	53.2377308138	45.3289636184	42.6918331212	46.6542222178	50.2455144428	50.7075133284	54.5285962605	52.891551788	50.8959764095	87.3684685627	47.4986763776	49.6420842411	47.2814236333	46.4637650768	55.7286263253	49.253470428	40.962165079	40.2615625036	45.2526773302	45.1030086293	49.5238222657	54.389323591	47.212772296	52.5655218999	43.5402632429	57.0787343349	44.5307254192	41.3578512341	52.6101595517	43.0870995901	50.8122570303	53.3106196739	48.0709541957	40.6954949917	40.6479688723	43.7823321973	43.5333751966	42.9378684304	55.6138638144	45.9096148749	38.4569745325	44.8872296179	53.0095456793
56.8795908437	41.0873181509	55.8877825937	60.1555369188	50.7843691741	52.3983816958	54.6560335467	48.7929771496	55.3308083838	50.3567643392	51.1129822668	62.4026518181	48.5119030281	59.2095726159	51.9106140329	45.820695076	44.1156839794	51.6634239483	50.2403401228	60.6770635832	47.799680813	49.1893811884	63.2815047551	49.9122867765	60.8872770043	48.3982588976	63.8133328	47.4986763776	87.3684685627	52.8725256414	38.5916374482	43.1104043683	50.331048949	58.7609147348	51.2986871691	35.813783198	40.3334401558	55.4773380301	61.0976313016	54.2419801045	48.585169596	51.4898294473	52.5690574721	57.1891938965	59.3850140882	55.8313148737	48.3291092088	44.2399657013	49.5217766207	46.4664951925	53.000183032	52.2657268687	56.8677995633	54.413458763	53.0405780433	51.6576871779	53.1331953275	60.7717329038	46.6367148392	51.9826527142	58.214531904
55.1459224963	51.7026805206	63.3348341136	60.3009147182	56.5727665722	50.5121162758	61.5924648688	56.5310422079	62.6606855882	44.6521863616	53.7586622598	70.1594521982	52.9088640304	63.5031070693	69.2993236587	45.5563161436	60.9432357807	64.2850033746	52.1839891901	61.4609319858	51.844395951	54.2833122012	62.6728794495	63.2826127083	66.1188754891	60.0548815286	65.7162759254	49.6420842411	52.8725256414	87.3684685627	54.7041168142	49.2616746264	61.9183551075	70.3388548193	49.8907921329	49.7253389209	51.2297207466	49.3957062497	58.3253983031	64.3944351976	58.8516725314	61.5893978971	50.6939964057	67.4991889929	49.9258501594	54.47143807	60.928883971	52.9698986481	64.1064676209	44.2270456562	50.5044650711	46.6564340499	59.5609905959	53.5477720837	59.3718096269	52.2737830165	64.3575130351	53.76808555	55.762866871	58.9192027795	65.4981001999
35.4443007597	59.8561684745	62.1911958986	54.7349220373	51.4821361988	38.1005679219	60.312991318	43.3950599854	56.3942823871	36.5590230936	37.9399476954	63.6970765794	39.4153536471	48.5172535679	65.2185718218	39.3615253029	62.7969656773	64.2926512026	51.2614004851	46.7509641206	28.9038628921	44.2901101818	44.3156863711	68.6783204902	54.4409091977	51.7974877773	48.3229564471	47.2814236333	38.5916374482	54.7041168142	87.3684685627	43.1182935063	63.5040963017	60.5158522986	35.5269472034	43.4567121468	51.4081090051	33.0637043442	48.6324211705	66.0092068464	50.3886088454	52.5072075509	40.6531413973	63.0623393626	32.7903715043	38.1477913596	59.0410897652	43.5754716119	57.6248366988	31.1008089898	34.6894941493	31.7032973635	38.4514957234	36.988296326	44.111639423	32.2911309955	56.2039358718	41.2257920395	55.3210131765	46.709629872	64.6360378559
55.7498204159	52.0031402078	57.7105629528	54.0094597581	45.8567208921	49.8080514853	57.8972381648	45.43347054	53.2454513505	46.9506028486	47.002308107	60.4300810961	36.5118788848	56.0891426136	54.2457910116	49.1924985696	52.9487928591	54.029391114	47.4399773963	49.9256899128	39.7956029018	47.7242552509	52.3454862446	50.6662031721	53.6972643359	40.5463470156	56.9424028318	46.4637650768	43.1104043683	49.2616746264	43.1182935063	87.3684685627	53.3630521289	47.5588091184	44.6514557766	42.1685842776	49.6671448741	47.5499124467	51.4924938803	47.7341906139	51.1359272931	48.899088032	42.11665007	55.8893091169	43.8922823343	39.0400023849	45.2786550223	38.2498196619	60.0507985095	40.0718123572	45.6015109002	41.1260944477	37.9196134512	44.1563577919	55.2798936818	40.6774902598	54.5341698439	53.1662048444	48.0550324309	48.7985748576	49.3343004157
55.9012734232	58.4099803578	71.2473917131	63.3286949946	55.7529260535	58.6558893245	60.8547717892	54.9078676285	69.7060185232	49.9739453895	52.4111503219	72.1539770594	53.0956427677	62.4801770573	73.9589357016	49.6274071467	71.7817595536	69.1092519417	62.6137224589	64.516788403	48.9462643584	62.9751917649	59.3658786463	73.642937464	71.524459983	68.1267784418	65.544272711	55.7286263253	50.331048949	61.9183551075	63.5040963017	53.3630521289	87.3684685627	74.6281945332	48.1390316423	51.3381071646	58.9364048225	50.9539375933	62.7574697847	69.2641262638	53.2288426531	68.1942683771	51.1272359593	70.3486399566	52.0375502189	54.7172864981	67.6911168846	47.7110414314	67.9867168262	47.5578749432	51.784714927	49.1772490672	49.5118652381	50.7147571677	54.7694222554	45.9722859257	64.3626745503	58.2867320169	62.548466252	58.6075048349	74.1955812523
54.4077166541	53.4420875033	69.286065229	60.4952632452	57.6968568572	57.1462324731	62.9002506563	60.0008506946	68.2625786291	44.0365947877	52.2233820357	75.3302898726	51.8901174822	67.1757081587	75.8359645951	44.7926693644	67.1115785602	69.4580104446	57.8896226683	67.4346923293	44.1042044336	56.0438260785	62.5528310958	73.519545424	67.7524156651	64.1271292181	68.7285523107	49.253470428	58.7609147348	70.3388548193	60.5158522986	47.5588091184	74.6281945332	87.3684685627	51.5690831285	49.5309027675	52.6962133482	49.5232200038	62.335685054	69.4730717737	58.6679600041	63.0608364676	50.3577181314	67.9323473535	51.3743511713	55.7821985261	65.2979322008	50.9821588241	70.3760963802	42.297973016	48.3590598451	46.2039957809	52.752385291	50.6561085732	54.6281687271	45.6145815161	59.9495531592	56.7483626708	66.9277528511	56.2016516913	76.5373443483
63.8750951463	50.8667644919	50.6056394734	55.6017153334	53.9717680082	51.8714790243	43.6460262139	39.8822095599	59.6969067523	61.2153266088	58.3659538467	58.0679286843	62.953976835	60.0191589854	50.0610291303	53.9516875273	39.0755096476	47.8364881454	42.2215466969	57.6920152216	67.6321784945	46.6629254665	70.5520517969	43.7607647327	58.1752067602	55.6872311182	62.0545859307	40.962165079	51.2986871691	49.8907921329	35.5269472034	44.6514557766	48.1390316423	51.5690831285	87.3684685627	48.8376475834	31.3602252979	68.327024712	68.7118128396	48.6566423515	50.9656634413	52.6239061127	54.0119406124	55.149575449	66.7629445661	68.3516600984	47.2506561704	35.9115621641	47.8137847012	46.9147463293	66.2160964375	66.4103177113	60.6151163288	66.9667031583	55.9945998329	62.3743810875	54.7652368407	67.7121215568	38.6123729722	66.5358552504	50.5058384263
44.3066367645	42.8662465403	48.4386103963	53.36890715	46.549219167	49.8096809798	46.9438558593	43.1675347382	48.9550059203	44.7540066795	52.3702710133	58.869234149	46.5679347811	53.7599995153	51.2868779783	42.9581477837	43.124169681	51.2200821591	41.043647929	48.0542033906	40.9312048666	47.5205802754	52.6745884014	49.5911405274	52.2080938682	51.9897947438	51.8418190368	40.2615625036	35.813783198	49.7253389209	43.4567121468	42.1685842776	51.3381071646	49.5309027675	48.8376475834	87.3684685627	39.5496331916	42.5058595079	49.6717752919	39.6811560373	49.522776953	43.891981684	42.0662963771	54.371235241	46.0247452719	41.0086515693	56.1772552239	40.6778225188	47.6345529426	36.6485696424	46.9565411546	41.4816868015	47.8271979073	38.5331913654	44.8884173415	43.3814906911	48.1387056407	46.6172921223	43.0995466416	47.3938387354	49.4615060644
40.9324746156	53.7967379036	54.0682858774	53.0571723695	44.784105796	39.6990630986	56.56393936	42.6575453005	48.2880834997	35.4313880694	35.8183170204	53.9169045804	44.4242230457	44.7346504906	55.2713419734	35.3827685341	55.703786482	53.4945282456	54.6044032424	44.1192914551	38.5960794551	38.558888131	44.2857360164	58.917226871	46.7501264617	52.2910937746	48.8691753272	45.2526773302	40.3334401558	51.2297207466	51.4081090051	49.6671448741	58.9364048225	52.6962133482	31.3602252979	39.5496331916	87.3684685627	33.2625543386	43.4009983019	56.6404209146	39.7725693639	54.8171048536	41.2575498455	58.7407204998	32.6390224118	36.3175604362	57.0834642465	41.9075612903	48.6713875725	40.9830004591	39.5466946517	32.4472303374	40.5815050038	39.4166272152	44.3097439076	39.6240329121	57.9350564085	39.6099510106	43.3849237458	44.223311999	59.0906857625
68.6925462386	46.8247404368	48.5980889979	59.244094052	47.6417270322	44.3103815733	45.2660472785	42.1892330969	54.4581240614	66.541264916	62.7040917688	58.0587599085	69.0071809286	61.7538943999	48.2197398667	51.8164299594	43.0174079763	49.6483573783	51.9013195195	56.2178885575	72.8327517631	47.1378759167	75.6513864998	38.7464207097	61.2639431482	48.7292395743	67.106009277	45.1030086293	55.4773380301	49.3957062497	33.0637043442	47.5499124467	50.9539375933	49.5232200038	68.327024712	42.5058595079	33.2625543386	87.3684685627	71.2482630084	42.9615976057	50.4757773048	53.4050450355	60.9820249898	58.694368292	76.8564537504	70.9798815517	46.2190070926	37.0661090929	42.1959061812	54.8322185042	78.2212818274	76.5047546414	64.9923417243	72.7173166352	61.0158953771	72.6559549472	60.184707474	75.0967789775	37.5934513506	63.3008776028	48.2916051993
68.6364401739	58.3604866368	62.606082417	66.327240029	56.3828156371	55.292145087	58.1091535984	51.1226188893	65.7695246639	66.9707374199	70.0848625708	67.6198523426	67.0007314811	71.031586178	61.6741784218	56.9733084909	51.8736346261	64.0671756765	61.8779529514	64.6608375553	66.5292605747	53.3246432584	76.7601114148	54.5395208633	70.8027776285	56.1546422715	73.1874350282	49.5238222657	61.0976313016	58.3253983031	48.6324211705	51.4924938803	62.7574697847	62.335685054	68.7118128396	49.6717752919	43.4009983019	71.2482630084	87.3684685627	57.0924720833	58.2307063127	59.9265629878	56.1740119896	65.6523522423	72.6546942097	72.0907265424	49.810317555	44.7248014059	55.7217766814	58.4133308427	73.1102530155	73.6971210087	67.0684971289	70.6625374931	64.1111449729	65.265929511	67.1121611377	75.0892441081	45.0140025511	66.8096697437	61.4988925614
53.0667440012	63.2228020617	68.3340283005	58.4963496183	61.8748281276	51.7735804411	65.5633301358	52.4128649123	62.8330801037	41.9681060848	46.3662104135	70.4803411104	46.0681483337	58.0357881299	73.3521460705	48.7598266803	64.9365061163	69.8356141769	54.2669868454	55.0300719559	41.7630827413	55.3197548245	56.1606055053	74.3480384205	65.9797323067	64.8394953243	59.4166824793	54.389323591	54.2419801045	64.3944351976	66.0092068464	47.7341906139	69.2641262638	69.4730717737	48.6566423515	39.6811560373	56.6404209146	42.9615976057	57.0924720833	87.3684685627	49.1939240251	65.5821502813	44.4633996269	71.2329240812	48.1738688222	57.0181234392	60.8793987454	47.2946342773	63.8664004547	47.566970723	43.8685331424	41.1033993871	48.9756652125	49.543681611	48.854538914	40.2631012729	63.0302087922	52.1490351311	56.2213800462	54.2757862681	74.565057983
44.0138298428	49.5885307407	56.58532102	54.9909710832	41.4529672966	42.3770519175	56.337350615	49.4386236984	54.2279967238	50.8821230219	53.8521765858	63.3225235686	42.1859647078	62.1652575352	62.5203644767	46.9272103783	54.1723117666	60.4214495616	59.0772146984	51.7119553838	44.5655418293	46.998331996	61.4263714809	51.7065094341	52.9649798957	45.806487694	65.285643717	47.212772296	48.585169596	58.8516725314	50.3886088454	51.1359272931	53.2288426531	58.6679600041	50.9656634413	49.522776953	39.7725693639	50.4757773048	58.2307063127	49.1939240251	87.3684685627	47.2655102354	47.8038964699	60.7167197871	43.466580088	48.5870719683	48.5488174699	48.8096934287	59.3000153104	35.2876230047	48.5318559645	46.2533213877	50.6363284179	52.3508950071	58.8346258345	49.5069485567	57.3397291331	54.6340645486	47.7591368064	57.6342265391	54.815430733
56.9303465075	63.979206984	58.7999271215	60.936070311	57.8137150132	48.0153480108	57.1187434158	50.5262146491	57.8861244571	56.1378633618	47.4244402012	62.6278231106	60.064913276	56.7057135727	61.6491928699	53.4783129596	55.5207117208	61.8302762296	58.7685789487	53.6753570086	53.4894216114	59.805890703	54.9730225734	62.3612792094	65.1432762554	72.0439082825	55.2022786874	52.5655218999	51.4898294473	61.5893978971	52.5072075509	48.899088032	68.1942683771	63.0608364676	52.6239061127	43.891981684	54.8171048536	53.4050450355	59.9265629878	65.5821502813	47.2655102354	87.3684685627	50.2823729434	65.2134432617	53.3906567585	53.8873281506	60.3092793367	40.5001229363	53.972056041	61.1769457601	52.1781220078	51.3640585874	50.1744648937	52.1929080664	60.8647812407	50.3326550547	70.2996832616	56.5538963208	50.4872476332	62.8452758421	64.8642661476
51.8321602348	43.3806675584	48.9141201353	60.8934726181	47.970918406	32.8895336913	52.5242416095	39.7108877621	48.7076057467	46.084437305	47.2006624718	56.0775123773	51.3581036271	50.7192192772	48.0360531291	46.7073533448	42.9265382865	47.0318746346	49.5518556342	48.7750080336	51.3143674802	45.2745136522	58.3146145895	45.8851007142	55.3132159718	43.9985552083	57.3303986953	43.5402632429	52.5690574721	50.6939964057	40.6531413973	42.11665007	51.1272359593	50.3577181314	54.0119406124	42.0662963771	41.2575498455	60.9820249898	56.1740119896	44.4633996269	47.8038964699	50.2823729434	87.3684685627	58.0105016687	53.9447952614	49.3355211061	50.0163099736	38.2290503935	40.92215121	46.831877882	55.1986418966	52.7365108042	47.7818457342	53.0782814764	47.4280956027	48.1411779966	55.7024961465	55.2833062889	42.2281943483	48.3021501251	49.7983442172
62.8071197109	64.8604720048	71.8235636745	64.8482358586	63.1452896536	54.7530411642	62.4697616491	56.4535979215	64.5418483392	54.8541517279	57.4973796055	74.7516035573	58.5134862867	61.3598787565	74.4506718113	54.6153316103	69.1088235875	69.306352329	57.5082605884	58.4120003466	53.7824307419	56.2494783441	67.8906794282	72.4058126005	68.8202645741	61.2764916178	66.9948052988	57.0787343349	57.1891938965	67.4991889929	63.0623393626	55.8893091169	70.3486399566	67.9323473535	55.149575449	54.371235241	58.7407204998	58.694368292	65.6523522423	71.2329240812	60.7167197871	65.2134432617	58.0105016687	87.3684685627	61.8715825688	62.6126085351	65.4374120499	57.3869889084	62.4309294266	61.0262333768	60.580145688	55.8559874742	57.0895704171	59.5916444001	60.2467211734	58.2354813344	76.4326982018	61.8190456226	55.8533205503	59.7932247404	74.2961370124
72.3534582815	51.2352823131	51.6477079117	57.6408310407	52.0775209927	44.2399478284	45.139316648	45.5159491708	55.087494657	67.0734644898	62.4752063237	59.4989859515	70.474108111	57.7149217044	48.9192754573	52.6983515899	42.4090174931	50.7516364418	48.4274059361	57.8894804024	71.5426070204	43.2505059802	73.7226795402	44.1375171414	65.1895279224	48.0387615917	64.8023459041	44.5307254192	59.3850140882	49.9258501594	32.7903715043	43.8922823343	52.0375502189	51.3743511713	66.7629445661	46.0247452719	32.6390224118	76.8564537504	72.6546942097	48.1738688222	43.466580088	53.3906567585	53.9447952614	61.8715825688	87.3684685627	72.6957505159	47.9107361782	39.9180424649	41.0462976304	60.9293480835	77.6868906133	77.3317446226	67.9507650954	74.2399598682	59.7469887049	73.893127876	64.7995759013	75.7700068497	38.6289256141	58.3945458507	53.0256164421
