Tissue	braincortex
N_samples	95
Chr	9
Gene	ENSG00000176978.9
SNP	rs10870183
Gene_list	ENSG00000220205.4	ENSG00000090238.7	ENSG00000198668.6	ENSG00000109971.9	ENSG00000107281.5	ENSG00000176978.9
Gene expression stats (Y^T * Y): 
87.3684685627	-27.9859297532	65.8703577138	46.7763665266	-16.4061257614	-53.1297099175
-27.9859297532	87.3684685627	-27.6397979568	-30.9336903695	45.1165368458	57.1231213351
65.8703577138	-27.6397979568	87.3684685627	37.2266147912	-36.7700053801	-53.6592409068
46.7763665266	-30.9336903695	37.2266147912	87.3684685627	-21.9582363192	-54.7550476875
-16.4061257614	45.1165368458	-36.7700053801	-21.9582363192	87.3684685627	57.9354627579
-53.1297099175	57.1231213351	-53.6592409068	-54.7550476875	57.9354627579	87.3684685627
Genotype stats (X^T * X): 	32.3750161474
Gene expression - Genotype stats (Y^T * X): 
10.2955395951	-12.2090203104	9.10011903549	10.1907259546	-14.3502944144	-23.5096354718