Tissue	braincortex
N_samples	95
Chr	2
Gene	ENSG00000177519.3
SNP	rs1228467
Gene_list	ENSG00000215218.3	ENSG00000182601.6	ENSG00000163873.5	ENSG00000165659.12	ENSG00000165023.5	ENSG00000150594.5	ENSG00000196376.6	ENSG00000177519.3
Gene expression stats (Y^T * Y): 
87.3684685627	61.4727384351	61.1492026701	44.6283209955	58.4836074317	32.7246734487	63.2840136242	53.1599090895
61.4727384351	87.3684685627	65.6579876689	57.012477903	69.5024567028	46.7344846174	64.6044815767	56.7278482842
61.1492026701	65.6579876689	87.3684685627	58.2674094328	56.9282296456	55.9683371591	66.6264985819	55.4311557294
44.6283209955	57.012477903	58.2674094328	87.3684685627	54.9725470623	45.4714361179	57.8004703654	55.978614631
58.4836074317	69.5024567028	56.9282296456	54.9725470623	87.3684685627	39.7864742809	62.5249874811	54.7290942902
32.7246734487	46.7344846174	55.9683371591	45.4714361179	39.7864742809	87.3684685627	41.0070552026	53.7645965032
63.2840136242	64.6044815767	66.6264985819	57.8004703654	62.5249874811	41.0070552026	87.3684685627	54.2371150653
53.1599090895	56.7278482842	55.4311557294	55.978614631	54.7290942902	53.7645965032	54.2371150653	87.3684685627
Genotype stats (X^T * X): 	45.3052631579
Gene expression - Genotype stats (Y^T * X): 
7.64633646756	13.0595287663	15.9815446605	12.8147382009	6.85384667737	21.5442987106	14.9529621452	24.3873247778