Tissue	braincortex
N_samples	95
Chr	8
Gene	ENSG00000104408.5
SNP	rs10089406
Gene_list	ENSG00000100129.13	ENSG00000105373.14	ENSG00000174444.10	ENSG00000145741.11	ENSG00000147604.9	ENSG00000122406.8	ENSG00000104408.5	ENSG00000089009.11	ENSG00000147677.6	ENSG00000145425.5
Gene expression stats (Y^T * Y): 
87.3684685627	53.7421684333	56.1534192289	45.1641078633	58.5216234387	54.2376924297	64.389037531	56.2459532855	52.9103338216	51.0654339852
53.7421684333	87.3684685627	38.5907279572	41.7907976152	39.710222454	38.091826685	55.4530388761	43.0181987586	39.8110689931	40.2601779011
56.1534192289	38.5907279572	87.3684685627	48.3429618465	73.4966881839	72.3359561361	53.7228895466	71.4722194736	48.7806010815	71.3470346294
45.1641078633	41.7907976152	48.3429618465	87.3684685627	48.1447037055	53.8565217365	55.0999139305	56.5516824857	32.7711742002	52.144530409
58.5216234387	39.710222454	73.4966881839	48.1447037055	87.3684685627	75.7613624773	56.2234378753	79.5600052131	47.3528354645	80.5043070677
54.2376924297	38.091826685	72.3359561361	53.8565217365	75.7613624773	87.3684685627	61.5817642775	72.7291106528	54.70616607	74.6129965275
64.389037531	55.4530388761	53.7228895466	55.0999139305	56.2234378753	61.5817642775	87.3684685627	59.1789607245	56.7988122354	53.9814143336
56.2459532855	43.0181987586	71.4722194736	56.5516824857	79.5600052131	72.7291106528	59.1789607245	87.3684685627	47.538140071	77.4469953495
52.9103338216	39.8110689931	48.7806010815	32.7711742002	47.3528354645	54.70616607	56.7988122354	47.538140071	87.3684685627	46.9381746687
51.0654339852	40.2601779011	71.3470346294	52.144530409	80.5043070677	74.6129965275	53.9814143336	77.4469953495	46.9381746687	87.3684685627
Genotype stats (X^T * X): 	36.5518463579
Gene expression - Genotype stats (Y^T * X): 
-14.7118249321	-20.0203335878	-10.4350492451	-16.1262362728	-13.4560025907	-16.5031305238	-20.5316394213	-13.225299792	-11.9488925216	-13.1458673517