Tissue	braincortex
N_samples	95
Chr	9
Gene	ENSG00000107099.11
SNP	rs617467
Gene_list	ENSG00000107099.11	ENSG00000042980.8	ENSG00000077420.11	ENSG00000168329.9	ENSG00000137841.7	ENSG00000104894.7	ENSG00000123338.8	ENSG00000140968.6	ENSG00000134516.11
Gene expression stats (Y^T * Y): 
87.3684685627	56.0241850167	54.1777216654	52.8577818063	52.5077761932	57.9382949067	54.0356404921	53.9982453911	53.7597961089
56.0241850167	87.3684685627	61.2985592723	55.5303525388	61.9700266822	65.891964153	65.2233954972	63.4372537915	53.9762786625
54.1777216654	61.2985592723	87.3684685627	72.856208657	59.0455757335	72.3016366496	66.0364556703	64.3771485268	57.4919461963
52.8577818063	55.5303525388	72.856208657	87.3684685627	60.3944790284	66.6790285097	63.0355353205	57.4603465024	53.6922547544
52.5077761932	61.9700266822	59.0455757335	60.3944790284	87.3684685627	68.3737340491	52.9307504279	46.6949956318	51.7335766885
57.9382949067	65.891964153	72.3016366496	66.6790285097	68.3737340491	87.3684685627	63.9896722438	58.1868192366	60.0864641514
54.0356404921	65.2233954972	66.0364556703	63.0355353205	52.9307504279	63.9896722438	87.3684685627	57.7908547416	63.9654009874
53.9982453911	63.4372537915	64.3771485268	57.4603465024	46.6949956318	58.1868192366	57.7908547416	87.3684685627	54.0681552356
53.7597961089	53.9762786625	57.4919461963	53.6922547544	51.7335766885	60.0864641514	63.9654009874	54.0681552356	87.3684685627
Genotype stats (X^T * X): 	40.5826665895
Gene expression - Genotype stats (Y^T * X): 
24.1438882371	18.1060537543	16.1694687038	17.1466233636	16.8950465823	18.0606919552	12.0141458389	10.2497594037	14.2875431834