Tissue	braincortex
N_samples	95
Chr	5
Gene	ENSG00000072786.8
SNP	rs10080221
Gene_list	ENSG00000161992.5	ENSG00000078900.10	ENSG00000006468.9	ENSG00000079689.9	ENSG00000142765.13	ENSG00000260903.2	ENSG00000106341.6	ENSG00000124493.9	ENSG00000132130.7	ENSG00000180660.6	ENSG00000161647.14	ENSG00000169174.9	ENSG00000196132.7	ENSG00000171219.8	ENSG00000140506.12	ENSG00000169330.4	ENSG00000172349.12	ENSG00000185477.4	ENSG00000152208.7	ENSG00000110723.7	ENSG00000110887.3	ENSG00000154127.5	ENSG00000109943.4	ENSG00000135549.10	ENSG00000204001.5	ENSG00000111981.4	ENSG00000086570.8	ENSG00000143365.12	ENSG00000164778.4	ENSG00000146910.7	ENSG00000135083.10	ENSG00000145863.6	ENSG00000072786.8	ENSG00000162992.3	ENSG00000153820.8	ENSG00000119283.11
Gene expression stats (Y^T * Y): 
87.3684685627	69.1739620971	58.4072739331	70.8132361644	82.1142434805	59.1549397215	73.0789693066	65.8224429827	84.9674830394	82.0703290034	71.2437758737	80.1094502987	62.8984686547	83.2602211103	82.1599818407	67.0766557113	79.5689616266	66.752384409	68.0471058102	75.5902169994	81.5494495446	52.4458322767	86.2851105489	78.1251138308	73.8137465509	45.557848935	80.300851107	68.9933902073	83.7971465334	76.5675328305	72.7022929169	81.8542403623	63.8386309611	71.9048096338	61.3486201752	59.5921445824
69.1739620971	87.3684685627	51.9898540796	60.5080696633	69.4454705408	46.5450467283	63.7483082801	47.9419490174	70.7329480439	68.8067266091	62.3787542882	68.355718285	58.5001510127	70.2825063272	67.5159527612	57.4335523765	68.0190844114	57.2629725864	66.7961378822	69.6955818898	71.6179123452	43.3252030774	70.6148588535	57.4442995679	61.4037483209	39.7293786826	58.6690707211	65.9698003276	70.890848828	64.7749600544	59.8175389951	61.8345247755	56.135030165	56.839585085	54.2281874333	51.8053886339
58.4072739331	51.9898540796	87.3684685627	48.9149114474	52.7468312865	59.994641214	55.9444630613	53.1362882128	56.4661851915	55.2443880316	49.9719770546	55.1760942766	55.6453351219	56.9372844968	58.3023106407	52.2964096319	53.4729270671	64.0159148347	49.729439787	53.7273557376	53.6484388422	51.7304990349	59.5228873172	54.330475034	43.2526685133	47.1394800608	55.5578087569	50.7889388627	55.5259354056	50.0111572058	48.6162647102	53.9257603004	58.0695672287	36.7686584131	62.2455170141	54.6136568076
70.8132361644	60.5080696633	48.9149114474	87.3684685627	70.3313193345	56.69059089	62.8685006627	49.0093178882	72.0555614216	71.5604207474	61.6535632464	69.9613373789	51.3449675117	73.7548683157	70.0461777313	62.4727700252	65.2373503672	64.5267320393	62.6025912668	73.617349368	70.941545135	51.9505362717	70.8983197464	63.8683731343	66.5869883096	49.1055203042	60.9258486681	64.77820354	71.5592635577	64.2345176761	61.5067997525	62.7153990962	55.7222814038	59.480908907	56.9296959787	56.2461421388
82.1142434805	69.4454705408	52.7468312865	70.3313193345	87.3684685627	55.6818895024	69.1554649091	62.0176531831	80.6561349978	77.8710894316	69.0977516137	75.4273400085	58.7587590163	79.5673787457	76.6924703558	61.4700642325	75.4644504251	65.0038973805	65.9169772644	73.544546907	77.5033164671	43.0540043446	81.1605227465	73.5784760268	73.813287528	44.0450615604	74.8745604191	67.82710974	80.8561718015	74.1646713665	68.6256052752	77.8420492137	61.3929828633	68.6788369422	56.519714179	53.7451844949
59.1549397215	46.5450467283	59.994641214	56.69059089	55.6818895024	87.3684685627	61.3431469965	45.5583389105	59.7973896296	59.2362910942	53.2782202683	57.0614643416	52.7925401137	59.7592596484	59.730451531	59.248347689	60.1333279222	71.774099286	47.8745605759	57.7092319025	56.1702520374	54.2118559159	60.5675986942	56.4205719761	53.9867643939	48.7859016666	51.9153545754	52.7217890537	58.4290545789	51.0682040914	50.4269379266	53.6532591809	59.9840225577	43.900231477	61.9534209636	58.5650245753
73.0789693066	63.7483082801	55.9444630613	62.8685006627	69.1554649091	61.3431469965	87.3684685627	50.2157110423	74.5996370571	74.1649517575	68.2596364198	72.1270872228	57.7427326756	74.7346326378	71.6816085256	67.7434818941	72.2262439064	66.304591768	62.408202151	69.8199144524	70.1332039978	49.0025373257	74.6937701012	66.5523316579	67.5526841096	44.3203829977	62.39007395	66.1971030028	75.3767618976	70.8000533946	64.777229235	64.9796263915	55.7635927565	56.4965085192	64.0857580763	54.7951947608
65.8224429827	47.9419490174	53.1362882128	49.0093178882	62.0176531831	45.5583389105	50.2157110423	87.3684685627	58.3825391142	55.1835980156	56.5200040913	53.3473452452	41.9897060206	56.350249031	55.1801862692	42.8969015082	58.4281012428	52.1450997829	46.4017415586	49.2970580274	53.5757513273	33.4508340047	62.9692712849	70.0518495417	51.4506366601	33.6840142558	79.5862970241	46.9978314696	56.0222695078	49.0979907384	49.2456319002	74.410257764	53.0344034962	55.3277144464	46.2616149468	38.176355458
84.9674830394	70.7329480439	56.4661851915	72.0555614216	80.6561349978	59.7973896296	74.5996370571	58.3825391142	87.3684685627	83.5703554845	67.9658270082	81.1359421206	63.0169790432	84.6745505344	83.7738978142	68.7104660213	79.0998059314	67.6799125187	69.494710554	78.8440088974	83.5572607816	53.1909893537	85.8427816327	74.2819179967	74.5012902437	45.3012420669	73.9428938011	69.9511941391	85.8146244122	78.5139783082	73.3117141646	77.4894914122	61.9116482645	70.0755199484	62.9639150234	60.9081284369
82.0703290034	68.8067266091	55.2443880316	71.5604207474	77.8710894316	59.2362910942	74.1649517575	55.1835980156	83.5703554845	87.3684685627	66.1170534285	80.1630486448	59.5755815456	81.4250969052	80.8354969211	65.1577663128	79.1965492665	67.9389942488	67.6447653496	77.005891621	80.4475437284	50.9006683799	83.869573211	70.2370366501	73.5830513059	45.1185569816	70.0006865431	70.3789271131	82.432939451	74.2256910901	68.6303554542	74.5111149509	56.7472644376	68.3077034653	62.7983615637	56.8597342483
71.2437758737	62.3787542882	49.9719770546	61.6535632464	69.0977516137	53.2782202683	68.2596364198	56.5200040913	67.9658270082	66.1170534285	87.3684685627	68.5397803822	57.7563967962	68.8060007844	67.4572830214	56.6073059074	66.4016290187	58.7632136118	59.1781990725	62.6232424259	67.0881490331	39.2904405493	70.5424913462	64.1606908832	64.0458697908	44.2162201807	66.0612607486	60.3127165882	70.1697987514	65.8798499378	59.4303340341	69.3509035542	61.6446950093	59.6541663968	52.6203734058	56.5761564609
80.1094502987	68.355718285	55.1760942766	69.9613373789	75.4273400085	57.0614643416	72.1270872228	53.3473452452	81.1359421206	80.1630486448	68.5397803822	87.3684685627	60.1279418474	81.0274442915	79.802083273	66.4598860818	76.1157105045	65.917505397	62.2496959188	73.3860430272	80.2034055329	49.5995675733	80.5918343319	68.2704047147	72.7161769862	41.3227549698	67.8528258163	66.234581141	80.6693505321	75.2735098974	69.8093845675	72.4006557012	57.1381272811	62.8546960657	63.3662404172	60.2105958684
62.8984686547	58.5001510127	55.6453351219	51.3449675117	58.7587590163	52.7925401137	57.7427326756	41.9897060206	63.0169790432	59.5755815456	57.7563967962	60.1279418474	87.3684685627	63.1993992208	63.740846423	56.7547599968	61.5893040672	60.3183715785	61.366004359	60.6555018754	61.4426690507	49.6268576726	64.9097395279	56.7995984519	54.0049725381	40.2846622568	52.840125968	47.7450088343	64.247108973	56.9678451804	54.8243548365	57.059359434	55.8143284773	51.833874477	50.6430931693	59.4353837946
83.2602211103	70.2825063272	56.9372844968	73.7548683157	79.5673787457	59.7592596484	74.7346326378	56.350249031	84.6745505344	81.4250969052	68.8060007844	81.0274442915	63.1993992208	87.3684685627	81.3058309658	69.6061688455	77.1864897297	67.9057536783	67.6827197678	77.6191535649	83.2230618103	53.9520627575	84.2302971722	72.6746322817	73.514003292	46.8643915441	71.5798754395	70.3743083565	84.2261799967	77.1410813812	73.2754494578	74.5549896861	60.7705184066	68.5752627191	61.5938466504	59.6231666383
82.1599818407	67.5159527612	58.3023106407	70.0461777313	76.6924703558	59.730451531	71.6816085256	55.1801862692	83.7738978142	80.8354969211	67.4572830214	79.802083273	63.740846423	81.3058309658	87.3684685627	67.134460902	75.9760450333	65.4320276132	67.0368889002	76.2661617985	81.2567110146	55.0461177411	83.1018668376	72.1850260754	71.9993730178	45.3329592603	71.1635594666	68.1423643765	83.0504940904	75.3350239648	70.1991894409	75.3523434884	62.913150604	67.9581212551	61.9810036922	62.732580475
67.0766557113	57.4335523765	52.2964096319	62.4727700252	61.4700642325	59.248347689	67.7434818941	42.8969015082	68.7104660213	65.1577663128	56.6073059074	66.4598860818	56.7547599968	69.6061688455	67.134460902	87.3684685627	65.4437456625	61.2045198071	56.4561772128	68.2944365978	65.619872356	64.4079460421	67.6752796978	62.5687872831	55.2115139067	43.388579939	55.7547527572	56.970223185	67.1145207623	63.287188349	61.6395454684	56.1378403643	59.2085940186	49.4764033286	65.2666576361	72.012790413
79.5689616266	68.0190844114	53.4729270671	65.2373503672	75.4644504251	60.1333279222	72.2262439064	58.4281012428	79.0998059314	79.1965492665	66.4016290187	76.1157105045	61.5893040672	77.1864897297	75.9760450333	65.4437456625	87.3684685627	67.334631371	64.6556515218	72.7067313225	75.9129336477	54.4823302254	80.6003517393	71.8379161377	71.3385700614	42.9443188854	71.3788307699	65.8851505369	77.8178764868	68.8751195931	66.4779065082	75.4381564299	60.9768498592	64.3605128209	62.1157800328	58.2908478273
66.752384409	57.2629725864	64.0159148347	64.5267320393	65.0038973805	71.774099286	66.304591768	52.1450997829	67.6799125187	67.9389942488	58.7632136118	65.917505397	60.3183715785	67.9057536783	65.4320276132	61.2045198071	67.334631371	87.3684685627	56.1637893322	64.6348919011	65.7958202884	50.7145482591	68.6863454682	65.0271090669	60.2978668333	45.1421647123	57.4546110909	60.9215301631	66.585122144	57.2185912893	60.7864612788	60.5948218252	59.4356609844	47.6647797041	65.9782112663	60.5329869246
68.0471058102	66.7961378822	49.729439787	62.6025912668	65.9169772644	47.8745605759	62.408202151	46.4017415586	69.494710554	67.6447653496	59.1781990725	62.2496959188	61.366004359	67.6827197678	67.0368889002	56.4561772128	64.6556515218	56.1637893322	87.3684685627	67.7584196942	66.2418544722	43.4063606047	68.1573948368	56.2623290864	56.2765859888	42.3877751333	58.5962086932	60.2494491152	69.4001176865	64.2334860667	64.8429181164	61.7437655604	52.8044381192	59.7364649537	54.7833302971	56.4904391737
75.5902169994	69.6955818898	53.7273557376	73.617349368	73.544546907	57.7092319025	69.8199144524	49.2970580274	78.8440088974	77.005891621	62.6232424259	73.3860430272	60.6555018754	77.6191535649	76.2661617985	68.2944365978	72.7067313225	64.6348919011	67.7584196942	87.3684685627	79.2988529311	55.0132824643	77.6906815444	63.0908845283	70.9694567704	52.4013727336	64.4480800804	73.5905557755	77.8617215032	69.116512863	64.5488513523	66.4811823802	62.4286229275	64.9836926878	57.5776298026	60.6297317586
81.5494495446	71.6179123452	53.6484388422	70.941545135	77.5033164671	56.1702520374	70.1332039978	53.5757513273	83.5572607816	80.4475437284	67.0881490331	80.2034055329	61.4426690507	83.2230618103	81.2567110146	65.619872356	75.9129336477	65.7958202884	66.2418544722	79.2988529311	87.3684685627	54.0250152971	82.4183043819	69.1911755584	72.9406305446	47.3796196973	69.603092012	70.6903350792	83.1145957278	76.123319685	70.8812863856	73.3029849174	61.7972994278	69.8959361232	58.5994333674	60.1322702046
52.4458322767	43.3252030774	51.7304990349	51.9505362717	43.0540043446	54.2118559159	49.0025373257	33.4508340047	53.1909893537	50.9006683799	39.2904405493	49.5995675733	49.6268576726	53.9520627575	55.0461177411	64.4079460421	54.4823302254	50.7145482591	43.4063606047	55.0132824643	54.0250152971	87.3684685627	54.25215331	47.2037741367	36.2726131457	45.4414439161	42.9584267074	42.7694473263	52.2933154586	45.6848029358	43.0174937092	43.344538599	54.1854596698	43.7072090196	52.9505926286	65.6647145588
86.2851105489	70.6148588535	59.5228873172	70.8983197464	81.1605227465	60.5675986942	74.6937701012	62.9692712849	85.8427816327	83.869573211	70.5424913462	80.5918343319	64.9097395279	84.2302971722	83.1018668376	67.6752796978	80.6003517393	68.6863454682	68.1573948368	77.6906815444	82.4183043819	54.25215331	87.3684685627	76.4854713599	74.189201753	46.8563390558	77.6241373345	71.0770061515	84.8218068449	77.1038136313	72.9078881782	80.1143827398	63.4236891105	71.591100843	63.1450334225	59.9850469915
78.1251138308	57.4442995679	54.330475034	63.8683731343	73.5784760268	56.4205719761	66.5523316579	70.0518495417	74.2819179967	70.2370366501	64.1606908832	68.2704047147	56.7995984519	72.6746322817	72.1850260754	62.5687872831	71.8379161377	65.0271090669	56.2623290864	63.0908845283	69.1911755584	47.2037741367	76.4854713599	87.3684685627	66.6127558625	34.2660535758	78.5578756465	61.1324166202	71.4438801871	64.661450655	61.9846228032	78.399411207	59.1749800502	64.2359836851	55.9773864816	55.7888938415
73.8137465509	61.4037483209	43.2526685133	66.5869883096	73.813287528	53.9867643939	67.5526841096	51.4506366601	74.5012902437	73.5830513059	64.0458697908	72.7161769862	54.0049725381	73.514003292	71.9993730178	55.2115139067	71.3385700614	60.2978668333	56.2765859888	70.9694567704	72.9406305446	36.2726131457	74.189201753	66.6127558625	87.3684685627	41.967296018	63.5357029093	67.5635282796	74.3733611875	69.2104965874	61.4315319759	67.5107662792	54.5368861014	63.2615131235	51.2676026985	45.5425383209
45.557848935	39.7293786826	47.1394800608	49.1055203042	44.0450615604	48.7859016666	44.3203829977	33.6840142558	45.3012420669	45.1185569816	44.2162201807	41.3227549698	40.2846622568	46.8643915441	45.3329592603	43.388579939	42.9443188854	45.1421647123	42.3877751333	52.4013727336	47.3796196973	45.4414439161	46.8563390558	34.2660535758	41.967296018	87.3684685627	40.1135717548	42.2148556651	44.9305905724	42.170248742	39.7790696843	36.5801024386	58.8591042674	48.1048844049	44.8896521525	42.9299152929
80.300851107	58.6690707211	55.5578087569	60.9258486681	74.8745604191	51.9153545754	62.39007395	79.5862970241	73.9428938011	70.0006865431	66.0612607486	67.8528258163	52.840125968	71.5798754395	71.1635594666	55.7547527572	71.3788307699	57.4546110909	58.5962086932	64.4480800804	69.603092012	42.9584267074	77.6241373345	78.5578756465	63.5357029093	40.1135717548	87.3684685627	59.1287870801	71.7567882943	63.8348520475	62.4101446799	83.7525757196	60.0702058607	68.1596579803	52.9336495605	49.7285812487
68.9933902073	65.9698003276	50.7889388627	64.77820354	67.82710974	52.7217890537	66.1971030028	46.9978314696	69.9511941391	70.3789271131	60.3127165882	66.234581141	47.7450088343	70.3743083565	68.1423643765	56.970223185	65.8851505369	60.9215301631	60.2494491152	73.5905557755	70.6903350792	42.7694473263	71.0770061515	61.1324166202	67.5635282796	42.2148556651	59.1287870801	87.3684685627	71.0916264504	66.8827950399	59.0947573796	61.8681485522	52.9109579014	54.6030423724	50.255249895	48.8669769877
83.7971465334	70.890848828	55.5259354056	71.5592635577	80.8561718015	58.4290545789	75.3767618976	56.0222695078	85.8146244122	82.432939451	70.1697987514	80.6693505321	64.247108973	84.2261799967	83.0504940904	67.1145207623	77.8178764868	66.585122144	69.4001176865	77.8617215032	83.1145957278	52.2933154586	84.8218068449	71.4438801871	74.3733611875	44.9305905724	71.7567882943	71.0916264504	87.3684685627	80.1252120692	73.5454479698	76.24434155	61.1794386939	68.1867385242	60.0655073599	59.9928915761
76.5675328305	64.7749600544	50.0111572058	64.2345176761	74.1646713665	51.0682040914	70.8000533946	49.0979907384	78.5139783082	74.2256910901	65.8798499378	75.2735098974	56.9678451804	77.1410813812	75.3350239648	63.287188349	68.8751195931	57.2185912893	64.2334860667	69.116512863	76.123319685	45.6848029358	77.1038136313	64.661450655	69.2104965874	42.170248742	63.8348520475	66.8827950399	80.1252120692	87.3684685627	68.6910174846	68.339103879	56.2053064744	59.6777347243	56.6304024322	56.5938250765
72.7022929169	59.8175389951	48.6162647102	61.5067997525	68.6256052752	50.4269379266	64.777229235	49.2456319002	73.3117141646	68.6303554542	59.4303340341	69.8093845675	54.8243548365	73.2754494578	70.1991894409	61.6395454684	66.4779065082	60.7864612788	64.8429181164	64.5488513523	70.8812863856	43.0174937092	72.9078881782	61.9846228032	61.4315319759	39.7790696843	62.4101446799	59.0947573796	73.5454479698	68.6910174846	87.3684685627	63.7808259043	54.2454986752	54.6061846042	63.1196417873	56.1835986127
81.8542403623	61.8345247755	53.9257603004	62.7153990962	77.8420492137	53.6532591809	64.9796263915	74.410257764	77.4894914122	74.5111149509	69.3509035542	72.4006557012	57.059359434	74.5549896861	75.3523434884	56.1378403643	75.4381564299	60.5948218252	61.7437655604	66.4811823802	73.3029849174	43.344538599	80.1143827398	78.399411207	67.5107662792	36.5801024386	83.7525757196	61.8681485522	76.24434155	68.339103879	63.7808259043	87.3684685627	61.2293625622	68.7659428372	53.8302301143	50.889232597
63.8386309611	56.135030165	58.0695672287	55.7222814038	61.3929828633	59.9840225577	55.7635927565	53.0344034962	61.9116482645	56.7472644376	61.6446950093	57.1381272811	55.8143284773	60.7705184066	62.913150604	59.2085940186	60.9768498592	59.4356609844	52.8044381192	62.4286229275	61.7972994278	54.1854596698	63.4236891105	59.1749800502	54.5368861014	58.8591042674	60.0702058607	52.9109579014	61.1794386939	56.2053064744	54.2454986752	61.2293625622	87.3684685627	54.0548715615	57.124250948	58.738911977
71.9048096338	56.839585085	36.7686584131	59.480908907	68.6788369422	43.900231477	56.4965085192	55.3277144464	70.0755199484	68.3077034653	59.6541663968	62.8546960657	51.833874477	68.5752627191	67.9581212551	49.4764033286	64.3605128209	47.6647797041	59.7364649537	64.9836926878	69.8959361232	43.7072090196	71.591100843	64.2359836851	63.2615131235	48.1048844049	68.1596579803	54.6030423724	68.1867385242	59.6777347243	54.6061846042	68.7659428372	54.0548715615	87.3684685627	41.983146105	42.5565055356
61.3486201752	54.2281874333	62.2455170141	56.9296959787	56.519714179	61.9534209636	64.0857580763	46.2616149468	62.9639150234	62.7983615637	52.6203734058	63.3662404172	50.6430931693	61.5938466504	61.9810036922	65.2666576361	62.1157800328	65.9782112663	54.7833302971	57.5776298026	58.5994333674	52.9505926286	63.1450334225	55.9773864816	51.2676026985	44.8896521525	52.9336495605	50.255249895	60.0655073599	56.6304024322	63.1196417873	53.8302301143	57.124250948	41.983146105	87.3684685627	61.4467886459
59.5921445824	51.8053886339	54.6136568076	56.2461421388	53.7451844949	58.5650245753	54.7951947608	38.176355458	60.9081284369	56.8597342483	56.5761564609	60.2105958684	59.4353837946	59.6231666383	62.732580475	72.012790413	58.2908478273	60.5329869246	56.4904391737	60.6297317586	60.1322702046	65.6647145588	59.9850469915	55.7888938415	45.5425383209	42.9299152929	49.7285812487	48.8669769877	59.9928915761	56.5938250765	56.1835986127	50.889232597	58.738911977	42.5565055356	61.4467886459	87.3684685627
Genotype stats (X^T * X): 	57.0745033053
Gene expression - Genotype stats (Y^T * X): 
-13.3671133254	-9.24071311942	-8.34181454765	-12.2444074156	-9.66655797757	-3.93259441081	-12.3978057074	-12.7705312024	-13.4247203274	-10.068655811	-17.3665531034	-9.76353557325	-7.68927832445	-12.6235378117	-16.1145305806	-10.864610661	-7.91235511733	-5.96510603784	-13.6320592019	-15.8665404939	-16.1216217685	-9.22917555813	-12.3926609194	-14.1064933488	-10.6764973826	-18.1042541253	-13.5572477795	-13.1626361932	-14.2572400871	-19.6697100711	-9.88823205503	-14.0420413168	-24.4382106914	-17.7858543844	-2.99097276522	-13.5645465346