Tissue	braincortex
N_samples	95
Chr	17
Gene	ENSG00000170425.3
SNP	rs8081547
Gene_list	ENSG00000127418.10	ENSG00000161958.6	ENSG00000170425.3	ENSG00000166265.7	ENSG00000147509.9	ENSG00000144749.9	ENSG00000109062.5
Gene expression stats (Y^T * Y): 
87.3684685627	49.0948725363	53.3789921742	-38.5177156818	49.3524550279	57.9116390866	63.3362581394
49.0948725363	87.3684685627	56.7900648842	-41.6632134373	45.7570237835	42.5690218494	50.4625101971
53.3789921742	56.7900648842	87.3684685627	-53.8431015245	58.105348352	56.4659689969	57.2682268491
-38.5177156818	-41.6632134373	-53.8431015245	87.3684685627	-39.5090508356	-41.4562936649	-44.5726802385
49.3524550279	45.7570237835	58.105348352	-39.5090508356	87.3684685627	54.239532431	50.9848482129
57.9116390866	42.5690218494	56.4659689969	-41.4562936649	54.239532431	87.3684685627	64.3155809827
63.3362581394	50.4625101971	57.2682268491	-44.5726802385	50.9848482129	64.3155809827	87.3684685627
Genotype stats (X^T * X): 	25.8888299368
Gene expression - Genotype stats (Y^T * X): 
-9.72781045178	-11.9659495261	-18.3916611723	13.864964974	-4.94449230164	-12.4579640897	-13.4495477788