Tissue	braincortex
N_samples	95
Chr	19
Gene	ENSG00000127445.9
SNP	rs4804475
Gene_list	ENSG00000242173.4	ENSG00000184524.5	ENSG00000127445.9	ENSG00000105701.11	ENSG00000197457.5	ENSG00000108654.7	ENSG00000171159.4	ENSG00000074317.6
Gene expression stats (Y^T * Y): 
87.3684685627	47.1362537323	60.4314095449	56.7910977431	47.2974946273	-41.7286586443	58.9672646376	45.0845581837
47.1362537323	87.3684685627	55.9361004817	58.0493967943	51.779342668	-42.912141007	33.9017542857	55.3581522363
60.4314095449	55.9361004817	87.3684685627	55.5541124449	58.3587155917	-53.1634070933	56.0303851587	53.458328743
56.7910977431	58.0493967943	55.5541124449	87.3684685627	50.703942809	-55.7127378938	55.4027455478	49.5421545938
47.2974946273	51.779342668	58.3587155917	50.703942809	87.3684685627	-40.7994987168	40.5955174783	49.0043114715
-41.7286586443	-42.912141007	-53.1634070933	-55.7127378938	-40.7994987168	87.3684685627	-49.2203342914	-48.6035238383
58.9672646376	33.9017542857	56.0303851587	55.4027455478	40.5955174783	-49.2203342914	87.3684685627	37.3096780069
45.0845581837	55.3581522363	53.458328743	49.5421545938	49.0043114715	-48.6035238383	37.3096780069	87.3684685627
Genotype stats (X^T * X): 	12.7807592
Gene expression - Genotype stats (Y^T * X): 
10.3931833877	12.2657183618	12.2302291517	12.1186495841	11.463587567	-12.2551252483	10.5988975908	9.44289718522