Tissue	braincortex
N_samples	95
Chr	2
Gene	ENSG00000115165.5
SNP	rs7557209
Gene_list	ENSG00000013588.5	ENSG00000188060.6	ENSG00000171522.5	ENSG00000124731.8	ENSG00000197405.3	ENSG00000197930.8	ENSG00000115956.9	ENSG00000159399.5	ENSG00000169508.6	ENSG00000119508.13	ENSG00000136689.14	ENSG00000115165.5	ENSG00000164691.12	ENSG00000073756.7
Gene expression stats (Y^T * Y): 
87.3684685627	80.2078612352	57.8083148489	72.5498804277	52.1124688311	71.0906287142	62.8942601272	70.4003862125	70.759012127	52.9354767576	72.3276744505	66.5698839492	69.6737133563	49.6949572905
80.2078612352	87.3684685627	53.7655296043	75.6226561394	54.3871318837	69.4823020981	72.911926004	75.2431549883	71.4129733555	38.365530494	78.9080949626	62.1733039148	78.1095608751	36.143772146
57.8083148489	53.7655296043	87.3684685627	50.9674615312	38.5155239614	34.4786399942	48.7101455189	38.0726733268	39.5674995498	44.9170122147	50.1035688418	58.8810149369	51.5788252578	50.4239406238
72.5498804277	75.6226561394	50.9674615312	87.3684685627	51.0465696295	68.029916921	67.1475129884	69.5402729346	60.2034345871	42.6944156122	68.1988133347	60.6255858978	68.8525705816	41.8761875191
52.1124688311	54.3871318837	38.5155239614	51.0465696295	87.3684685627	39.8527110341	54.9461516364	43.6085462553	51.3599418912	45.4744133805	48.6336046609	52.8052904457	58.7107253184	32.3551558602
71.0906287142	69.4823020981	34.4786399942	68.029916921	39.8527110341	87.3684685627	55.6437697127	77.1019865685	65.5296530733	39.7684614897	62.012557657	55.2148453219	60.3391245008	35.9719442688
62.8942601272	72.911926004	48.7101455189	67.1475129884	54.9461516364	55.6437697127	87.3684685627	63.4669780031	61.8668192203	30.5741998348	71.7252506127	52.4595592814	75.8427858764	26.0806656082
70.4003862125	75.2431549883	38.0726733268	69.5402729346	43.6085462553	77.1019865685	63.4669780031	87.3684685627	64.8345932707	33.5254039138	66.5019527287	53.2188624445	68.0626508426	34.6646898029
70.759012127	71.4129733555	39.5674995498	60.2034345871	51.3599418912	65.5296530733	61.8668192203	64.8345932707	87.3684685627	47.4587404918	65.4918839101	52.620422009	71.8689487821	32.8040627247
52.9354767576	38.365530494	44.9170122147	42.6944156122	45.4744133805	39.7684614897	30.5741998348	33.5254039138	47.4587404918	87.3684685627	30.1867809034	53.1825613713	33.0774855917	58.3571908261
72.3276744505	78.9080949626	50.1035688418	68.1988133347	48.6336046609	62.012557657	71.7252506127	66.5019527287	65.4918839101	30.1867809034	87.3684685627	56.0123134604	73.6701261039	24.7930423892
66.5698839492	62.1733039148	58.8810149369	60.6255858978	52.8052904457	55.2148453219	52.4595592814	53.2188624445	52.620422009	53.1825613713	56.0123134604	87.3684685627	57.9274360023	63.879308037
69.6737133563	78.1095608751	51.5788252578	68.8525705816	58.7107253184	60.3391245008	75.8427858764	68.0626508426	71.8689487821	33.0774855917	73.6701261039	57.9274360023	87.3684685627	31.3990633959
49.6949572905	36.143772146	50.4239406238	41.8761875191	32.3551558602	35.9719442688	26.0806656082	34.6646898029	32.8040627247	58.3571908261	24.7930423892	63.879308037	31.3990633959	87.3684685627
Genotype stats (X^T * X): 	5.47119732632
Gene expression - Genotype stats (Y^T * X): 
4.68882630791	4.996463846	4.49478796813	4.78141041446	6.15448544772	4.72424641003	5.81297379861	5.60274913035	4.05131174633	6.73900551442	4.70999804689	9.13052586508	5.51521808364	6.11117712176