Tissue	braincortex
N_samples	95
Chr	5
Gene	ENSG00000187678.8
SNP	rs34527572
Gene_list	ENSG00000120875.4	ENSG00000122877.9	ENSG00000147571.3	ENSG00000139318.7	ENSG00000184307.9	ENSG00000122778.5	ENSG00000187678.8	ENSG00000244405.3
Gene expression stats (Y^T * Y): 
87.3684685627	52.9103297635	49.876518259	65.7738213017	34.3992686144	38.8150091422	57.0501772506	51.1376541573
52.9103297635	87.3684685627	44.1335078143	54.9007550285	36.165343596	54.2037046992	57.1422200438	45.9941862237
49.876518259	44.1335078143	87.3684685627	44.0778293293	26.6566663685	31.2596310967	53.0770553481	47.2675114203
65.7738213017	54.9007550285	44.0778293293	87.3684685627	39.072109504	41.8679090716	62.6640860502	64.7752308797
34.3992686144	36.165343596	26.6566663685	39.072109504	87.3684685627	56.5049052287	55.2559897684	48.4022029235
38.8150091422	54.2037046992	31.2596310967	41.8679090716	56.5049052287	87.3684685627	61.0801450271	51.2993838056
57.0501772506	57.1422200438	53.0770553481	62.6640860502	55.2559897684	61.0801450271	87.3684685627	62.8402556969
51.1376541573	45.9941862237	47.2675114203	64.7752308797	48.4022029235	51.2993838056	62.8402556969	87.3684685627
Genotype stats (X^T * X): 	22.9052631579
Gene expression - Genotype stats (Y^T * X): 
3.40618411073	10.2268150967	8.42521829315	10.1761559296	5.27484727586	7.04585592237	15.4843812762	11.3213815321