Tissue	braincortex
N_samples	95
Chr	1
Gene	ENSG00000142583.13
SNP	rs61785781
Gene_list	ENSG00000142583.13	ENSG00000042980.8	ENSG00000162511.7	ENSG00000105697.3	ENSG00000137841.7	ENSG00000138964.12	ENSG00000180353.6	ENSG00000182578.9	ENSG00000203747.5
Gene expression stats (Y^T * Y): 
87.3684685627	62.8560913426	55.8546883529	53.6952814587	53.5989688588	61.3908635	53.389422793	52.9906925843	52.6243591723
62.8560913426	87.3684685627	55.0690018756	24.0049303174	61.9700266822	63.233493861	54.6345760165	68.7940046976	41.3596931292
55.8546883529	55.0690018756	87.3684685627	32.67587627	57.3201911411	47.8692682855	61.9651291866	73.6153835112	58.9464496771
53.6952814587	24.0049303174	32.67587627	87.3684685627	24.8957017	45.7331030822	44.0010400944	22.4587323488	45.1864604008
53.5989688588	61.9700266822	57.3201911411	24.8957017	87.3684685627	52.8198984746	62.8605704441	68.608481835	47.1660955118
61.3908635	63.233493861	47.8692682855	45.7331030822	52.8198984746	87.3684685627	59.5624277419	49.8644521946	50.5534746959
53.389422793	54.6345760165	61.9651291866	44.0010400944	62.8605704441	59.5624277419	87.3684685627	63.785731773	57.9808647036
52.9906925843	68.7940046976	73.6153835112	22.4587323488	68.608481835	49.8644521946	63.785731773	87.3684685627	45.3680590074
52.6243591723	41.3596931292	58.9464496771	45.1864604008	47.1660955118	50.5534746959	57.9808647036	45.3680590074	87.3684685627
Genotype stats (X^T * X): 	11.9790123579
Gene expression - Genotype stats (Y^T * X): 
10.9252875053	2.99632905275	5.64148006828	7.13808371443	3.84741161128	5.81913629957	5.96504319578	1.82621545976	9.84524708267