Tissue	braincortex
N_samples	95
Chr	6
Gene	ENSG00000111859.12
SNP	rs9393966
Gene_list	ENSG00000067082.10	ENSG00000111859.12	ENSG00000178878.8	ENSG00000086062.8	ENSG00000168389.13	ENSG00000161835.6
Gene expression stats (Y^T * Y): 
87.3684685627	53.2507157462	54.2456351855	54.7282944472	27.384024596	42.1788232465
53.2507157462	87.3684685627	55.5818777124	52.8049606895	53.1922511458	53.5399639924
54.2456351855	55.5818777124	87.3684685627	36.382768896	40.9320149183	44.1794865035
54.7282944472	52.8049606895	36.382768896	87.3684685627	28.9535229206	34.9670766428
27.384024596	53.1922511458	40.9320149183	28.9535229206	87.3684685627	52.6091564219
42.1788232465	53.5399639924	44.1794865035	34.9670766428	52.6091564219	87.3684685627
Genotype stats (X^T * X): 	42.9716153053
Gene expression - Genotype stats (Y^T * X): 
-9.52565555227	-20.5577305787	-8.64439458559	-7.01617272578	-11.1197230916	-8.11078364321