Tissue	braincortex
N_samples	95
Chr	7
Gene	ENSG00000189056.9
SNP	rs12533510
Gene_list	ENSG00000159788.14	ENSG00000141404.11	ENSG00000142634.8	ENSG00000136750.7	ENSG00000170419.6	ENSG00000157404.11	ENSG00000107242.13	ENSG00000172137.14	ENSG00000118432.11	ENSG00000189056.9	ENSG00000158258.11	ENSG00000146469.8	ENSG00000128683.9	ENSG00000144355.10	ENSG00000188042.5
Gene expression stats (Y^T * Y): 
87.3684685627	42.7084188022	-38.2898984132	46.1075669102	38.469033917	30.4445096927	34.0515059966	53.4956696719	50.2483407651	54.1301003082	-29.6563473683	49.6022645227	46.8870365443	53.783079797	37.3785048372
42.7084188022	87.3684685627	-46.736186586	39.0564984215	50.8325335725	37.3358608269	51.5421741976	55.2391850811	54.3604063589	56.8760744246	-61.6264598718	45.6054394735	40.5993403928	45.5912906485	45.3603958993
-38.2898984132	-46.736186586	87.3684685627	-29.6304682815	-53.6041524424	-27.208615774	-52.3298056791	-62.0916258909	-41.201077562	-53.9547459027	54.4040868116	-35.7537069639	-31.6479285058	-31.72240162	-36.7823138117
46.1075669102	39.0564984215	-29.6304682815	87.3684685627	18.9016334271	61.6412248414	27.443790022	38.9216735305	54.863330127	56.0386280049	-25.4958437439	58.8739630098	76.9237163422	67.0124517862	60.7126247093
38.469033917	50.8325335725	-53.6041524424	18.9016334271	87.3684685627	25.8545529491	62.5161252902	57.9547654235	45.9851839737	54.8450915767	-51.282435132	44.4968660512	24.5186777291	37.2364393083	42.6368860896
30.4445096927	37.3358608269	-27.208615774	61.6412248414	25.8545529491	87.3684685627	35.1928616308	39.8384261018	50.4257943601	55.2971093729	-28.9638426261	53.6332598906	51.1351706336	52.1288115808	51.3900118606
34.0515059966	51.5421741976	-52.3298056791	27.443790022	62.5161252902	35.1928616308	87.3684685627	54.5285308883	47.4526916703	52.464719464	-59.4826797239	45.9390322631	29.0124306659	36.6172742667	54.1715978106
53.4956696719	55.2391850811	-62.0916258909	38.9216735305	57.9547654235	39.8384261018	54.5285308883	87.3684685627	58.0265593595	65.3079051474	-46.3578513447	60.2420962422	41.9654488598	56.0558752098	46.1633985999
50.2483407651	54.3604063589	-41.201077562	54.863330127	45.9851839737	50.4257943601	47.4526916703	58.0265593595	87.3684685627	63.2601980966	-33.5282548545	63.0026978668	51.6149788261	63.3420124639	49.9809735921
54.1301003082	56.8760744246	-53.9547459027	56.0386280049	54.8450915767	55.2971093729	52.464719464	65.3079051474	63.2601980966	87.3684685627	-53.3275884838	60.6252320877	53.7416884231	60.9923591646	52.7302743462
-29.6563473683	-61.6264598718	54.4040868116	-25.4958437439	-51.282435132	-28.9638426261	-59.4826797239	-46.3578513447	-33.5282548545	-53.3275884838	87.3684685627	-33.9294033442	-23.4316771591	-30.1822881955	-41.5171707033
49.6022645227	45.6054394735	-35.7537069639	58.8739630098	44.4968660512	53.6332598906	45.9390322631	60.2420962422	63.0026978668	60.6252320877	-33.9294033442	87.3684685627	54.1062328518	71.373421123	61.0262733196
46.8870365443	40.5993403928	-31.6479285058	76.9237163422	24.5186777291	51.1351706336	29.0124306659	41.9654488598	51.6149788261	53.7416884231	-23.4316771591	54.1062328518	87.3684685627	63.3673822511	56.6958647239
53.783079797	45.5912906485	-31.72240162	67.0124517862	37.2364393083	52.1288115808	36.6172742667	56.0558752098	63.3420124639	60.9923591646	-30.1822881955	71.373421123	63.3673822511	87.3684685627	62.1459937838
37.3785048372	45.3603958993	-36.7823138117	60.7126247093	42.6368860896	51.3900118606	54.1715978106	46.1633985999	49.9809735921	52.7302743462	-41.5171707033	61.0262733196	56.6958647239	62.1459937838	87.3684685627
Genotype stats (X^T * X): 	15.9368421053
Gene expression - Genotype stats (Y^T * X): 
6.21879904898	6.47827200306	-1.25678993644	8.35712465925	6.39688308533	14.789059475	5.82934709771	7.54601497047	7.54884415973	12.4902234595	-6.46191434401	7.84313907376	6.55901106362	11.2863795119	4.77584724289