Tissue	braincortex
N_samples	95
Chr	19
Gene	ENSG00000142347.12
SNP	rs148306444
Gene_list	ENSG00000142347.12	ENSG00000213654.5	ENSG00000159216.14	ENSG00000119535.13	ENSG00000100365.10	ENSG00000171777.11	ENSG00000104894.7	ENSG00000129667.8	ENSG00000180353.6	ENSG00000059377.11
Gene expression stats (Y^T * Y): 
87.3684685627	61.9193001187	56.3906477258	57.4495542922	61.9391836789	52.9711870134	52.8927396419	59.0349467027	55.185777467	53.3780238489
61.9193001187	87.3684685627	50.4365536385	60.5217055897	51.9872856671	57.3425960169	58.9116292034	58.267464684	56.4024727159	55.653064606
56.3906477258	50.4365536385	87.3684685627	39.7216887151	43.9559738861	35.012832533	41.2724991769	59.5402956042	50.8437496709	38.7064964582
57.4495542922	60.5217055897	39.7216887151	87.3684685627	49.988035592	49.4702345793	53.9722191573	58.0363798942	64.6725675325	39.7065840747
61.9391836789	51.9872856671	43.9559738861	49.988035592	87.3684685627	49.5807037607	55.3437240169	44.7382476405	50.0352310219	51.2172971038
52.9711870134	57.3425960169	35.012832533	49.4702345793	49.5807037607	87.3684685627	55.4137881115	52.2853675132	45.5664233005	49.5147936482
52.8927396419	58.9116292034	41.2724991769	53.9722191573	55.3437240169	55.4137881115	87.3684685627	58.9138705038	62.2701338488	59.1930079922
59.0349467027	58.267464684	59.5402956042	58.0363798942	44.7382476405	52.2853675132	58.9138705038	87.3684685627	61.9815366422	43.7636004996
55.185777467	56.4024727159	50.8437496709	64.6725675325	50.0352310219	45.5664233005	62.2701338488	61.9815366422	87.3684685627	48.2563212601
53.3780238489	55.653064606	38.7064964582	39.7065840747	51.2172971038	49.5147936482	59.1930079922	43.7636004996	48.2563212601	87.3684685627
Genotype stats (X^T * X): 	15.5170739368
Gene expression - Genotype stats (Y^T * X): 
12.9209431987	8.98452402896	5.9434009251	7.09048735496	6.62244312037	5.98344213932	5.8490632754	5.091624944	6.8596392332	7.4399227676