Tissue	braincortex
N_samples	95
Chr	4
Gene	ENSG00000151834.11
SNP	rs495752
Gene_list	ENSG00000183579.11	ENSG00000167601.7	ENSG00000151834.11	ENSG00000153936.12	ENSG00000179399.9	ENSG00000185565.7	ENSG00000154928.12
Gene expression stats (Y^T * Y): 
87.3684685627	43.5809464793	52.5872944826	45.3648529332	49.6039542061	52.635804738	31.6019313654
43.5809464793	87.3684685627	55.5567702431	39.8698318258	53.873369919	48.2277642258	50.301020352
52.5872944826	55.5567702431	87.3684685627	55.2938620526	57.3863467647	56.6706781513	53.4159027052
45.3648529332	39.8698318258	55.2938620526	87.3684685627	41.3184345611	43.4216261666	37.8937091147
49.6039542061	53.873369919	57.3863467647	41.3184345611	87.3684685627	51.5586720052	45.8125789956
52.635804738	48.2277642258	56.6706781513	43.4216261666	51.5586720052	87.3684685627	46.8025528244
31.6019313654	50.301020352	53.4159027052	37.8937091147	45.8125789956	46.8025528244	87.3684685627
Genotype stats (X^T * X): 	43.3907084842
Gene expression - Genotype stats (Y^T * X): 
-0.880596484976	-13.70128088	-22.9089596457	-12.6723595577	-11.1091870985	-5.00408536358	-14.3821531111