Tissue	braincortex
N_samples	95
Chr	12
Gene	ENSG00000111716.8
SNP	rs7136710
Gene_list	ENSG00000111716.8	ENSG00000181061.9	ENSG00000117450.9	ENSG00000177576.6	ENSG00000165678.15	ENSG00000148672.7	ENSG00000132541.6	ENSG00000164089.4	ENSG00000150625.12	ENSG00000143742.8
Gene expression stats (Y^T * Y): 
87.3684685627	61.7749966949	52.5112210079	53.7578258689	52.4339102814	54.7316337645	53.684182518	54.2536885524	53.435802765	54.4349962455
61.7749966949	87.3684685627	31.4469099139	67.237637166	60.7762492346	51.5208996003	51.5889464841	46.1807117478	53.6375937444	60.8192913958
52.5112210079	31.4469099139	87.3684685627	27.7964968015	23.5816407609	34.0875848163	18.6333358058	31.8636747397	26.0812056896	41.9131868708
53.7578258689	67.237637166	27.7964968015	87.3684685627	48.3712133271	49.4236295868	42.6249111992	41.7075555799	53.6852979384	48.7619845124
52.4339102814	60.7762492346	23.5816407609	48.3712133271	87.3684685627	32.2192914703	46.1879773957	33.7082755026	28.9655231591	40.1638477663
54.7316337645	51.5208996003	34.0875848163	49.4236295868	32.2192914703	87.3684685627	41.515866977	69.7314255291	63.7228960872	43.213237983
53.684182518	51.5889464841	18.6333358058	42.6249111992	46.1879773957	41.515866977	87.3684685627	58.7191227408	33.2952242501	45.6038095477
54.2536885524	46.1807117478	31.8636747397	41.7075555799	33.7082755026	69.7314255291	58.7191227408	87.3684685627	40.6736732572	40.1404220996
53.435802765	53.6375937444	26.0812056896	53.6852979384	28.9655231591	63.7228960872	33.2952242501	40.6736732572	87.3684685627	42.2834660082
54.4349962455	60.8192913958	41.9131868708	48.7619845124	40.1638477663	43.213237983	45.6038095477	40.1404220996	42.2834660082	87.3684685627
Genotype stats (X^T * X): 	24.3679889895
Gene expression - Genotype stats (Y^T * X): 
16.3809343961	11.3684842757	15.9148136898	6.7466527725	10.7177893511	5.01158784197	9.6924850851	3.43721505173	7.64720436964	14.1534412192