Tissue	braincortex
N_samples	95
Chr	1
Gene	ENSG00000240038.2
SNP	rs36151297
Gene_list	ENSG00000167549.14	ENSG00000147996.12	ENSG00000140400.10	ENSG00000177679.14	ENSG00000240038.2	ENSG00000135597.14	ENSG00000059588.5
Gene expression stats (Y^T * Y): 
87.3684685627	37.1157560254	54.7917489031	56.8839923571	58.6831193662	48.8813970822	55.5646087089
37.1157560254	87.3684685627	33.1940360512	49.8432713486	54.8392047313	46.7768696753	47.1789751031
54.7917489031	33.1940360512	87.3684685627	54.2129746142	52.9988921451	35.3548384359	46.1926798085
56.8839923571	49.8432713486	54.2129746142	87.3684685627	56.1536104318	47.0667473987	46.2154575063
58.6831193662	54.8392047313	52.9988921451	56.1536104318	87.3684685627	53.3462988898	53.1550459516
48.8813970822	46.7768696753	35.3548384359	47.0667473987	53.3462988898	87.3684685627	50.3257063679
55.5646087089	47.1789751031	46.1926798085	46.2154575063	53.1550459516	50.3257063679	87.3684685627
Genotype stats (X^T * X): 	27.1418589474
Gene expression - Genotype stats (Y^T * X): 
5.97421462243	5.57934022042	9.06037551999	6.00337209001	16.6422445714	9.61747594303	9.473070684