Tissue	braincortex
N_samples	95
Chr	12
Gene	ENSG00000139112.6
SNP	rs12371701
Gene_list	ENSG00000220205.4	ENSG00000132639.8	ENSG00000139112.6	ENSG00000131100.8	ENSG00000154277.8	ENSG00000160014.12	ENSG00000123416.11	ENSG00000104888.5	ENSG00000139970.12	ENSG00000133318.9	ENSG00000104435.9	ENSG00000145335.11
Gene expression stats (Y^T * Y): 
87.3684685627	55.7017365915	54.1654501202	36.8032293823	51.1637417104	75.5357900083	63.6921821038	70.2320990504	53.8581523234	52.4924562011	58.9965213301	39.5854994552
55.7017365915	87.3684685627	52.4782632331	48.8651246166	62.9266011356	69.2165620959	59.7625593828	65.2114545892	79.2588704507	73.1642722667	71.4303635012	45.1121467639
54.1654501202	52.4782632331	87.3684685627	53.1611436395	52.7079208816	52.8599540596	54.5445700938	53.7540228017	52.65929637	58.2805443333	58.2272787018	60.8422938688
36.8032293823	48.8651246166	53.1611436395	87.3684685627	59.4401848197	34.805701704	41.6930534712	38.5906098656	54.7966742261	59.7122587613	56.5302912331	38.1511844592
51.1637417104	62.9266011356	52.7079208816	59.4401848197	87.3684685627	60.6198260482	67.1825956943	65.9109842644	74.0349858612	70.2260195597	68.1957122589	44.7248669238
75.5357900083	69.2165620959	52.8599540596	34.805701704	60.6198260482	87.3684685627	71.1874592961	73.5870812723	67.3447327173	61.8299009039	62.5701488855	40.7755983839
63.6921821038	59.7625593828	54.5445700938	41.6930534712	67.1825956943	71.1874592961	87.3684685627	66.8552143591	63.8164534827	60.761420367	61.7599810305	45.9133117211
70.2320990504	65.2114545892	53.7540228017	38.5906098656	65.9109842644	73.5870812723	66.8552143591	87.3684685627	68.6828299252	60.9134410688	69.7449956963	42.850210899
53.8581523234	79.2588704507	52.65929637	54.7966742261	74.0349858612	67.3447327173	63.8164534827	68.6828299252	87.3684685627	78.3124924005	73.6778337968	43.9489629464
52.4924562011	73.1642722667	58.2805443333	59.7122587613	70.2260195597	61.8299009039	60.761420367	60.9134410688	78.3124924005	87.3684685627	71.8966739745	44.6569670657
58.9965213301	71.4303635012	58.2272787018	56.5302912331	68.1957122589	62.5701488855	61.7599810305	69.7449956963	73.6778337968	71.8966739745	87.3684685627	50.3387852709
39.5854994552	45.1121467639	60.8422938688	38.1511844592	44.7248669238	40.7755983839	45.9133117211	42.850210899	43.9489629464	44.6569670657	50.3387852709	87.3684685627
Genotype stats (X^T * X): 	31.2210526316
Gene expression - Genotype stats (Y^T * X): 
1.0124188505	-0.121219109742	18.2049861226	7.44520146248	1.7532755615	-0.0248392906549	2.9984379492	-3.11230937004	1.85941868424	12.3281775151	4.10255420192	2.92942817036