Tissue	braincortex
N_samples	95
Chr	2
Gene	ENSG00000071054.11
SNP	rs13013794
Gene_list	ENSG00000129250.7	ENSG00000180354.11	ENSG00000184007.13	ENSG00000078804.8	ENSG00000092529.18	ENSG00000064787.8	ENSG00000124920.9	ENSG00000135720.8	ENSG00000071054.11	ENSG00000198121.9	ENSG00000187164.13	ENSG00000149557.8	ENSG00000136717.10	ENSG00000126878.8	ENSG00000144283.17	ENSG00000117266.11
Gene expression stats (Y^T * Y): 
87.3684685627	70.7780589172	65.5834576102	71.2603569847	52.6250429805	67.8994376815	48.1036942238	52.309734758	70.596956711	64.875755311	59.330185544	52.5162983455	50.511817039	57.4844969534	62.2138836838	64.8275449298
70.7780589172	87.3684685627	70.1207161014	75.3154155469	59.6716941397	78.662953234	50.3991414057	44.1063510435	59.7855150736	63.6375072266	64.2136270125	52.7179538187	46.2233538287	48.8525153154	55.4059523453	58.0107490401
65.5834576102	70.1207161014	87.3684685627	66.731713384	58.4397575677	60.7484148004	54.9113853038	56.2685301131	69.1963403691	68.7046404443	71.9172522329	56.7575646617	50.8837856831	61.9980226538	69.578659578	55.6257506809
71.2603569847	75.3154155469	66.731713384	87.3684685627	69.9222637684	76.0257754872	62.499548016	41.7082774842	64.9080353711	69.8672213032	66.8585821776	58.1682321353	59.3780470176	59.1030104895	59.8645255673	61.722227382
52.6250429805	59.6716941397	58.4397575677	69.9222637684	87.3684685627	67.7274279268	76.9207130347	19.4495748116	55.45770997	52.5519507635	58.7448041091	69.4204117128	67.0217558832	45.3666126377	38.7500022601	68.6468920832
67.8994376815	78.662953234	60.7484148004	76.0257754872	67.7274279268	87.3684685627	52.3695670335	32.9368745906	54.1508962591	54.2950367441	53.7209586661	56.0622708015	51.8238603523	48.9176532242	43.4643459092	61.55207696
48.1036942238	50.3991414057	54.9113853038	62.499548016	76.9207130347	52.3695670335	87.3684685627	21.4989007046	56.4081482415	53.4706658825	62.1450374407	67.819990947	67.7015054412	42.7820883872	42.9090450758	68.752152161
52.309734758	44.1063510435	56.2685301131	41.7082774842	19.4495748116	32.9368745906	21.4989007046	87.3684685627	55.8514601915	59.3869774101	56.2866693952	30.8211949621	16.1643385049	52.7493012771	55.4437968864	24.2113616331
70.596956711	59.7855150736	69.1963403691	64.9080353711	55.45770997	54.1508962591	56.4081482415	55.8514601915	87.3684685627	69.2733694632	65.5498468303	56.2500965152	52.678911734	57.8949809993	63.4377435496	62.6850770098
64.875755311	63.6375072266	68.7046404443	69.8672213032	52.5519507635	54.2950367441	53.4706658825	59.3869774101	69.2733694632	87.3684685627	77.1581366551	52.2549047424	46.2978886834	59.5470600839	72.7092645644	46.4474012515
59.330185544	64.2136270125	71.9172522329	66.8585821776	58.7448041091	53.7209586661	62.1450374407	56.2866693952	65.5498468303	77.1581366551	87.3684685627	59.2065372498	52.7577283901	59.8955454067	69.9999241799	48.2043138252
52.5162983455	52.7179538187	56.7575646617	58.1682321353	69.4204117128	56.0622708015	67.819990947	30.8211949621	56.2500965152	52.2549047424	59.2065372498	87.3684685627	51.6800225123	51.5811500149	40.4484577061	61.5924435661
50.511817039	46.2233538287	50.8837856831	59.3780470176	67.0217558832	51.8238603523	67.7015054412	16.1643385049	52.678911734	46.2978886834	52.7577283901	51.6800225123	87.3684685627	37.1009592466	46.4915476515	65.197796628
57.4844969534	48.8525153154	61.9980226538	59.1030104895	45.3666126377	48.9176532242	42.7820883872	52.7493012771	57.8949809993	59.5470600839	59.8955454067	51.5811500149	37.1009592466	87.3684685627	61.4778574589	38.3362983897
62.2138836838	55.4059523453	69.578659578	59.8645255673	38.7500022601	43.4643459092	42.9090450758	55.4437968864	63.4377435496	72.7092645644	69.9999241799	40.4484577061	46.4915476515	61.4778574589	87.3684685627	40.26827703
64.8275449298	58.0107490401	55.6257506809	61.722227382	68.6468920832	61.55207696	68.752152161	24.2113616331	62.6850770098	46.4474012515	48.2043138252	61.5924435661	65.197796628	38.3362983897	40.26827703	87.3684685627
Genotype stats (X^T * X): 	47.9838996842
Gene expression - Genotype stats (Y^T * X): 
-22.8288397918	-24.1407698609	-22.5140125134	-24.9941683747	-19.2594874792	-23.1010974019	-16.0344666903	-16.3226047071	-25.0134362247	-17.0865902225	-20.0067773484	-9.26869442447	-18.9735506683	-15.4807347748	-13.4777516163	-21.5958696577