Tissue	braincortex
N_samples	95
Chr	6
Gene	ENSG00000135547.4
SNP	rs1977141
Gene_list	ENSG00000131471.2	ENSG00000124212.5	ENSG00000112837.12	ENSG00000198523.5	ENSG00000187955.7	ENSG00000135547.4	ENSG00000166106.2
Gene expression stats (Y^T * Y): 
87.3684685627	63.3046643593	72.8327517631	75.9417336605	76.3278374444	55.5402887672	68.0606784951
63.3046643593	87.3684685627	68.1365862867	68.5483634874	68.250210324	55.12888958	66.7830835608
72.8327517631	68.1365862867	87.3684685627	76.5047546414	72.7173166352	58.4857664039	68.3411327103
75.9417336605	68.5483634874	76.5047546414	87.3684685627	77.3022055439	56.2934658062	66.9451696533
76.3278374444	68.250210324	72.7173166352	77.3022055439	87.3684685627	54.4722396438	70.8408772247
55.5402887672	55.12888958	58.4857664039	56.2934658062	54.4722396438	87.3684685627	57.1985638908
68.0606784951	66.7830835608	68.3411327103	66.9451696533	70.8408772247	57.1985638908	87.3684685627
Genotype stats (X^T * X): 	51.5745078316
Gene expression - Genotype stats (Y^T * X): 
-10.5811628102	-10.1182547446	-7.15067990658	-8.10872242178	-8.42323025798	-29.3137076974	-9.41639194165