Tissue	braincortex
N_samples	95
Chr	2
Gene	ENSG00000163072.10
SNP	rs62176781
Gene_list	ENSG00000006831.9	ENSG00000132031.8	ENSG00000068001.9	ENSG00000164181.9	ENSG00000138772.8	ENSG00000163072.10
Gene expression stats (Y^T * Y): 
87.3684685627	45.4076132952	50.5122258467	47.4253525041	49.8398137459	57.8323080141
45.4076132952	87.3684685627	28.6444406308	64.0044319145	42.2884818242	52.7404210131
50.5122258467	28.6444406308	87.3684685627	32.8250040875	48.1642413379	53.0200811632
47.4253525041	64.0044319145	32.8250040875	87.3684685627	49.7405218118	56.9628123128
49.8398137459	42.2884818242	48.1642413379	49.7405218118	87.3684685627	52.9122147305
57.8323080141	52.7404210131	53.0200811632	56.9628123128	52.9122147305	87.3684685627
Genotype stats (X^T * X): 	8.95436858947
Gene expression - Genotype stats (Y^T * X): 
6.28522843742	6.23096360496	5.35443072983	5.31356416815	6.99292789501	11.1428817111