Tissue	braincortex
N_samples	95
Chr	6
Gene	ENSG00000196821.5
SNP	rs2814948
Gene_list	ENSG00000078369.13	ENSG00000067606.11	ENSG00000108262.11	ENSG00000141150.3	ENSG00000196821.5	ENSG00000101445.5	ENSG00000130758.3	ENSG00000117016.5	ENSG00000100403.10	ENSG00000108840.11	ENSG00000125744.7	ENSG00000108819.9	ENSG00000163930.5	ENSG00000163013.7	ENSG00000118816.5
Gene expression stats (Y^T * Y): 
87.3684685627	36.3451706998	44.7363367268	43.7280495712	53.8604220847	54.7696413296	47.154376695	53.5313387809	52.2798548432	48.7294144507	32.9124165409	56.1313116012	50.9787314988	57.0612120201	69.1490114012
36.3451706998	87.3684685627	39.3085907519	52.22454871	52.5831986986	58.7353542209	53.9869613507	48.2433884802	50.3614234469	48.7135684089	59.7078378185	40.9399272083	59.9342191544	55.5096818419	40.8161289061
44.7363367268	39.3085907519	87.3684685627	45.0694699948	52.7111916676	58.6593662802	62.0383631524	36.2178438135	50.6473669447	45.2771055843	53.0796744624	64.3654754782	54.9802269373	54.0603449097	37.3026940044
43.7280495712	52.22454871	45.0694699948	87.3684685627	55.640658841	57.9590059801	51.9860024657	52.5549434386	61.5179941733	44.2834087869	49.4632490365	47.1049770389	56.9435740454	57.0375293682	46.7263662979
53.8604220847	52.5831986986	52.7111916676	55.640658841	87.3684685627	58.7579155752	58.3629231002	53.9645736355	63.0462285189	57.9066751186	59.0323589951	53.4855828377	62.3858678565	54.4419248659	59.6866181179
54.7696413296	58.7353542209	58.6593662802	57.9590059801	58.7579155752	87.3684685627	62.6783095777	64.2716822331	65.3220544284	51.1448836312	58.63663724	53.5809790247	65.7227523322	72.4022457377	49.7513336558
47.154376695	53.9869613507	62.0383631524	51.9860024657	58.3629231002	62.6783095777	87.3684685627	43.4753243215	63.8059015236	58.8822600566	54.5038009496	65.4450966649	63.2056888307	62.2911528501	46.8849344852
53.5313387809	48.2433884802	36.2178438135	52.5549434386	53.9645736355	64.2716822331	43.4753243215	87.3684685627	53.5513226702	45.7466578018	40.1729506274	39.2712313468	48.795310678	57.6035343755	45.7118649969
52.2798548432	50.3614234469	50.6473669447	61.5179941733	63.0462285189	65.3220544284	63.8059015236	53.5513226702	87.3684685627	57.6916626447	47.3523442197	54.8015566102	52.0014075497	62.1068973445	51.3992351475
48.7294144507	48.7135684089	45.2771055843	44.2834087869	57.9066751186	51.1448836312	58.8822600566	45.7466578018	57.6916626447	87.3684685627	38.6827592002	47.6002175905	49.5232364537	54.6718604976	58.4043377928
32.9124165409	59.7078378185	53.0796744624	49.4632490365	59.0323589951	58.63663724	54.5038009496	40.1729506274	47.3523442197	38.6827592002	87.3684685627	37.6439106547	59.3151230293	52.6280999295	38.0923324787
56.1313116012	40.9399272083	64.3654754782	47.1049770389	53.4855828377	53.5809790247	65.4450966649	39.2712313468	54.8015566102	47.6002175905	37.6439106547	87.3684685627	58.4394820281	64.4886264734	45.4893953845
50.9787314988	59.9342191544	54.9802269373	56.9435740454	62.3858678565	65.7227523322	63.2056888307	48.795310678	52.0014075497	49.5232364537	59.3151230293	58.4394820281	87.3684685627	62.8559204195	52.0212600767
57.0612120201	55.5096818419	54.0603449097	57.0375293682	54.4419248659	72.4022457377	62.2911528501	57.6035343755	62.1068973445	54.6718604976	52.6280999295	64.4886264734	62.8559204195	87.3684685627	46.2170032208
69.1490114012	40.8161289061	37.3026940044	46.7263662979	59.6866181179	49.7513336558	46.8849344852	45.7118649969	51.3992351475	58.4043377928	38.0923324787	45.4893953845	52.0212600767	46.2170032208	87.3684685627
Genotype stats (X^T * X): 	31.8315789474
Gene expression - Genotype stats (Y^T * X): 
11.6725810847	13.0122914972	10.7555728076	2.7715260283	27.7151880281	8.07739199732	12.2844482096	9.76227558275	7.47940123385	14.4600507031	12.7854079807	14.7404680862	16.751845072	7.41729837364	15.3015266775