Tissue	braincortex
N_samples	95
Chr	7
Gene	ENSG00000130427.2
SNP	rs118083654
Gene_list	ENSG00000197540.3	ENSG00000013588.5	ENSG00000177150.8	ENSG00000188060.6	ENSG00000099985.3	ENSG00000107159.8	ENSG00000124731.8	ENSG00000197930.8	ENSG00000159399.5	ENSG00000114480.8	ENSG00000130427.2	ENSG00000136689.14	ENSG00000164691.12
Gene expression stats (Y^T * Y): 
87.3684685627	43.8094926505	48.6848792233	44.4298012013	32.400631199	48.2974413774	39.877279759	48.9455999931	48.1190832546	54.9132302213	52.6648297199	37.8579682865	34.555138577
43.8094926505	87.3684685627	57.9071557167	80.2078612352	54.0795175509	45.7671288802	72.5498804277	71.0906287142	70.4003862125	52.4268762903	57.6065465953	72.3276744505	69.6737133563
48.6848792233	57.9071557167	87.3684685627	60.9342609013	54.501807239	51.7304320401	55.8455509472	61.6742454857	64.6859284688	53.0688886572	57.5984309792	58.9248403045	55.2062174362
44.4298012013	80.2078612352	60.9342609013	87.3684685627	58.6126154594	52.3374255654	75.6226561394	69.4823020981	75.2431549883	52.8861542091	58.9863510251	78.9080949626	78.1095608751
32.400631199	54.0795175509	54.501807239	58.6126154594	87.3684685627	39.525977931	63.6132537514	64.1292801245	65.2235836778	40.6222887604	60.2690101181	51.2181478873	53.5392176198
48.2974413774	45.7671288802	51.7304320401	52.3374255654	39.525977931	87.3684685627	48.1167242305	50.5340427883	53.9931138775	46.128709956	54.7806284735	43.8372009841	45.0763868087
39.877279759	72.5498804277	55.8455509472	75.6226561394	63.6132537514	48.1167242305	87.3684685627	68.029916921	69.5402729346	47.7626935903	57.1626940703	68.1988133347	68.8525705816
48.9455999931	71.0906287142	61.6742454857	69.4823020981	64.1292801245	50.5340427883	68.029916921	87.3684685627	77.1019865685	52.3737876255	61.9204606003	62.012557657	60.3391245008
48.1190832546	70.4003862125	64.6859284688	75.2431549883	65.2235836778	53.9931138775	69.5402729346	77.1019865685	87.3684685627	54.7079132205	64.2407576854	66.5019527287	68.0626508426
54.9132302213	52.4268762903	53.0688886572	52.8861542091	40.6222887604	46.128709956	47.7626935903	52.3737876255	54.7079132205	87.3684685627	52.5427741007	49.3550210253	49.2984171382
52.6648297199	57.6065465953	57.5984309792	58.9863510251	60.2690101181	54.7806284735	57.1626940703	61.9204606003	64.2407576854	52.5427741007	87.3684685627	53.1202156316	55.1926292986
37.8579682865	72.3276744505	58.9248403045	78.9080949626	51.2181478873	43.8372009841	68.1988133347	62.012557657	66.5019527287	49.3550210253	53.1202156316	87.3684685627	73.6701261039
34.555138577	69.6737133563	55.2062174362	78.1095608751	53.5392176198	45.0763868087	68.8525705816	60.3391245008	68.0626508426	49.2984171382	55.1926292986	73.6701261039	87.3684685627
Genotype stats (X^T * X): 	20.1158612211
Gene expression - Genotype stats (Y^T * X): 
10.7514691633	7.40324452279	14.8441068913	12.1687780334	12.4138542345	10.9447133468	11.716289521	11.8745434755	14.0053150661	14.1029229303	15.8722740163	9.42826974458	12.8217156809