Tissue	braincortex
N_samples	95
Chr	1
Gene	ENSG00000082482.9
SNP	rs34063066
Gene_list	ENSG00000169676.4	ENSG00000060656.15	ENSG00000163873.5	ENSG00000112655.11	ENSG00000153266.8	ENSG00000180616.4	ENSG00000056291.13	ENSG00000129009.8	ENSG00000128573.18	ENSG00000172673.6	ENSG00000158258.11	ENSG00000171509.11	ENSG00000162745.6	ENSG00000184347.10	ENSG00000082482.9
Gene expression stats (Y^T * Y): 
87.3684685627	44.0400237333	55.8655014948	29.853154395	56.3998688284	58.3667586283	34.4603403292	35.6526360574	41.1794878435	44.653646224	54.3089028455	53.5809276089	45.8144282048	35.9140573634	52.9182904426
44.0400237333	87.3684685627	49.3242780899	41.516465212	55.1322218613	37.851948336	44.9635586321	49.1557691744	43.6106826677	49.4555798598	60.3268092751	50.5775869689	48.6261528955	40.6536013539	53.9619986274
55.8655014948	49.3242780899	87.3684685627	55.4224313948	63.1864670555	61.3581966915	50.2687749445	40.8493432463	55.4857068405	58.9272448038	62.1655797656	65.2554941873	63.1759877435	39.9440233746	54.7791599852
29.853154395	41.516465212	55.4224313948	87.3684685627	40.5571570619	47.2568766053	44.8076595228	40.8788057653	56.4040271096	39.3267662644	49.9869338389	52.4168854997	52.040206578	41.1139455014	54.2483596416
56.3998688284	55.1322218613	63.1864670555	40.5571570619	87.3684685627	54.5698767604	48.5594440862	43.8590736112	57.0820164913	61.4578867538	68.2849791522	72.5507008344	50.2742807663	29.5554726651	54.1793937319
58.3667586283	37.851948336	61.3581966915	47.2568766053	54.5698767604	87.3684685627	47.4090646672	52.4592528707	49.1438870121	54.8395860826	60.5264540321	64.6879906086	54.1417739318	50.4385032847	57.7160455064
34.4603403292	44.9635586321	50.2687749445	44.8076595228	48.5594440862	47.4090646672	87.3684685627	48.478566394	47.573643643	63.1411668321	57.6633065714	45.8016513058	52.77813313	49.4118322261	53.0888427632
35.6526360574	49.1557691744	40.8493432463	40.8788057653	43.8590736112	52.4592528707	48.478566394	87.3684685627	40.6376928546	46.7775656715	52.6276979276	43.9586811425	58.967371335	49.9693517175	58.773950938
41.1794878435	43.6106826677	55.4857068405	56.4040271096	57.0820164913	49.1438870121	47.573643643	40.6376928546	87.3684685627	59.3659039875	60.8334930573	59.7872250167	49.3674662818	32.2595030427	58.6489449943
44.653646224	49.4555798598	58.9272448038	39.3267662644	61.4578867538	54.8395860826	63.1411668321	46.7775656715	59.3659039875	87.3684685627	66.6965328546	58.0416689022	56.3191370599	39.5534760418	54.8254338704
54.3089028455	60.3268092751	62.1655797656	49.9869338389	68.2849791522	60.5264540321	57.6633065714	52.6276979276	60.8334930573	66.6965328546	87.3684685627	62.7245436907	58.8445502462	45.1797134495	65.5927541282
53.5809276089	50.5775869689	65.2554941873	52.4168854997	72.5507008344	64.6879906086	45.8016513058	43.9586811425	59.7872250167	58.0416689022	62.7245436907	87.3684685627	51.721824256	32.5782441775	54.1935395295
45.8144282048	48.6261528955	63.1759877435	52.040206578	50.2742807663	54.1417739318	52.77813313	58.967371335	49.3674662818	56.3191370599	58.8445502462	51.721824256	87.3684685627	56.5026294658	58.0066000448
35.9140573634	40.6536013539	39.9440233746	41.1139455014	29.5554726651	50.4385032847	49.4118322261	49.9693517175	32.2595030427	39.5534760418	45.1797134495	32.5782441775	56.5026294658	87.3684685627	54.8831361448
52.9182904426	53.9619986274	54.7791599852	54.2483596416	54.1793937319	57.7160455064	53.0888427632	58.773950938	58.6489449943	54.8254338704	65.5927541282	54.1935395295	58.0066000448	54.8831361448	87.3684685627
Genotype stats (X^T * X): 	12.9400033053
Gene expression - Genotype stats (Y^T * X): 
6.86722747453	7.18103088943	3.6826206521	9.30802604483	1.92772893518	6.96241655561	6.08233687264	5.97064767788	9.81917334053	6.15581046184	7.03676621433	4.62558596807	4.74208814134	8.88303308668	11.1277594933