Tissue	braincortex
N_samples	95
Chr	21
Gene	ENSG00000160307.5
SNP	rs13048006
Gene_list	ENSG00000169020.5	ENSG00000103260.4	ENSG00000177600.4	ENSG00000115268.5	ENSG00000110651.7	ENSG00000111674.4	ENSG00000166441.8	ENSG00000132639.8	ENSG00000163032.7	ENSG00000137154.8	ENSG00000167191.7	ENSG00000165795.16	ENSG00000168490.9	ENSG00000142676.8	ENSG00000198242.9	ENSG00000128245.10	ENSG00000175130.6	ENSG00000266964.1	ENSG00000108298.5	ENSG00000168314.13	ENSG00000173786.12	ENSG00000145592.9	ENSG00000154277.8	ENSG00000105372.2	ENSG00000130203.5	ENSG00000160014.12	ENSG00000160307.5	ENSG00000063177.8	ENSG00000087086.9	ENSG00000104888.5	ENSG00000142541.12	ENSG00000142534.2	ENSG00000213741.4	ENSG00000064787.8	ENSG00000167614.9	ENSG00000108107.8	ENSG00000108387.10	ENSG00000168309.12	ENSG00000139970.12	ENSG00000133318.9	ENSG00000137818.7	ENSG00000172809.8	ENSG00000021300.9	ENSG00000104435.9	ENSG00000167526.9	ENSG00000172005.6	ENSG00000156482.6	ENSG00000166925.4	ENSG00000163399.11	ENSG00000118181.6	ENSG00000154096.9	ENSG00000155368.12	ENSG00000166033.7	ENSG00000154146.8	ENSG00000136942.10	ENSG00000106976.14	ENSG00000112306.7	ENSG00000107317.7	ENSG00000160781.11	ENSG00000125462.12	ENSG00000128656.9	ENSG00000161203.9	ENSG00000189058.4	ENSG00000159176.9
Gene expression stats (Y^T * Y): 
87.3684685627	50.740295165	63.8904656942	51.204530293	21.9861761791	-28.3424532791	44.2730502474	-30.6079944613	-35.9741598772	38.751223327	26.2422599322	32.4799160328	-31.9260871232	44.9630206863	45.9064797974	-37.3515205055	47.3526046822	30.7124444799	52.6080997441	37.6359704964	35.061207976	55.7518237001	-27.3536568096	50.6761589792	37.7009113624	-17.7121990266	53.1192948036	34.1127300181	26.8580395536	-24.4202374977	49.4476715363	40.4012054442	35.6282128614	42.1967118785	39.0348608649	49.4808810452	43.4428357951	18.2106298127	-39.8125499879	-40.0023470568	54.0554085097	52.3501205752	50.5846227953	-32.790455518	44.2720813181	42.39771426	40.1372577996	44.5193191416	-27.9420128813	32.4274596359	-20.2193361395	30.6033165728	24.1339589066	-17.094165479	46.6332904734	-26.9052821301	40.6458243138	32.6307386998	56.0006077127	41.5262661693	-40.4049345342	-25.4057206561	32.7249192108	29.3471693172
50.740295165	87.3684685627	51.4613195535	50.9760031684	36.8138285414	-50.553143219	38.9295211913	-36.4696522211	-37.6055012688	32.2661059069	27.8840422355	58.8058839085	-43.0816938327	31.5936190984	45.1227845262	-43.9530743381	47.9773512055	62.000247226	35.4649180737	16.1837742657	21.2814380797	45.319583117	-49.6633645156	44.1162211056	63.2403417093	-26.7358350182	54.3295315212	37.425664275	22.6061883264	-32.6533253154	43.4983286024	35.7438978672	34.5015878161	16.4823549984	66.3391822311	44.3372154857	22.0448222706	34.8531632706	-51.7943791697	-50.1065912549	53.0766725357	46.6503201674	49.0527564462	-49.6737239849	49.1093691406	21.7349204202	30.1638460463	63.7924886319	-44.0441620466	32.6781551616	-38.9967724114	37.9928014434	52.7247100343	-26.7638498262	47.1546633425	-41.830737051	27.6311113312	32.5718328039	44.4121497014	72.5571931105	-42.5508552176	-45.8681328153	21.6972036009	42.2899005542
63.8904656942	51.4613195535	87.3684685627	74.5756102197	49.865624121	-45.2047535292	65.3203929436	-51.589036345	-52.7283321052	64.4745936653	31.9241429004	46.5670680906	-30.6151085544	66.4048372804	72.9023199376	-52.8344158034	38.0190104436	52.6079009228	72.2880466033	28.0999807758	21.8266338813	77.4304615897	-51.7743344995	77.4765238949	43.9812261919	-41.1273217033	58.3212273353	62.0791717621	54.4828045204	-49.5676966761	75.9864731568	69.1764258117	61.1040956821	39.9551941245	44.1694946626	70.2738056986	37.6210484027	52.1535814072	-59.2689925465	-58.4426267228	79.4921406066	77.5682845955	57.8429134852	-55.2189327129	68.5460376893	31.3791665082	64.2059647284	51.929126985	-45.5755781894	55.972251078	-49.6026918534	54.6761520879	27.3109663333	-36.8807431614	67.1423344969	-47.0140428088	60.8175120771	43.1679991655	47.9472971362	42.1913210879	-55.135531636	-52.1979179293	40.74001334	45.2871017255
51.204530293	50.9760031684	74.5756102197	87.3684685627	47.599975049	-49.8938808124	68.0132327634	-54.1000941546	-54.1466450998	65.5989160039	30.9838237582	47.602887195	-25.7776153732	67.2894954368	69.5795598495	-56.8227431551	33.6550540304	51.0880964405	71.7301067479	31.611295888	22.4312300372	71.0800436395	-49.5271910006	79.4919221207	44.657934318	-47.2422409166	53.0547936247	75.7539255802	62.1117861529	-49.3196272078	75.5562330658	72.585422821	68.948431364	43.9469355037	44.0869854042	78.1114030919	41.7864248305	54.0780431264	-58.7236324497	-61.6313242054	79.7312366023	76.3932685713	53.0804448255	-56.2847729427	79.8817020769	32.2420321448	64.030383628	52.7529248226	-51.2273962045	58.103681294	-52.9771287527	48.7599266015	26.7297007358	-34.6054649971	76.8312728485	-46.8726208626	63.9043202473	44.6534298266	48.7008741527	42.0092707001	-55.8389497581	-52.4622838737	35.3559774116	42.2085311217
21.9861761791	36.8138285414	49.865624121	47.599975049	87.3684685627	-53.9589308901	45.2382071597	-64.0198620358	-62.2332403238	53.1087701121	45.7284841973	63.5543254448	-32.224286259	47.155484838	55.783416576	-60.9582254749	34.2364281655	64.5851791115	52.2660501888	19.5553349045	22.3319226965	51.3465611645	-60.2463814126	58.6419589935	53.0439985256	-57.6228290055	58.2891332389	54.9805669481	56.937212066	-59.6335851473	61.866483537	53.457707684	42.6668117583	24.221698935	56.0753062022	52.7907227747	26.546310269	67.0503284389	-63.2346657525	-60.6702229252	57.3168826307	48.7389046364	51.7449281049	-65.1986186486	44.7815726508	27.8090376775	50.4231429259	55.81232086	-34.3137221269	42.0648627016	-62.1168413071	61.9314831447	51.7446975615	-48.3500433	43.6360466272	-48.6481426823	43.3256140744	51.1261377044	34.8656050096	41.8164174656	-59.4417362424	-57.1271688799	41.5040928921	62.1770119438
-28.3424532791	-50.553143219	-45.2047535292	-49.8938808124	-53.9589308901	87.3684685627	-57.5046898835	62.5292185504	55.6571601115	-55.0986252952	-48.7322556281	-63.8346863679	61.4599752783	-48.3108068689	-57.3386725353	60.6307069835	-37.544324516	-57.9113938482	-49.8181937446	-26.5224761749	-22.3903732018	-49.9884941374	69.4100696268	-52.3667861912	-45.4855230604	60.4924370949	-55.7268159983	-57.2814523347	-43.349451073	56.0176133234	-48.8869278102	-54.4726968298	-51.83221663	-24.0072412921	-56.9907757906	-46.5898875264	-22.6796895039	-61.6373960128	68.6055655534	60.0137303517	-55.9770754097	-51.7350789473	-53.8961033808	61.696060814	-45.7608778551	-24.1538624781	-55.5607488421	-61.3267458706	67.0575101975	-54.7901676581	62.8187337682	-53.2003372741	-57.7337837031	61.7316403263	-58.1057133793	74.0068247557	-45.6663479069	-31.1354649365	-37.8422568273	-55.1249635958	47.3986588017	61.8568215811	-41.0557776524	-63.811112766
44.2730502474	38.9295211913	65.3203929436	68.0132327634	45.2382071597	-57.5046898835	87.3684685627	-50.5143514707	-49.3636453785	78.0619751446	42.1916604708	50.941866558	-44.0110748733	77.9910848501	73.6587269358	-54.0377234394	35.4995139557	44.137439224	77.2958807408	38.000471925	25.0317579985	69.2764307483	-55.2529338891	72.594403453	32.6781994851	-54.2884724569	57.7345727631	73.9035568878	61.7842193424	-52.20230256	71.8693279262	76.4705879884	76.7005065795	45.8765992507	41.8242831898	70.6568755904	41.8613796968	57.5761072665	-55.5195370926	-54.408556162	71.4395867243	72.8758109582	55.1429041454	-48.1253523178	69.2859318387	35.2995049395	79.7635960099	51.478078402	-64.2449382242	75.3766640571	-65.3817830149	57.9153179219	34.4431181394	-55.5034829211	78.7311100273	-64.3709012419	74.8383327343	40.1586628244	47.2592818732	42.1856378287	-50.9526908501	-59.305677245	44.4610885988	50.9739245732
-30.6079944613	-36.4696522211	-51.589036345	-54.1000941546	-64.0198620358	62.5292185504	-50.5143514707	87.3684685627	81.9425525812	-55.6138751627	-52.1473489267	-59.971109233	32.5882918359	-56.0584849473	-57.526363472	72.4947642655	-33.9019986105	-52.4032269986	-56.9781360923	-34.8937061601	-35.8893298312	-54.7555821313	62.9266011356	-62.1768831278	-39.0050627439	69.2165620959	-57.8959578195	-58.8790083491	-56.8124191722	65.2114545892	-61.7266716616	-59.5372893497	-48.0524757991	-39.9070976128	-50.8000177971	-54.5636306709	-41.2213050112	-66.1246301499	79.2588704507	73.1642722667	-58.186313359	-54.3716081488	-62.4141305392	71.4303635012	-49.4759350753	-37.3892544723	-54.285124447	-56.3326234354	49.9869971267	-42.6628632737	61.463168624	-49.6361138165	-39.3459570114	51.7829456778	-51.0016842416	57.328474353	-48.9007700146	-48.147363097	-45.6494764814	-33.8124590604	73.7134053658	51.9473764959	-45.3865431802	-65.7786764904
-35.9741598772	-37.6055012688	-52.7283321052	-54.1466450998	-62.2332403238	55.6571601115	-49.3636453785	81.9425525812	87.3684685627	-52.6168331572	-49.7154385219	-60.0215512128	35.5264594279	-56.0581347413	-54.9039080431	75.1352901404	-40.7794649076	-46.2297153236	-56.7803197371	-43.7650114752	-44.3394163676	-53.9787525813	61.8760021897	-62.4662971133	-41.8308909907	64.3961769774	-60.2759453694	-55.2918242072	-53.0511333396	59.4880260656	-60.4902598245	-53.9994892785	-45.0543308373	-49.72168147	-52.4479253344	-55.1393418638	-51.27301439	-57.9321456452	78.2918171086	75.8305085072	-58.330448402	-50.86265161	-63.7048451513	66.3103539608	-50.4805959776	-45.7431634775	-50.3215730934	-60.3491039965	49.0316822401	-36.0409788217	55.6532730756	-46.3313608205	-39.9988517344	48.0756357014	-47.7494060519	51.4303506484	-51.9874129532	-51.7074206009	-54.8572764752	-35.1360088832	80.5264254546	48.536625272	-46.0712597167	-63.3183728353
38.751223327	32.2661059069	64.4745936653	65.5989160039	53.1087701121	-55.0986252952	78.0619751446	-55.6138751627	-52.6168331572	87.3684685627	47.2404537597	51.8089633949	-41.8342188944	80.7691356196	78.0454559753	-56.3616006211	33.9051820916	45.679258128	80.511404752	43.2821671061	28.3836807569	72.9201612322	-53.6408428711	74.1681702202	28.2774853511	-61.5137200991	60.3357602594	75.2040787494	68.239655691	-54.3595586101	74.6071999547	79.1662248423	76.5072315391	52.34184798	36.2518598063	71.0539966311	47.2043014841	65.1159524992	-56.230861613	-52.5801009422	69.7377041041	74.6752979204	60.691574309	-49.6958033157	67.7115336076	38.3787801537	84.0098873082	49.4333790329	-59.9445140812	76.7353751339	-66.0917744769	57.6787735657	32.7112508534	-60.8303232012	74.572641836	-62.1523409005	78.131366629	41.8341636799	48.5842776392	32.8646245325	-51.039309918	-57.8390707603	49.7048998538	53.0982022587
26.2422599322	27.8840422355	31.9241429004	30.9838237582	45.7284841973	-48.7322556281	42.1916604708	-52.1473489267	-49.7154385219	47.2404537597	87.3684685627	53.035468155	-49.1057319992	47.720598591	46.68002505	-53.2410078127	54.3614655809	33.4815848292	45.5428653791	49.2617476839	60.3263028176	42.3409992122	-47.7006440363	36.7415778582	26.8029293325	-58.7345709479	63.163109398	37.6052879854	45.7343689564	-54.4686113564	40.0839559335	44.1590440516	45.1973656843	48.8580877137	38.8653686341	35.8226188602	53.1445688882	49.8525922543	-56.5938659519	-36.5106267243	37.1725653499	37.5155817262	69.3305802395	-47.1972096608	30.6428609128	58.4546856789	52.2232985705	55.0443077657	-49.7353529974	39.015095906	-55.1191795128	48.3943834463	45.2123972462	-56.0650036443	35.9145388698	-55.1238397823	50.5003459074	46.7628472726	50.1857576887	30.5535097859	-49.9533129109	-47.5150687605	63.6066871731	71.0224298618
32.4799160328	58.8058839085	46.5670680906	47.602887195	63.5543254448	-63.8346863679	50.941866558	-59.971109233	-60.0215512128	51.8089633949	53.035468155	87.3684685627	-51.9223152793	48.1021956062	59.1490922304	-66.3556981199	54.1235434766	65.5313379096	46.5736295835	37.4354954106	38.7426644093	50.4619010547	-67.0342598536	52.6131782688	63.249476709	-54.4589150517	71.7380616964	52.777154867	51.5665165668	-56.0384549463	54.5007527386	48.8961779365	47.7257082584	35.6658995831	74.813722595	53.7748588993	42.7816917497	64.7501672531	-68.2536695026	-59.248457631	52.8213264331	49.3261123096	64.2721687622	-58.0878782255	47.8535364847	43.3358666785	51.6345942307	69.4539918795	-54.0395094567	45.5960719226	-64.0083176043	49.4488615826	67.7594203917	-54.0454594889	49.1763474065	-58.1044613663	48.4334702312	48.7965451626	52.6154528034	67.5696158361	-60.1031571222	-58.6394952415	45.8502036474	64.9683105782
-31.9260871232	-43.0816938327	-30.6151085544	-25.7776153732	-32.224286259	61.4599752783	-44.0110748733	32.5882918359	35.5264594279	-41.8342188944	-49.1057319992	-51.9223152793	87.3684685627	-34.4910734201	-42.3404805885	51.564154621	-52.3003500653	-35.4681270052	-36.6999782006	-37.5633434544	-35.2293738088	-35.0164954168	56.6336837766	-31.6101784338	-46.7283503037	52.803916689	-54.1133566627	-31.6793326595	-22.2208375717	46.6918811536	-25.0956003975	-30.6863673459	-34.7401582314	-35.1772935843	-49.1396782686	-25.7676854058	-35.4923295707	-39.2401768662	47.6162034148	38.6715097526	-37.9659224329	-34.7737776008	-51.7193277861	38.0431283319	-25.6740050425	-35.8094869781	-42.0864087019	-58.6401740928	53.7311273559	-43.542421905	53.0204558073	-47.0807768679	-62.795794442	62.3838803518	-38.65875009	59.1123117893	-39.9238679287	-27.3186971438	-44.9555422209	-49.935703998	36.6138955105	50.7809295679	-45.1899437388	-55.7641838126
44.9630206863	31.5936190984	66.4048372804	67.2894954368	47.155484838	-48.3108068689	77.9910848501	-56.0584849473	-56.0581347413	80.7691356196	47.720598591	48.1021956062	-34.4910734201	87.3684685627	75.0728969604	-54.8920317476	38.009821336	38.188729358	82.217828392	47.0122229846	35.8685200925	73.7213922869	-49.0157793917	75.1144881812	23.1272623332	-52.4549927756	59.9839514695	73.2629669758	65.3729678364	-48.217947587	76.1984289574	79.0881498887	77.8313380398	57.231463339	33.9557185228	73.3336196004	52.9033385685	57.2676431667	-56.9728428022	-51.427507758	69.2306349921	74.5335845318	61.8408377745	-44.9315096548	70.5844875661	44.0834516926	80.6157647213	48.1555243667	-57.1657696273	68.4461610994	-58.7648744104	52.4173482217	25.6574033863	-52.4952580861	73.5923970412	-58.2861706971	80.8753048502	41.0927174034	53.7913976351	30.8693650642	-55.8680992999	-50.9726034879	49.5969606245	53.8042455684
45.9064797974	45.1227845262	72.9023199376	69.5795598495	55.783416576	-57.3386725353	73.6587269358	-57.526363472	-54.9039080431	78.0454559753	46.68002505	59.1490922304	-42.3404805885	75.0728969604	87.3684685627	-56.2545499105	37.9808322298	56.8312869871	76.4566320844	34.6177456314	23.8215642266	77.9551521376	-58.6921344221	76.0246969022	42.3291338084	-56.5251643771	65.2705231105	71.8015809299	63.2696120421	-55.9690849452	77.4397771323	78.1755633911	72.8649420713	43.3013362575	49.2398504307	71.8230196628	40.5404094937	69.3011046521	-63.357174148	-57.0054800852	75.6516289072	77.3179570892	62.119478301	-57.8564618847	69.0845160927	33.4669287371	77.1727041328	53.1505035609	-62.2876377436	73.8613318943	-66.7126940686	60.3644622957	41.0755171643	-59.903186369	72.6094751426	-62.3484127127	72.1308857114	38.7933499908	45.8436753466	49.9402049323	-56.2022157405	-59.5505862669	45.2471814919	55.2623401172
-37.3515205055	-43.9530743381	-52.8344158034	-56.8227431551	-60.9582254749	60.6307069835	-54.0377234394	72.4947642655	75.1352901404	-56.3616006211	-53.2410078127	-66.3556981199	51.564154621	-54.8920317476	-56.2545499105	87.3684685627	-46.9020118296	-49.7645157036	-57.656772459	-48.4845483044	-48.0757499868	-54.7694467013	69.4529625104	-61.4203769775	-48.1942526025	71.0538955029	-65.191297523	-59.6467239354	-51.7872271717	66.7578219707	-58.6066134759	-54.6319854745	-49.2162692217	-50.954665968	-59.4242474906	-56.2989524406	-57.2603090553	-61.749317224	77.0610723802	74.8928163113	-59.7871371111	-53.5806750077	-65.5357887553	67.6761898611	-50.8853876806	-48.649936609	-54.839777214	-69.2482087297	51.6799510645	-46.8640446374	64.5098300872	-47.0959130234	-51.445272314	57.7376153305	-53.1581819107	56.780166006	-53.8720799907	-55.941031859	-60.1232178646	-39.443706599	74.4985655542	57.4646375215	-54.1972860898	-66.5996559132
47.3526046822	47.9773512055	38.0190104436	33.6550540304	34.2364281655	-37.544324516	35.4995139557	-33.9019986105	-40.7794649076	33.9051820916	54.3614655809	54.1235434766	-52.3003500653	38.009821336	37.9808322298	-46.9020118296	87.3684685627	30.5830095806	37.9339551337	57.7290662319	63.2233520369	35.663689954	-38.4867654163	35.4849623807	47.3363555374	-33.0027887145	67.4160819379	31.6672097591	37.3428305414	-30.8311025488	33.5511503624	27.2994868288	35.0410679812	53.8394179333	58.5387780664	39.3331471483	59.0662384858	27.9985169201	-43.4269967031	-31.8389783685	37.4928970519	34.3090750091	65.8062779918	-34.5701873858	32.2598296654	64.9137910143	37.1260996505	69.4055101272	-40.3044767916	27.8145251828	-34.9656746292	38.5043787456	57.7051870158	-34.6958789319	34.5269335682	-36.0668895026	45.0556842168	48.7150982296	68.7310713217	51.8109370656	-44.5474437193	-34.3633972309	49.7573490869	52.6170908843
30.7124444799	62.000247226	52.6079009228	51.0880964405	64.5851791115	-57.9113938482	44.137439224	-52.4032269986	-46.2297153236	45.679258128	33.4815848292	65.5313379096	-35.4681270052	38.188729358	56.8312869871	-49.7645157036	30.5830095806	87.3684685627	41.9389661759	3.39851740329	4.92682703592	53.2593921545	-60.0469468599	54.3567902794	63.4281023617	-45.5975887236	53.3587858518	52.2013646937	42.0406443251	-50.5314474316	56.4104273379	50.961941751	42.4175731723	6.42229802492	62.877790582	47.2781914304	11.1071558968	62.9555627891	-59.4122671835	-58.3193635119	58.0090894487	54.9894715921	46.9451569092	-61.0253027966	44.137311053	7.91307683167	42.9688649826	55.5289949427	-44.4200110517	43.3637817486	-56.3900970279	56.5122100395	53.3366294552	-44.7640538297	48.3650555916	-49.6339593408	31.537078654	32.2842646386	27.1133464432	65.18298028	-44.4277551779	-61.1394552934	23.381618363	50.7230246416
52.6080997441	35.4649180737	72.2880466033	71.7301067479	52.2660501888	-49.8181937446	77.2958807408	-56.9781360923	-56.7803197371	80.511404752	45.5428653791	46.5736295835	-36.6999782006	82.217828392	76.4566320844	-57.656772459	37.9339551337	41.9389661759	87.3684685627	45.4252467528	35.3522304835	76.6423640619	-49.6527669602	78.0840044205	31.2557611635	-57.104673136	62.1692496475	74.8037710668	64.7881781842	-53.8240805231	77.8436180479	80.6210877528	75.415066422	57.375186521	36.8155510763	76.8139009052	52.7122936428	58.1676591707	-58.0819282876	-56.1574472267	74.9738591745	76.6604579623	62.7011685399	-51.854098986	72.6871048405	43.476143819	79.5430429199	51.1913770264	-53.260287041	71.66082459	-61.7347232688	58.3512064015	28.8708396678	-50.7233489223	76.6740407405	-56.6485507431	77.9730790795	44.9112406601	55.3743770156	32.8999052578	-58.5263858261	-51.0301680776	50.7838269836	52.4432018036
37.6359704964	16.1837742657	28.0999807758	31.611295888	19.5553349045	-26.5224761749	38.000471925	-34.8937061601	-43.7650114752	43.2821671061	49.2617476839	37.4354954106	-37.5633434544	47.0122229846	34.6177456314	-48.4845483044	57.7290662319	3.39851740329	45.4252467528	87.3684685627	71.9816459372	33.687277773	-26.2748179522	34.9017639726	13.266470445	-37.3570322485	53.5636733578	33.7029680668	36.0888893247	-19.9892567431	30.6602414104	31.0949188248	39.5089479399	81.2390387033	30.4446588205	40.9178556871	80.1992320973	23.2860106687	-35.8959750513	-29.0296740314	29.0931524831	29.8904793865	61.205735663	-19.4537444622	35.1266007074	73.6491142174	45.8038880607	48.879622538	-41.5987171245	33.8080977633	-26.0538965678	15.1907416809	29.8932444523	-32.8763297035	34.5534023276	-28.6577850417	58.0791031479	40.3943128374	76.9259434683	17.3459993576	-44.1472178186	-16.6558275702	52.1799132841	39.8108853513
35.061207976	21.2814380797	21.8266338813	22.4312300372	22.3319226965	-22.3903732018	25.0317579985	-35.8893298312	-44.3394163676	28.3836807569	60.3263028176	38.7426644093	-35.2293738088	35.8685200925	23.8215642266	-48.0757499868	63.2233520369	4.92682703592	35.3522304835	71.9816459372	87.3684685627	26.4028928557	-24.1806751404	23.1944587511	14.9386655263	-35.6694274063	55.323583835	23.3433839339	29.5123000976	-24.5629590021	23.7254676072	21.4847217756	30.8583779314	67.1086982293	33.0756727869	32.7253384395	73.8110229776	21.6813773296	-38.3835693778	-26.5459300109	19.7338802806	21.6346755267	59.2844967401	-21.7542691386	24.7210011322	80.5774377846	31.9783202721	50.59624304	-28.7285625013	18.6592704748	-26.3877177813	14.6537313765	31.2532203288	-29.1581456569	22.2653083011	-22.1602514123	43.0016067737	45.3607461882	67.1646758378	20.0264844998	-45.670070511	-13.8719956711	63.4878745186	47.9554944295
55.7518237001	45.319583117	77.4304615897	71.0800436395	51.3465611645	-49.9884941374	69.2764307483	-54.7555821313	-53.9787525813	72.9201612322	42.3409992122	50.4619010547	-35.0164954168	73.7213922869	77.9551521376	-54.7694467013	35.663689954	53.2593921545	76.6423640619	33.687277773	26.4028928557	87.3684685627	-53.3931957882	78.1744996556	38.2550849955	-46.6298492585	59.3682395435	66.3444434778	57.896711532	-50.2062859481	78.3562221186	75.0777858251	68.6742184082	45.2644354196	41.1235390678	70.074244978	41.9487898026	59.228708175	-61.7528713523	-60.0789800106	75.4953340723	81.6415700474	61.9771537092	-54.8166235183	64.9022014648	36.7995856673	72.6613511924	49.1827663279	-51.4957516942	62.1298994258	-57.545575658	58.9197724499	27.7876001557	-47.7729052128	68.9213930219	-54.1664656181	68.7920497391	40.2592292158	48.7669312572	41.9079854898	-55.4083175694	-56.6121559439	43.0260158402	52.8981467698
-27.3536568096	-49.6633645156	-51.7743344995	-49.5271910006	-60.2463814126	69.4100696268	-55.2529338891	62.9266011356	61.8760021897	-53.6408428711	-47.7006440363	-67.0342598536	56.6336837766	-49.0157793917	-58.6921344221	69.4529625104	-38.4867654163	-60.0469468599	-49.6527669602	-26.2748179522	-24.1806751404	-53.3931957882	87.3684685627	-58.1194603498	-51.9614097869	60.6198260482	-60.0373810325	-52.7813114316	-42.7874924724	65.9109842644	-57.7411152404	-53.4710727518	-47.0405635451	-28.4552913712	-57.1394625751	-49.3299161214	-31.509902502	-63.8214968754	74.0349858612	70.2260195597	-61.2927340889	-55.1726303545	-56.665552675	68.1957122589	-45.4890654889	-25.1916102462	-54.3075344594	-63.3338507293	60.2578311133	-49.7525332239	66.6550199257	-60.0786077197	-53.3742236149	61.8558803244	-49.4870334124	70.4841914825	-46.1475390622	-38.5635758795	-42.3834259113	-50.3999070727	61.2183343078	69.2226671716	-37.0019015942	-61.6087820861
50.6761589792	44.1162211056	77.4765238949	79.4919221207	58.6419589935	-52.3667861912	72.594403453	-62.1768831278	-62.4662971133	74.1681702202	36.7415778582	52.6131782688	-31.6101784338	75.1144881812	76.0246969022	-61.4203769775	35.4849623807	54.3567902794	78.0840044205	34.9017639726	23.1944587511	78.1744996556	-58.1194603498	87.3684685627	42.4286580715	-52.1595980098	58.6644717107	74.6606140787	67.176188991	-54.5015820732	81.3154296659	78.1402414324	71.3817608821	47.4620511138	44.1607152326	76.3845137129	44.2117874923	60.6440562676	-64.8572732231	-67.5034583966	81.0857915951	80.6513113513	60.3120802959	-60.6782338973	75.9712848481	33.6700891005	71.7643330765	53.9633583451	-53.8901855298	62.0397416616	-59.0654129252	58.8749990766	30.2785578212	-44.9986985138	75.7017540257	-54.4026105187	71.3793056669	46.7191358145	51.0701416285	40.1948313329	-63.1217437447	-55.645223027	38.6953344744	49.3378282548
37.7009113624	63.2403417093	43.9812261919	44.657934318	53.0439985256	-45.4855230604	32.6781994851	-39.0050627439	-41.8308909907	28.2774853511	26.8029293325	63.249476709	-46.7283503037	23.1272623332	42.3291338084	-48.1942526025	47.3363555374	63.4281023617	31.2557611635	13.266470445	14.9386655263	38.2550849955	-51.9614097869	42.4286580715	87.3684685627	-36.9925307464	53.090828687	39.6498257272	30.9841272436	-47.0691814478	40.4572958712	29.6752350573	24.0750324943	16.7597377262	72.8320999763	42.7886328966	20.6730842134	47.1002557214	-49.3549542755	-50.7269836911	50.76106626	40.4654168801	42.1477485251	-54.5188720856	40.4178815541	20.2547134312	26.1406198463	57.4498229093	-36.1794935649	26.8546799864	-48.4016563975	49.0970588228	64.6920694578	-28.3562377229	38.4602174533	-35.6498246367	24.1773404443	39.9313069735	40.6805452696	69.037720732	-44.196352037	-51.1076679588	18.956243731	44.5567906918
-17.7121990266	-26.7358350182	-41.1273217033	-47.2422409166	-57.6228290055	60.4924370949	-54.2884724569	69.2165620959	64.3961769774	-61.5137200991	-58.7345709479	-54.4589150517	52.803916689	-52.4549927756	-56.5251643771	71.0538955029	-33.0027887145	-45.5975887236	-57.104673136	-37.3570322485	-35.6694274063	-46.6298492585	60.6198260482	-52.1595980098	-36.9925307464	87.3684685627	-57.7077067224	-58.284197759	-54.1887413215	73.5870812723	-50.6420584425	-56.3875588797	-50.3091370372	-43.2066405843	-43.1604314657	-47.329742424	-44.6814157158	-68.1919402257	67.3447327173	61.8299009039	-51.4699279298	-48.7039469674	-60.4588371756	62.5701488855	-43.3906611056	-34.1267113679	-58.9776032347	-56.1022319376	50.8541251708	-56.1247862401	75.1947348903	-54.0678331129	-47.0187873565	68.7904651285	-51.3976958063	58.7213197526	-50.9090194996	-45.4271803744	-41.3846231365	-28.6442092792	62.125564889	58.6144761302	-51.687805167	-65.6199711534
53.1192948036	54.3295315212	58.3212273353	53.0547936247	58.2891332389	-55.7268159983	57.7345727631	-57.8959578195	-60.2759453694	60.3357602594	63.163109398	71.7380616964	-54.1133566627	59.9839514695	65.2705231105	-65.191297523	67.4160819379	53.3587858518	62.1692496475	53.5636733578	55.323583835	59.3682395435	-60.0373810325	58.6644717107	53.090828687	-57.7077067224	87.3684685627	54.0345832394	55.9933088754	-56.0977293127	60.8141624665	54.5668323309	53.9113975854	52.9071976707	63.9709492876	60.7673697118	60.1339484663	60.8465511292	-65.7161158063	-54.1228442745	58.716919616	56.819320555	76.6195339936	-54.2345268681	52.4721346403	57.5501475106	62.057591947	74.1059493902	-53.5174893491	53.8245208367	-61.5976267057	53.5906378998	57.6478189916	-58.341404758	54.4323780226	-56.6159541879	58.8793854067	53.1875446348	67.116932639	57.4466732781	-64.2062071739	-56.3242800786	57.0204266705	65.8145114066
34.1127300181	37.425664275	62.0791717621	75.7539255802	54.9805669481	-57.2814523347	73.9035568878	-58.8790083491	-55.2918242072	75.2040787494	37.6052879854	52.777154867	-31.6793326595	73.2629669758	71.8015809299	-59.6467239354	31.6672097591	52.2013646937	74.8037710668	33.7029680668	23.3433839339	66.3444434778	-52.7813114316	74.6606140787	39.6498257272	-58.284197759	54.0345832394	87.3684685627	69.5596834325	-53.4241066204	74.4291270496	78.5821792971	76.2442810584	43.340835823	43.9469531569	76.3266752461	41.1254528677	66.2679335588	-57.8163275748	-59.4128067266	72.5955804836	73.0173666375	50.4664979457	-55.3271776826	73.6553954526	32.1389101703	73.390478204	48.9756814868	-56.4610895196	69.141814592	-63.3274840821	53.4883529666	35.4951242436	-49.7006164789	78.4945725597	-55.2642227765	68.6432113905	43.0623891723	43.4331380759	40.3184933646	-52.1423368236	-54.2004327899	41.407547255	49.1670394857
26.8580395536	22.6061883264	54.4828045204	62.1117861529	56.937212066	-43.349451073	61.7842193424	-56.8124191722	-53.0511333396	68.239655691	45.7343689564	51.5665165668	-22.2208375717	65.3729678364	63.2696120421	-51.7872271717	37.3428305414	42.0406443251	64.7881781842	36.0888893247	29.5123000976	57.896711532	-42.7874924724	67.176188991	30.9841272436	-54.1887413215	55.9933088754	69.5596834325	87.3684685627	-54.07478097	67.0294130638	69.6207562154	66.1516929978	45.5434102927	36.7630426523	66.4770234712	44.6829177335	61.2913067597	-50.6055659128	-46.4532333146	60.7104228457	62.7403142204	56.3382327708	-50.2583982809	61.5942121057	40.4401334978	67.5683737699	46.3029246693	-47.0625929144	55.1318684189	-56.753301992	53.0913464646	28.1886130176	-41.2885594003	61.8939529554	-48.2810081369	64.9773021701	55.879218485	41.7921826295	28.3816958399	-50.6274425858	-49.08603129	42.3325655469	47.7054944876
-24.4202374977	-32.6533253154	-49.5676966761	-49.3196272078	-59.6335851473	56.0176133234	-52.20230256	65.2114545892	59.4880260656	-54.3595586101	-54.4686113564	-56.0384549463	46.6918811536	-48.217947587	-55.9690849452	66.7578219707	-30.8311025488	-50.5314474316	-53.8240805231	-19.9892567431	-24.5629590021	-50.2062859481	65.9109842644	-54.5015820732	-47.0691814478	73.5870812723	-56.0977293127	-53.4241066204	-54.07478097	87.3684685627	-54.964670319	-55.1624400618	-45.5051349483	-29.4007675939	-46.5199473802	-47.4030748788	-33.0019798967	-68.0571754865	68.6828299252	60.9134410688	-57.2268756869	-52.0143850339	-55.2172476939	69.7449956963	-43.6076049679	-26.8136545275	-55.028034733	-52.0330403765	46.6174933823	-47.4737587148	75.9110572576	-61.0753726816	-44.3772321192	57.4008805844	-50.4213321252	62.5755273825	-43.6338320294	-47.8423553523	-33.9403048091	-31.0680813109	60.8607942659	63.6930612006	-43.0027213434	-61.6451944554
49.4476715363	43.4983286024	75.9864731568	75.5562330658	61.866483537	-48.8869278102	71.8693279262	-61.7266716616	-60.4902598245	74.6071999547	40.0839559335	54.5007527386	-25.0956003975	76.1984289574	77.4397771323	-58.6066134759	33.5511503624	56.4104273379	77.8436180479	30.6602414104	23.7254676072	78.3562221186	-57.7411152404	81.3154296659	40.4572958712	-50.6420584425	60.8141624665	74.4291270496	67.0294130638	-54.964670319	87.3684685627	79.2066290759	68.8288068151	43.1882866995	44.2314114211	78.3367035065	41.8448372391	64.5253813719	-64.5444236799	-64.292626747	79.0165753297	78.2470722778	58.9127913701	-60.5264957762	72.5876969339	33.4517401867	73.1954528764	50.8095316918	-49.5276583305	62.8971768745	-60.4941495392	60.0685429505	27.7248608133	-43.5652398776	70.6586082473	-54.4292208007	68.8535730649	47.3023656911	47.1462020069	40.0270129635	-62.7425853412	-58.860049378	42.8411380628	52.1582218351
40.4012054442	35.7438978672	69.1764258117	72.585422821	53.457707684	-54.4726968298	76.4705879884	-59.5372893497	-53.9994892785	79.1662248423	44.1590440516	48.8961779365	-30.6863673459	79.0881498887	78.1755633911	-54.6319854745	27.2994868288	50.961941751	80.6210877528	31.0949188248	21.4847217756	75.0777858251	-53.4710727518	78.1402414324	29.6752350573	-56.3875588797	54.5668323309	78.5821792971	69.6207562154	-55.1624400618	79.2066290759	87.3684685627	78.8104895198	43.6166056632	35.1476683376	73.9351031765	39.0297283897	64.8959659845	-59.710700214	-56.4699883824	74.8065542203	79.2125910813	56.4751939554	-55.4241798615	72.1633061942	30.0786421579	78.005287597	46.6377717058	-55.6917894077	72.3469666525	-63.3506632316	60.864833791	27.8237487661	-50.2786084815	76.6732912003	-59.7322016881	73.1889850235	41.8377464592	40.3029527875	35.2221982298	-52.6724212751	-55.0544476331	44.5383047621	53.9256894663
35.6282128614	34.5015878161	61.1040956821	68.948431364	42.6668117583	-51.83221663	76.7005065795	-48.0524757991	-45.0543308373	76.5072315391	45.1973656843	47.7257082584	-34.7401582314	77.8313380398	72.8649420713	-49.2162692217	35.0410679812	42.4175731723	75.415066422	39.5089479399	30.8583779314	68.6742184082	-47.0405635451	71.3817608821	24.0750324943	-50.3091370372	53.9113975854	76.2442810584	66.1516929978	-45.5051349483	68.8288068151	78.8104895198	87.3684685627	48.0765451643	35.3099106556	70.3417517051	44.2040986774	55.2218659828	-51.3075855007	-46.326573204	67.4410809225	73.6153792833	54.2546776653	-44.3562726022	70.7513019691	38.6083378473	78.5046661124	47.7626252188	-60.9019242579	71.8783872539	-59.5923585219	50.0135851431	29.5995390954	-50.8406824237	77.3940120248	-57.4465915412	77.2131169937	41.2040220923	43.5524605053	36.7604635322	-44.7988024374	-50.856828124	45.9188491281	51.0939158103
42.1967118785	16.4823549984	39.9551941245	43.9469355037	24.221698935	-24.0072412921	45.8765992507	-39.9070976128	-49.72168147	52.34184798	48.8580877137	35.6658995831	-35.1772935843	57.231463339	43.3013362575	-50.954665968	53.8394179333	6.42229802492	57.375186521	81.2390387033	67.1086982293	45.2644354196	-28.4552913712	47.4620511138	16.7597377262	-43.2066405843	52.9071976707	43.340835823	45.5434102927	-29.4007675939	43.1882866995	43.6166056632	48.0765451643	87.3684685627	27.4051847988	51.4118002671	81.6245974232	28.8003629578	-40.3585045343	-36.9824896626	40.7924883969	41.6328683262	64.5217633299	-24.4723781257	46.7594188735	71.5483371942	52.3512873446	48.247155272	-41.4273560747	38.0543426132	-31.9111485653	26.5412796012	24.1138782757	-33.8428938366	43.5542229922	-30.3875745763	65.9030731265	45.5523645218	76.071405092	15.2065029831	-50.777716571	-21.6567362713	51.0097015405	41.4071487068
39.0348608649	66.3391822311	44.1694946626	44.0869854042	56.0753062022	-56.9907757906	41.8242831898	-50.8000177971	-52.4479253344	36.2518598063	38.8653686341	74.813722595	-49.1396782686	33.9557185228	49.2398504307	-59.4242474906	58.5387780664	62.877790582	36.8155510763	30.4446588205	33.0756727869	41.1235390678	-57.1394625751	44.1607152326	72.8320999763	-43.1604314657	63.9709492876	43.9469531569	36.7630426523	-46.5199473802	44.2314114211	35.1476683376	35.3099106556	27.4051847988	87.3684685627	48.2592731226	33.0983241845	49.2685801518	-58.7993795155	-54.9207880139	49.1262565676	39.7027733622	52.6172252394	-58.3056285819	42.0259366331	37.4684473715	36.7038238912	68.2082440327	-47.3775027644	36.4741314755	-53.6265171072	41.1379473076	71.7927759993	-39.6225622098	43.0852339173	-45.8655389075	33.7993146135	48.5935449082	52.070888233	74.487797229	-53.1275884995	-50.8572594002	32.2555456405	55.4686297686
49.4808810452	44.3372154857	70.2738056986	78.1114030919	52.7907227747	-46.5898875264	70.6568755904	-54.5636306709	-55.1393418638	71.0539966311	35.8226188602	53.7748588993	-25.7676854058	73.3336196004	71.8230196628	-56.2989524406	39.3331471483	47.2781914304	76.8139009052	40.9178556871	32.7253384395	70.074244978	-49.3299161214	76.3845137129	42.7886328966	-47.329742424	60.7673697118	76.3266752461	66.4770234712	-47.4030748788	78.3367035065	73.9351031765	70.3417517051	51.4118002671	48.2592731226	87.3684685627	48.9180976077	58.0203480359	-54.7287298169	-55.9194020647	74.7801989577	73.5793629461	56.6474777342	-51.1391674701	76.3593691236	42.575659173	71.2415017407	54.0700773887	-48.881699152	62.6736566335	-55.4391550084	48.2971312053	30.366751558	-37.9036934356	74.2321631813	-47.0534795488	70.0998352538	49.3414297361	55.5270196469	41.743158853	-56.9797850629	-49.1521772717	42.7825047209	45.7482744131
43.4428357951	22.0448222706	37.6210484027	41.7864248305	26.546310269	-22.6796895039	41.8613796968	-41.2213050112	-51.27301439	47.2043014841	53.1445688882	42.7816917497	-35.4923295707	52.9033385685	40.5404094937	-57.2603090553	59.0662384858	11.1071558968	52.7122936428	80.1992320973	73.8110229776	41.9487898026	-31.509902502	44.2117874923	20.6730842134	-44.6814157158	60.1339484663	41.1254528677	44.6829177335	-33.0019798967	41.8448372391	39.0297283897	44.2040986774	81.6245974232	33.0983241845	48.9180976077	87.3684685627	31.0428012366	-44.0418453469	-39.5820363439	37.3538506404	38.6566741496	67.1062235448	-26.8687467642	42.9817908277	75.1892283751	48.2639006842	53.1546953404	-38.047254013	33.7279504724	-34.5233929735	24.0415619053	28.7317073226	-34.6532066554	39.8686412677	-28.6580190348	60.5109009966	48.5335239397	76.9128869911	19.9755135198	-55.8472197857	-23.3830508795	54.5898523287	43.2988653841
18.2106298127	34.8531632706	52.1535814072	54.0780431264	67.0503284389	-61.6373960128	57.5761072665	-66.1246301499	-57.9321456452	65.1159524992	49.8525922543	64.7501672531	-39.2401768662	57.2676431667	69.3011046521	-61.749317224	27.9985169201	62.9555627891	58.1676591707	23.2860106687	21.6813773296	59.228708175	-63.8214968754	60.6440562676	47.1002557214	-68.1919402257	60.8465511292	66.2679335588	61.2913067597	-68.0571754865	64.5253813719	64.8959659845	55.2218659828	28.8003629578	49.2685801518	58.0203480359	31.0428012366	87.3684685627	-66.2955093638	-59.1841049854	58.4597936917	61.5027068684	55.9090315652	-61.5429952117	51.2025457782	24.7879762591	63.2308728641	52.0914631246	-54.5768185822	59.4523649087	-74.1388447111	62.1448117831	47.1167931358	-65.1808998093	57.6465508054	-61.3869324333	51.9279355009	37.2796248489	33.2531932068	42.0192627673	-53.557276576	-61.996498014	43.795021208	63.319906184
-39.8125499879	-51.7943791697	-59.2689925465	-58.7236324497	-63.2346657525	68.6055655534	-55.5195370926	79.2588704507	78.2918171086	-56.230861613	-56.5938659519	-68.2536695026	47.6162034148	-56.9728428022	-63.357174148	77.0610723802	-43.4269967031	-59.4122671835	-58.0819282876	-35.8959750513	-38.3835693778	-61.7528713523	74.0349858612	-64.8572732231	-49.3549542755	67.3447327173	-65.7161158063	-57.8163275748	-50.6055659128	68.6828299252	-64.5444236799	-59.710700214	-51.3075855007	-40.3585045343	-58.7993795155	-54.7287298169	-44.0418453469	-66.2955093638	87.3684685627	78.3124924005	-65.3546580064	-59.5575425694	-67.472450823	73.6778337968	-52.036392329	-38.218345878	-56.0253848111	-66.6068093047	57.5125586874	-46.2074083434	66.7359879613	-56.662300141	-47.9122362137	58.8238665703	-54.2931921848	64.2983374497	-52.0897611685	-45.7335105867	-51.0159906726	-47.7836218805	75.3043785913	61.14061051	-48.239348402	-71.6219571411
-40.0023470568	-50.1065912549	-58.4426267228	-61.6313242054	-60.6702229252	60.0137303517	-54.408556162	73.1642722667	75.8305085072	-52.5801009422	-36.5106267243	-59.248457631	38.6715097526	-51.427507758	-57.0054800852	74.8928163113	-31.8389783685	-58.3193635119	-56.1574472267	-29.0296740314	-26.5459300109	-60.0789800106	70.2260195597	-67.5034583966	-50.7269836911	61.8299009039	-54.1228442745	-59.4128067266	-46.4532333146	60.9134410688	-64.292626747	-56.4699883824	-46.326573204	-36.9824896626	-54.9207880139	-55.9194020647	-39.5820363439	-59.1841049854	78.3124924005	87.3684685627	-66.73219301	-58.5266981948	-57.4821688204	71.8966739745	-53.9649765651	-28.6729129495	-49.3797405265	-58.9039381387	50.163324341	-42.8175664508	59.6215628647	-52.1752757075	-41.0932976738	48.9048424068	-54.7383853081	51.8159078328	-46.184684398	-43.9982790011	-48.0680160289	-44.3557950917	73.1439984901	56.4855867159	-33.7111822438	-56.126553856
54.0554085097	53.0766725357	79.4921406066	79.7312366023	57.3168826307	-55.9770754097	71.4395867243	-58.186313359	-58.330448402	69.7377041041	37.1725653499	52.8213264331	-37.9659224329	69.2306349921	75.6516289072	-59.7871371111	37.4928970519	58.0090894487	74.9738591745	29.0931524831	19.7338802806	75.4953340723	-61.2927340889	81.0857915951	50.76106626	-51.4699279298	58.716919616	72.5955804836	60.7104228457	-57.2268756869	79.0165753297	74.8065542203	67.4410809225	40.7924883969	49.1262565676	74.7801989577	37.3538506404	58.4597936917	-65.3546580064	-66.73219301	87.3684685627	78.7466570401	58.181486178	-65.8536026373	75.4818943716	29.7140636541	68.6848217081	56.9726665032	-55.4940094192	62.2954824615	-60.1693607658	62.5950375526	34.3530868885	-43.7708779979	74.2775642096	-57.200184647	65.9643351143	47.9308350901	48.1239547086	45.7674296726	-61.4482756123	-60.3686072987	39.3366811182	50.5992815982
52.3501205752	46.6503201674	77.5682845955	76.3932685713	48.7389046364	-51.7350789473	72.8758109582	-54.3716081488	-50.86265161	74.6752979204	37.5155817262	49.3261123096	-34.7737776008	74.5335845318	77.3179570892	-53.5806750077	34.3090750091	54.9894715921	76.6604579623	29.8904793865	21.6346755267	81.6415700474	-55.1726303545	80.6513113513	40.4654168801	-48.7039469674	56.819320555	73.0173666375	62.7403142204	-52.0143850339	78.2470722778	79.2125910813	73.6153792833	41.6328683262	39.7027733622	73.5793629461	38.6566741496	61.5027068684	-59.5575425694	-58.5266981948	78.7466570401	87.3684685627	58.1661792829	-56.1286144337	72.0745134248	31.6970344631	73.9364569318	49.5413966066	-54.9879158199	66.3197036228	-59.2377150377	60.5432772267	27.9493763417	-46.4022979825	75.6525823651	-55.0041564159	69.8478105268	39.1758653917	45.1672610688	42.4722407989	-51.3078548662	-57.9234846213	40.1002963612	48.8365988051
