Tissue	braincortex
N_samples	95
Chr	7
Gene	ENSG00000188191.10
SNP	rs144281813
Gene_list	ENSG00000188191.10	ENSG00000111669.10	ENSG00000111674.4	ENSG00000105649.5	ENSG00000105696.4	ENSG00000149925.12	ENSG00000105223.14	ENSG00000101210.6	ENSG00000162188.5	ENSG00000154146.8	ENSG00000106976.14
Gene expression stats (Y^T * Y): 
87.3684685627	53.3571378987	53.0123601335	57.9140392088	54.1773275072	53.8981491778	54.8842283079	59.0549688496	54.6018002859	57.0782703868	55.9121922596
53.3571378987	87.3684685627	66.8059827012	67.7962132143	54.4637317956	61.7484025732	57.4007891672	67.3811825954	65.8656538255	67.7693574326	63.2681073755
53.0123601335	66.8059827012	87.3684685627	64.5466200266	47.5375560645	66.8671603811	48.5570236134	61.2549936501	56.6294122335	61.7316403263	74.0068247557
57.9140392088	67.7962132143	64.5466200266	87.3684685627	67.8619129056	62.3021999417	71.5240753466	71.3405478473	69.7113285295	71.3413609456	72.7347903931
54.1773275072	54.4637317956	47.5375560645	67.8619129056	87.3684685627	62.4715814451	71.7135588091	56.7153720461	60.3471099174	65.8910680562	64.1220709869
53.8981491778	61.7484025732	66.8671603811	62.3021999417	62.4715814451	87.3684685627	61.4181466749	56.7356050744	47.270079871	68.5662652409	68.6215672074
54.8842283079	57.4007891672	48.5570236134	71.5240753466	71.7135588091	61.4181466749	87.3684685627	68.4631205318	57.721511537	59.5363551622	65.5178273392
59.0549688496	67.3811825954	61.2549936501	71.3405478473	56.7153720461	56.7356050744	68.4631205318	87.3684685627	64.6399793533	65.2985543792	65.4294921847
54.6018002859	65.8656538255	56.6294122335	69.7113285295	60.3471099174	47.270079871	57.721511537	64.6399793533	87.3684685627	67.8878749335	59.864807299
57.0782703868	67.7693574326	61.7316403263	71.3413609456	65.8910680562	68.5662652409	59.5363551622	65.2985543792	67.8878749335	87.3684685627	65.9167738141
55.9121922596	63.2681073755	74.0068247557	72.7347903931	64.1220709869	68.6215672074	65.5178273392	65.4294921847	59.864807299	65.9167738141	87.3684685627
Genotype stats (X^T * X): 	3.77622974737
Gene expression - Genotype stats (Y^T * X): 
6.45456037017	3.28782106155	4.70442805753	5.33390261889	4.57659236434	6.229007521	5.93824578679	4.84245870107	2.4431354314	4.82521029591	6.98025328109