Tissue	braincortex
N_samples	95
Chr	5
Gene	ENSG00000085365.13
SNP	rs2362832
Gene_list	ENSG00000155304.4	ENSG00000089006.12	ENSG00000138078.11	ENSG00000113595.10	ENSG00000085365.13	ENSG00000149313.6
Gene expression stats (Y^T * Y): 
87.3684685627	-46.170031664	37.5317493099	46.3349650001	53.9814848675	48.5926270213
-46.170031664	87.3684685627	-27.9754506712	-37.8366147017	-52.4734985003	-46.0649277149
37.5317493099	-27.9754506712	87.3684685627	47.8945865505	53.8447416696	59.5912692763
46.3349650001	-37.8366147017	47.8945865505	87.3684685627	54.1675148831	54.8921005563
53.9814848675	-52.4734985003	53.8447416696	54.1675148831	87.3684685627	60.9151343664
48.5926270213	-46.0649277149	59.5912692763	54.8921005563	60.9151343664	87.3684685627
Genotype stats (X^T * X): 	26.4596507368
Gene expression - Genotype stats (Y^T * X): 
-8.5016175992	8.74658509357	-9.03847307294	-8.38555214196	-19.1938543081	-7.07194537677