Tissue	braincortex
N_samples	95
Chr	14
Gene	ENSG00000139899.6
SNP	rs62000680
Gene_list	ENSG00000161992.5	ENSG00000139899.6	ENSG00000124493.9	ENSG00000102924.7	ENSG00000259803.2	ENSG00000135549.10	ENSG00000176884.10	ENSG00000086570.8	ENSG00000145863.6
Gene expression stats (Y^T * Y): 
87.3684685627	53.7076731763	65.8224429827	55.6244429231	67.8639860639	78.1251138308	-42.5114358985	80.300851107	81.8542403623
53.7076731763	87.3684685627	67.705703817	67.7331548707	70.7314905737	56.7839079583	-54.5807100638	65.3306664739	59.9136274996
65.8224429827	67.705703817	87.3684685627	77.7726789666	82.8902445283	70.0518495417	-57.9813858877	79.5862970241	74.410257764
55.6244429231	67.7331548707	77.7726789666	87.3684685627	79.4048942422	60.4200114565	-62.837031969	71.9461263717	63.4278859632
67.8639860639	70.7314905737	82.8902445283	79.4048942422	87.3684685627	70.529506705	-62.4785473872	81.9972573924	75.8427032806
78.1251138308	56.7839079583	70.0518495417	60.4200114565	70.529506705	87.3684685627	-43.6109058267	78.5578756465	78.399411207
-42.5114358985	-54.5807100638	-57.9813858877	-62.837031969	-62.4785473872	-43.6109058267	87.3684685627	-54.299479962	-49.1700479317
80.300851107	65.3306664739	79.5862970241	71.9461263717	81.9972573924	78.5578756465	-54.299479962	87.3684685627	83.7525757196
81.8542403623	59.9136274996	74.410257764	63.4278859632	75.8427032806	78.399411207	-49.1700479317	83.7525757196	87.3684685627
Genotype stats (X^T * X): 	23.4315789474
Gene expression - Genotype stats (Y^T * X): 
3.36361503567	21.1791189832	0.814669983416	1.650748763	1.20091586698	2.14282783269	-2.9706842146	1.09517283287	1.1128617662