Tissue	braincortex
N_samples	95
Chr	5
Gene	ENSG00000134516.11
SNP	rs889004
Gene_list	ENSG00000107099.11	ENSG00000006747.10	ENSG00000042980.8	ENSG00000077420.11	ENSG00000174125.3	ENSG00000168329.9	ENSG00000104894.7	ENSG00000123338.8	ENSG00000140968.6	ENSG00000095585.12	ENSG00000134516.11
Gene expression stats (Y^T * Y): 
87.3684685627	47.2396154244	56.0241850167	54.1777216654	35.1159447308	52.8577818063	57.9382949067	54.0356404921	53.9982453911	51.5797567722	53.7597961089
47.2396154244	87.3684685627	47.0380366842	54.6396751537	37.7064686918	35.575372458	50.8224888046	52.1114434803	60.0430336401	44.7394733629	55.6009923423
56.0241850167	47.0380366842	87.3684685627	61.2985592723	42.0524335726	55.5303525388	65.891964153	65.2233954972	63.4372537915	59.6514272794	53.9762786625
54.1777216654	54.6396751537	61.2985592723	87.3684685627	47.9573765885	72.856208657	72.3016366496	66.0364556703	64.3771485268	63.9985057377	57.4919461963
35.1159447308	37.7064686918	42.0524335726	47.9573765885	87.3684685627	41.0498126114	44.1749398747	50.6872048749	42.437583989	34.1405318286	52.8505243385
52.8577818063	35.575372458	55.5303525388	72.856208657	41.0498126114	87.3684685627	66.6790285097	63.0355353205	57.4603465024	66.5456876192	53.6922547544
57.9382949067	50.8224888046	65.891964153	72.3016366496	44.1749398747	66.6790285097	87.3684685627	63.9896722438	58.1868192366	62.7371249298	60.0864641514
54.0356404921	52.1114434803	65.2233954972	66.0364556703	50.6872048749	63.0355353205	63.9896722438	87.3684685627	57.7908547416	53.8311328142	63.9654009874
53.9982453911	60.0430336401	63.4372537915	64.3771485268	42.437583989	57.4603465024	58.1868192366	57.7908547416	87.3684685627	53.452893854	54.0681552356
51.5797567722	44.7394733629	59.6514272794	63.9985057377	34.1405318286	66.5456876192	62.7371249298	53.8311328142	53.452893854	87.3684685627	54.809101777
53.7597961089	55.6009923423	53.9762786625	57.4919461963	52.8505243385	53.6922547544	60.0864641514	63.9654009874	54.0681552356	54.809101777	87.3684685627
Genotype stats (X^T * X): 	31.5368421053
Gene expression - Genotype stats (Y^T * X): 
-9.71093307922	-7.06452557973	-8.79988243251	-6.56286776614	-8.82017200848	-5.95797423968	-12.6562326572	-6.60097915388	-0.920422033134	-11.8203283715	-17.3945920286