Tissue	braincortex
N_samples	95
Chr	9
Gene	ENSG00000204001.5
SNP	rs11545433
Gene_list	ENSG00000161992.5	ENSG00000149488.11	ENSG00000005001.5	ENSG00000011105.7	ENSG00000175920.11	ENSG00000078900.10	ENSG00000185652.7	ENSG00000187017.10	ENSG00000157150.4	ENSG00000186510.7	ENSG00000198795.6	ENSG00000166828.2	ENSG00000117602.7	ENSG00000079689.9	ENSG00000142765.13	ENSG00000159023.14	ENSG00000260903.2	ENSG00000177238.9	ENSG00000106341.6	ENSG00000132130.7	ENSG00000149639.10	ENSG00000180660.6	ENSG00000181392.10	ENSG00000161647.14	ENSG00000157570.7	ENSG00000189120.3	ENSG00000140795.8	ENSG00000169174.9	ENSG00000132849.14	ENSG00000196132.7	ENSG00000171219.8	ENSG00000197467.9	ENSG00000165215.5	ENSG00000140506.12	ENSG00000169758.8	ENSG00000169330.4	ENSG00000172349.12	ENSG00000259803.2	ENSG00000185477.4	ENSG00000152208.7	ENSG00000110723.7	ENSG00000110887.3	ENSG00000109943.4	ENSG00000135549.10	ENSG00000204001.5	ENSG00000196782.8	ENSG00000174963.13	ENSG00000086570.8	ENSG00000143365.12	ENSG00000164778.4	ENSG00000146910.7	ENSG00000135083.10	ENSG00000243284.1	ENSG00000145863.6	ENSG00000168843.9	ENSG00000072786.8	ENSG00000162992.3	ENSG00000003393.10	ENSG00000155760.1	ENSG00000117595.6	ENSG00000144488.10
Gene expression stats (Y^T * Y): 
87.3684685627	75.4827749745	61.78987047	59.1263537856	63.0644391169	69.1739620971	60.0019903062	64.4530892783	66.8892381613	52.8994617548	54.1910125445	63.9017582671	77.658263816	70.8132361644	82.1142434805	61.777111613	59.1549397215	62.403807448	73.0789693066	84.9674830394	67.0674184114	82.0703290034	61.8265605748	71.2437758737	58.8983753979	64.6721786227	74.7352082974	80.1094502987	68.1932381232	62.8984686547	83.2602211103	62.716621937	66.7325531646	82.1599818407	63.037282489	67.0766557113	79.5689616266	67.8639860639	66.752384409	68.0471058102	75.5902169994	81.5494495446	86.2851105489	78.1251138308	73.8137465509	53.4290770759	74.9101134854	80.300851107	68.9933902073	83.7971465334	76.5675328305	72.7022929169	62.9491837502	81.8542403623	62.2799896925	63.8386309611	71.9048096338	58.7290233967	68.0753087265	63.7336849555	61.1419146377
75.4827749745	87.3684685627	59.1471474292	47.5494347469	57.3633675418	64.6216117576	59.3021079195	53.3108709692	61.4531035017	47.3976836217	45.5473395015	62.768121247	73.3474258714	62.7082573257	73.0858127618	52.4827470285	51.173879853	61.9320225658	64.7735538874	77.0768146248	65.2312457117	75.6073526669	56.7209978652	63.2351030664	54.4922383941	59.2632130088	70.0328209042	69.9118989621	61.4312933075	56.1135381886	74.2377149451	51.984461067	59.6495201424	74.3550221979	58.9328641884	56.5313384329	67.6484279897	51.2671244284	59.3512991121	68.9952581735	69.7284562404	73.2435137507	76.5889779351	64.1936696133	65.2447678762	49.6064150896	64.4210825318	64.9170096141	63.9889320901	77.3498815488	70.6657436701	66.1981129984	62.3425792672	69.7743995396	57.2408416183	48.8381006017	64.6152755946	49.9932487115	65.8276384825	57.9737562319	51.1320445777
61.78987047	59.1471474292	87.3684685627	43.9993763767	54.9317014332	53.6592850153	45.4229306407	44.8560615477	46.5972200847	45.8961497582	44.6242401456	53.5899129442	59.251314393	52.4098054013	57.2644602174	46.5204862829	50.1926918158	48.2005454848	54.6107951559	61.9074159829	50.8786857626	62.4956975282	54.0202608431	50.8995981681	41.1641848748	47.7177841064	58.9126765214	59.9255560533	46.2753885503	50.1178111945	63.0224855118	43.5899375927	58.7258969098	62.8639291486	52.0667058723	48.017393092	57.9287825568	43.6784203921	55.6094131117	48.4108525713	56.3142041257	62.8528908695	63.3490964171	53.7651209881	56.6286457408	43.6271208446	45.5812255775	52.5277553921	55.8791348988	63.5806742276	57.1320049624	54.592724136	46.103135648	53.9471672468	50.7147143878	45.4765684022	55.6519330259	44.8156866756	52.9934377974	46.1174765592	43.8284771361
59.1263537856	47.5494347469	43.9993763767	87.3684685627	40.4245953578	44.0795164945	48.6950408579	40.9880306439	55.9259949793	45.710356409	36.5912092778	46.1287237621	47.9474935937	49.3887914858	50.5759317759	48.4615160292	45.929225795	40.4849450161	48.2679390252	57.1518755589	40.3644435587	57.8515501513	47.714365199	51.0672718334	43.7674940723	40.3818719642	54.3146720693	58.7829915111	58.4641618406	40.5402110767	55.1768011358	62.2712623153	42.0766448594	54.3779342116	46.8590974849	50.3784109071	58.6245806109	49.5695928206	51.0296172264	36.7363384364	52.1596926567	55.8198209762	59.1443193494	55.657602644	53.7233216744	55.363825701	56.9316345135	57.2050025217	47.1201903759	52.8038313726	48.1471662886	46.7990172727	41.0782168252	57.8837746781	41.344819506	43.653765481	48.0697289042	54.7942767384	48.6871666666	57.7684976785	43.4735690116
63.0644391169	57.3633675418	54.9317014332	40.4245953578	87.3684685627	54.4576312431	42.8642907014	45.4167667388	49.9664467785	40.1097969663	39.9082441766	52.1680238279	57.4367465426	53.1514783299	62.5182710846	57.2519940222	51.7156500248	44.0419858149	56.8882363521	64.3652070747	54.1604325257	63.761851027	49.3367848185	46.9891107297	41.6336299643	54.4427221005	59.8481938986	63.6600640304	54.4387799074	48.0509966395	64.2800288712	49.3054842137	47.6864356531	61.6435053154	49.0286897218	52.9581122229	57.7185248811	45.1998665218	55.0590395062	49.7094739539	60.0983992183	60.92966648	63.5700279523	52.8026706884	54.5350392184	42.4082713821	56.7112134362	55.3911828972	55.088962302	63.4760607711	56.0367589639	54.7552610297	47.6693929458	59.8552212548	46.3175346374	46.1672960413	50.3224567347	43.9588685855	56.8178840943	53.8144350635	35.6355974358
69.1739620971	64.6216117576	53.6592850153	44.0795164945	54.4576312431	87.3684685627	54.9799103171	58.7371358348	52.0429608736	34.8985179519	48.558391739	55.8479010112	62.4080628657	60.5080696633	69.4454705408	51.939358194	46.5450467283	53.7924917236	63.7483082801	70.7329480439	53.8166224577	68.8067266091	58.5526329831	62.3787542882	51.2327132363	55.9760797681	61.664661384	68.355718285	54.5415794382	58.5001510127	70.2825063272	50.4041745525	57.8440718143	67.5159527612	58.5373418175	57.4335523765	68.0190844114	46.8563366296	57.2629725864	66.7961378822	69.6955818898	71.6179123452	70.6148588535	57.4442995679	61.4037483209	41.4446384074	57.6637388201	58.6690707211	65.9698003276	70.890848828	64.7749600544	59.8175389951	50.6846204032	61.8345247755	60.7555731915	56.135030165	56.839585085	45.391601895	57.6597008818	49.0627567299	57.3934945102
60.0019903062	59.3021079195	45.4229306407	48.6950408579	42.8642907014	54.9799103171	87.3684685627	47.7389903361	53.5543796435	45.2961338674	40.1409467865	53.4164440316	55.4726969304	59.1841565289	57.9671231897	42.5930684986	39.7826612667	55.7273684899	52.8097394483	63.9395949986	46.2400100266	63.2709453721	49.638433953	52.7863762756	56.9927920965	49.0463864688	55.939455197	60.8215756023	56.5348797708	40.2524625143	63.8375498439	55.6730020974	49.346619197	59.0750647558	52.144677776	48.7959789335	59.1980112232	36.4008667103	52.4408064625	48.4868338554	60.5177104904	62.5286252482	62.3507147228	50.0427286413	56.4427395127	55.6033567338	55.2066625723	47.4784694909	56.3279754871	61.3871186655	58.9711987388	56.3268434625	49.4664139426	51.779199314	50.8814263186	38.2051885737	48.1176981745	46.727681022	58.7744719903	58.6370025873	51.570076353
64.4530892783	53.3108709692	44.8560615477	40.9880306439	45.4167667388	58.7371358348	47.7389903361	87.3684685627	47.2912688811	40.1268287854	46.990938572	44.1966315706	58.5099728809	54.6830135296	63.4585296127	53.3471157366	44.0545816366	45.6881292752	61.684051463	66.0726600156	42.2149739355	62.7271917275	52.4283577952	58.2280344111	44.2691002919	56.930161315	60.3654458039	66.6122514914	50.4923968073	51.2386011219	66.1578763421	43.6615070003	49.6939666547	63.6810089428	46.3431166768	51.2319279083	63.0379191509	44.6803391006	54.085804565	54.9216476751	60.7527301784	65.3062941409	63.7949802778	56.7059543948	59.4345605786	44.524786248	48.1979012123	55.2461894095	52.6265615226	66.8710063915	59.5151976154	56.1754424693	49.2798522214	59.4151005218	48.5036785777	50.453366714	46.073522465	42.2827287578	41.9809663665	43.526836909	64.2621387767
66.8892381613	61.4531035017	46.5972200847	55.9259949793	49.9664467785	52.0429608736	53.5543796435	47.2912688811	87.3684685627	48.4840270591	32.9672131154	53.8295455066	60.2417119155	60.3329709675	60.5385462846	47.1848547328	57.139403365	47.2991897269	57.4327786231	65.7000623299	44.1568616437	68.8746715539	53.6339865795	50.6812602109	49.2930637867	55.0295747845	55.2635559574	63.6075651745	61.0370559234	55.2638178313	64.9236621441	56.4446638487	52.3333819009	64.3685301524	50.7947974884	57.9259817579	65.2742309181	48.8874440663	61.8912049205	55.2202476518	65.905541849	63.1707649989	67.4556184588	59.7153370576	53.3225540045	51.7816859194	63.3859318462	58.9120009715	58.138971887	64.1722616182	54.1441532587	51.1470280394	50.9888151464	61.3676952747	57.3617629227	49.415981011	52.3656076397	47.2248611847	51.1478568104	56.8589115204	52.2631924296
52.8994617548	47.3976836217	45.8961497582	45.710356409	40.1097969663	34.8985179519	45.2961338674	40.1268287854	48.4840270591	87.3684685627	22.4642405832	44.3171902106	51.3931640611	47.8436716524	52.8255343497	43.7409917148	55.8387137742	42.4919415518	54.5525083516	53.7550198209	41.4451837875	51.9409338145	39.7582163193	45.8373577129	39.2010412937	44.3872720274	48.8006828131	54.0693588717	41.3587368883	46.290147295	53.7798970998	43.7881801857	46.4804499427	51.700382894	26.5159367434	48.5320676441	53.8041802644	37.1660716369	57.6243537873	39.6060504679	53.0294419668	51.6641923547	54.5021229557	48.9751797326	53.7606694231	43.9878612941	39.0126782537	45.1689946773	48.3970999378	53.4398948216	49.3259271778	46.0422847681	44.8215203028	47.8442469218	42.0139541592	39.7162623503	42.9473356121	51.8191289436	41.3744468994	43.7711673262	43.9876935989
54.1910125445	45.5473395015	44.6242401456	36.5912092778	39.9082441766	48.558391739	40.1409467865	46.990938572	32.9672131154	22.4642405832	87.3684685627	34.0185730349	42.0292628534	48.8626300411	54.0819852204	45.0674383616	31.2733366068	43.013099614	45.9009582921	53.1588170559	42.7689805592	51.2396967115	47.6991161867	45.837148987	38.1043417224	46.1973541216	49.2186972157	52.2909993952	40.3917211728	37.8447985293	53.2372627482	43.0352484719	54.1024521496	48.6369735107	48.2280957696	40.9422595876	48.9200519169	42.4029727341	40.0777439156	39.3066673037	49.2377996442	51.710371386	53.6706278866	49.1189079508	55.9219765324	44.8482520391	44.7100558474	50.2799274218	43.436643562	53.4631455197	50.3423755879	51.5535791231	31.8193894898	51.0430851343	37.3795135107	40.0071388945	40.0418298906	39.1711415897	44.6928121178	41.4478289329	50.9011767459
63.9017582671	62.768121247	53.5899129442	46.1287237621	52.1680238279	55.8479010112	53.4164440316	44.1966315706	53.8295455066	44.3171902106	34.0185730349	87.3684685627	64.8715316322	57.4405359087	59.880506476	49.791574555	47.2415547909	54.5979656464	57.0203132204	65.4741917938	52.7966279057	65.9318067545	53.5618700072	57.2653324891	53.0715110319	53.1811828493	59.0614426639	64.3055865698	56.0380875792	49.2243749045	67.2199986052	47.3143926854	50.4502165769	67.786029129	51.2357022131	53.1069504397	61.1619321541	43.9056133548	52.5308054871	55.339572762	62.665546485	67.0548125243	66.2109364665	56.6335897438	54.9878821953	35.2247081017	54.8286713395	55.7577352352	63.1592899422	64.9378233506	60.6714433486	53.082032867	47.9501207602	60.0179712752	51.096470528	45.3766888902	63.0516450346	45.7406384837	50.6639607833	47.5822578288	34.5491420241
77.658263816	73.3474258714	59.251314393	47.9474935937	57.4367465426	62.4080628657	55.4726969304	58.5099728809	60.2417119155	51.3931640611	42.0292628534	64.8715316322	87.3684685627	66.8853455293	74.2745376282	55.4033839006	58.0665615239	60.9278055968	70.8511091781	78.7463405481	63.4528841505	76.674762078	56.3869566241	66.0138297186	56.0404552815	60.0979584898	73.0541088175	73.8687287633	64.4172612143	60.1441052497	79.3981588744	51.1103206425	62.90441453	76.7836274061	58.9675540546	68.2694393972	70.3282309732	51.7344725245	63.8795444728	67.1724339147	71.8493735437	76.715153732	78.5245845407	65.70402312	66.5049564942	47.0984891991	62.4976832078	65.8679218184	66.2567725787	79.9643969877	73.6200571391	66.3828396156	57.4188841917	68.5558372847	60.7722034909	52.2453770382	65.438429372	51.5789783861	62.1932265202	60.1497402628	52.4266214113
70.8132361644	62.7082573257	52.4098054013	49.3887914858	53.1514783299	60.5080696633	59.1841565289	54.6830135296	60.3329709675	47.8436716524	48.8626300411	57.4405359087	66.8853455293	87.3684685627	70.3313193345	45.2523240486	56.69059089	61.3744573915	62.8685006627	72.0555614216	58.9177124144	71.5604207474	54.7648304336	61.6535632464	58.2153936991	55.2200568298	63.0784690046	69.9613373789	62.2845468919	51.3449675117	73.7548683157	57.3315623461	59.5913524857	70.0461777313	52.4333734675	62.4727700252	65.2373503672	50.5345629858	64.5267320393	62.6025912668	73.617349368	70.941545135	70.8983197464	63.8683731343	66.5869883096	55.3866452408	64.5952628991	60.9258486681	64.77820354	71.5592635577	64.2345176761	61.5067997525	48.5653269689	62.7153990962	62.2343141088	55.7222814038	59.480908907	51.1499879913	66.3063029235	58.8822822405	56.0976566117
82.1142434805	73.0858127618	57.2644602174	50.5759317759	62.5182710846	69.4454705408	57.9671231897	63.4585296127	60.5385462846	52.8255343497	54.0819852204	59.880506476	74.2745376282	70.3313193345	87.3684685627	60.187031796	55.6818895024	62.9325221603	69.1554649091	80.6561349978	66.0343699602	77.8710894316	59.8025412841	69.0977516137	56.7879019976	67.7292211949	69.8430234384	75.4273400085	63.5013263852	58.7587590163	79.5673787457	58.3860444065	66.3864023619	76.6924703558	62.5119112534	61.4700642325	75.4644504251	62.7753884631	65.0038973805	65.9169772644	73.544546907	77.5033164671	81.1605227465	73.5784760268	73.813287528	51.1465361476	71.3364489225	74.8745604191	67.82710974	80.8561718015	74.1646713665	68.6256052752	59.2072467706	77.8420492137	60.1807425716	61.3929828633	68.6788369422	56.497948709	68.2631099469	59.6569376631	59.1183500462
61.777111613	52.4827470285	46.5204862829	48.4615160292	57.2519940222	51.939358194	42.5930684986	53.3471157366	47.1848547328	43.7409917148	45.0674383616	49.791574555	55.4033839006	45.2523240486	60.187031796	87.3684685627	50.6384670665	41.0460019645	55.1191370913	61.2945613001	43.2549649596	59.1897434467	41.8336837102	56.2531473807	39.9196903464	58.1276685748	55.5237529793	63.2690050529	50.4767488173	52.7209956779	63.3771621932	42.1709772582	48.205431651	56.621232996	44.3681599221	45.0281968183	57.6891119351	44.4841464007	54.2573634092	45.4013297018	53.7513601977	61.3181212962	62.0375238817	54.4128424589	56.1162010965	45.6217852382	47.005459648	54.3576781396	48.5314930315	61.3803460472	55.7042234972	55.2417886731	41.0260585196	60.5967786579	42.8019839455	44.3204874177	46.645877585	52.70696062	39.8693266208	46.2606025949	46.4343228687
59.1549397215	51.173879853	50.1926918158	45.929225795	51.7156500248	46.5450467283	39.7826612667	44.0545816366	57.139403365	55.8387137742	31.2733366068	47.2415547909	58.0665615239	56.69059089	55.6818895024	50.6384670665	87.3684685627	46.2066764554	61.3431469965	59.7973896296	44.6134599197	59.2362910942	40.4686094039	53.2782202683	39.9030189075	49.5786893792	48.9198522917	57.0614643416	50.9158667342	52.7925401137	59.7592596484	50.8001495439	50.5362434343	59.730451531	29.7472839236	59.248347689	60.1333279222	43.0521690877	71.774099286	47.8745605759	57.7092319025	56.1702520374	60.5675986942	56.4205719761	53.9867643939	45.2412916512	46.5125249442	51.9153545754	52.7217890537	58.4290545789	51.0682040914	50.4269379266	43.2951492171	53.6532591809	49.8786363807	59.9840225577	43.900231477	51.0681438386	50.0116039224	42.0146417869	40.6777730255
62.403807448	61.9320225658	48.2005454848	40.4849450161	44.0419858149	53.7924917236	55.7273684899	45.6881292752	47.2991897269	42.4919415518	43.013099614	54.5979656464	60.9278055968	61.3744573915	62.9325221603	41.0460019645	46.2066764554	87.3684685627	50.8285497189	66.2952174354	53.4309024608	62.9146216086	45.4491718956	50.039057807	57.3908086274	60.4988172075	65.953066944	59.528524805	45.6243512787	50.8268367796	62.2724351019	44.0932788799	51.4782326044	66.8739996632	55.6094767096	54.601171849	57.0469552853	42.7592794152	53.6927252906	56.8545812354	65.2299137492	65.1315788859	62.8389103312	51.5489344429	57.6084510068	49.8726501227	59.5459963473	53.9956433284	54.4385901076	65.4304071518	61.4184847616	58.0096570827	51.497581471	56.6254654081	53.4785774199	51.7564530072	55.4619374566	38.8945277273	58.1471391824	47.1692988764	44.5173602387
73.0789693066	64.7735538874	54.6107951559	48.2679390252	56.8882363521	63.7483082801	52.8097394483	61.684051463	57.4327786231	54.5525083516	45.9009582921	57.0203132204	70.8511091781	62.8685006627	69.1554649091	55.1191370913	61.3431469965	50.8285497189	87.3684685627	74.5996370571	55.0542627013	74.1649517575	58.2071413861	68.2596364198	48.3375011253	59.208262316	64.7820144661	72.1270872228	58.373893755	57.7427326756	74.7346326378	52.1741967536	62.0044537547	71.6816085256	49.3811737126	67.7434818941	72.2262439064	49.8120586777	66.304591768	62.408202151	69.8199144524	70.1332039978	74.6937701012	66.5523316579	67.5526841096	43.0983097371	54.3132663915	62.39007395	66.1971030028	75.3767618976	70.8000533946	64.777229235	48.7689569427	64.9796263915	61.8358096038	55.7635927565	56.4965085192	55.2842807167	56.8913111089	55.4440809347	56.1048621899
84.9674830394	77.0768146248	61.9074159829	57.1518755589	64.3652070747	70.7329480439	63.9395949986	66.0726600156	65.7000623299	53.7550198209	53.1588170559	65.4741917938	78.7463405481	72.0555614216	80.6561349978	61.2945613001	59.7973896296	66.2952174354	74.5996370571	87.3684685627	66.7922179312	83.5703554845	62.9727189158	67.9658270082	61.0345968977	66.789353783	78.1924892971	81.1359421206	67.5702588187	63.0169790432	84.6745505344	63.2345274565	66.9244878196	83.7738978142	65.2418524438	68.7104660213	79.0998059314	60.6101558995	67.6799125187	69.494710554	78.8440088974	83.5572607816	85.8427816327	74.2819179967	74.5012902437	54.5861346168	72.3275987903	73.9428938011	69.9511941391	85.8146244122	78.5139783082	73.3117141646	64.7999198313	77.4894914122	61.7847180726	61.9116482645	70.0755199484	59.0907813107	69.2980987754	64.6224515924	60.7882942336
67.0674184114	65.2312457117	50.8786857626	40.3644435587	54.1604325257	53.8166224577	46.2400100266	42.2149739355	44.1568616437	41.4451837875	42.7689805592	52.7966279057	63.4528841505	58.9177124144	66.0343699602	43.2549649596	44.6134599197	53.4309024608	55.0542627013	66.7922179312	87.3684685627	64.8361003064	43.8976961646	53.7624958646	47.2375960032	47.2514500453	60.5955175207	61.0743696734	56.0247022896	40.4578122243	65.5776202792	53.907553583	61.5294803298	62.3843465734	52.5892322179	46.2390190631	56.590368256	47.7049511841	49.2325641862	56.0569129577	60.4174651023	63.6791868166	65.91152595	56.1370505616	63.1639385404	41.9873802498	56.8406581088	58.515995427	56.3449604079	66.000492352	61.7636152378	54.2497731731	47.1377966305	59.4022037805	42.5689462131	46.9381146323	66.7404886201	47.364825603	68.4104005368	54.4668656519	39.9361036645
82.0703290034	75.6073526669	62.4956975282	57.8515501513	63.761851027	68.8067266091	63.2709453721	62.7271917275	68.8746715539	51.9409338145	51.2396967115	65.9318067545	76.674762078	71.5604207474	77.8710894316	59.1897434467	59.2362910942	62.9146216086	74.1649517575	83.5703554845	64.8361003064	87.3684685627	66.0036748335	66.1170534285	60.8293065092	66.8048680126	73.4995728993	80.1630486448	71.5779917144	59.5755815456	81.4250969052	61.0128640862	66.786628033	80.8354969211	65.0484534262	65.1577663128	79.1965492665	56.1939876762	67.9389942488	67.6447653496	77.005891621	80.4475437284	83.869573211	70.2370366501	73.5830513059	56.1526053115	70.1562494015	70.0006865431	70.3789271131	82.432939451	74.2256910901	68.6303554542	60.4543495252	74.5111149509	62.3107536692	56.7472644376	68.3077034653	57.0248865716	67.7111471325	68.2549701829	60.0767956974
61.8265605748	56.7209978652	54.0202608431	47.714365199	49.3367848185	58.5526329831	49.638433953	52.4283577952	53.6339865795	39.7582163193	47.6991161867	53.5618700072	56.3869566241	54.7648304336	59.8025412841	41.8336837102	40.4686094039	45.4491718956	58.2071413861	62.9727189158	43.8976961646	66.0036748335	87.3684685627	53.7206519008	36.589938002	52.1316740734	59.899732223	60.8468862983	49.4341413297	48.157480932	61.4591217999	46.0063987133	59.5420414593	61.9172964319	51.2110674754	48.3982398015	62.6643520707	43.0265087982	50.3642665138	53.1953850524	61.8370370879	60.0523277539	64.5456316373	52.7804182157	59.9350037767	43.0040396992	47.8937831887	53.3818182966	65.00259094	63.7682722683	53.0668735976	46.7345199673	45.6660352605	58.5951296324	50.0136605834	45.2606529886	51.8803243965	39.2101643221	44.4717081537	47.7095548778	49.6441412102
71.2437758737	63.2351030664	50.8995981681	51.0672718334	46.9891107297	62.3787542882	52.7863762756	58.2280344111	50.6812602109	45.8373577129	45.837148987	57.2653324891	66.0138297186	61.6535632464	69.0977516137	56.2531473807	53.2782202683	50.039057807	68.2596364198	67.9658270082	53.7624958646	66.1170534285	53.7206519008	87.3684685627	41.4011071717	50.3443662267	58.671593935	68.5397803822	56.0460386009	57.7563967962	68.8060007844	42.6308272764	58.6439337818	67.4572830214	47.36408348	56.6073059074	66.4016290187	53.7732419855	58.7632136118	59.1781990725	62.6232424259	67.0881490331	70.5424913462	64.1606908832	64.0458697908	42.2494351009	56.0954962372	66.0612607486	60.3127165882	70.1697987514	65.8798499378	59.4303340341	50.0422636449	69.3509035542	51.9607116782	61.6446950093	59.6541663968	53.6042422095	54.4545553983	48.4401915428	51.992992011
58.8983753979	54.4922383941	41.1641848748	43.7674940723	41.6336299643	51.2327132363	56.9927920965	44.2691002919	49.2930637867	39.2010412937	38.1043417224	53.0715110319	56.0404552815	58.2153936991	56.7879019976	39.9196903464	39.9030189075	57.3908086274	48.3375011253	61.0345968977	47.2375960032	60.8293065092	36.589938002	41.4011071717	87.3684685627	49.3448687338	56.6686761073	61.0706011644	60.5417168295	30.6984089438	59.2236523657	57.0193395514	46.1215219342	59.4521212046	50.2043675216	44.4611179821	54.758229128	36.8711900575	47.6680412601	45.457660424	58.4388456492	61.5163733497	58.4106774593	46.5601444911	55.8317744059	47.7462976902	59.5479876063	48.743459744	54.2876082445	57.9806283093	53.2917868582	56.6686225557	42.3335875693	49.3068304638	45.4623634086	34.7795772645	45.5810931656	43.1649612366	58.9937170492	60.6709497354	49.2383062378
64.6721786227	59.2632130088	47.7177841064	40.3818719642	54.4427221005	55.9760797681	49.0463864688	56.930161315	55.0295747845	44.3872720274	46.1973541216	53.1811828493	60.0979584898	55.2200568298	67.7292211949	58.1276685748	49.5786893792	60.4988172075	59.208262316	66.789353783	47.2514500453	66.8048680126	52.1316740734	50.3443662267	49.3448687338	87.3684685627	59.233329845	63.4594953292	51.9950435351	57.7933202229	64.1513001459	46.9347341435	53.5512922445	65.8673327809	55.3318033895	53.7421453064	61.864047377	44.9764890587	57.0381045299	51.5567454634	65.4657252912	65.6421783721	66.040597937	54.5680934654	59.9612029455	40.5609879936	49.8803644084	55.02760184	56.2377653953	68.0387561746	59.7822454997	59.5126669417	48.6916554217	58.4796960458	49.7494237483	47.3008474991	50.725568697	44.2592840287	46.9581600739	45.159937382	49.1258619309
74.7352082974	70.0328209042	58.9126765214	54.3146720693	59.8481938986	61.664661384	55.939455197	60.3654458039	55.2635559574	48.8006828131	49.2186972157	59.0614426639	73.0541088175	63.0784690046	69.8430234384	55.5237529793	48.9198522917	65.953066944	64.7820144661	78.1924892971	60.5955175207	73.4995728993	59.899732223	58.671593935	56.6686761073	59.233329845	87.3684685627	73.8947507056	60.5488558821	58.9945670006	76.3913419155	55.86468961	61.266846618	74.7083915627	64.1342841368	65.6933468159	67.8223162144	49.758978907	56.1409236484	62.3912789711	69.6032387544	74.1127433123	75.6262229353	62.4198969366	67.9817506707	55.810032265	64.7923284445	63.0879163224	60.9504430487	76.8294857532	70.8062356818	65.5169577568	56.5180472481	65.1386236369	55.8872056698	50.759898661	62.758619734	51.7842973417	62.8446279331	61.7124172731	51.454236702
80.1094502987	69.9118989621	59.9255560533	58.7829915111	63.6600640304	68.355718285	60.8215756023	66.6122514914	63.6075651745	54.0693588717	52.2909993952	64.3055865698	73.8687287633	69.9613373789	75.4273400085	63.2690050529	57.0614643416	59.528524805	72.1270872228	81.1359421206	61.0743696734	80.1630486448	60.8468862983	68.5397803822	61.0706011644	63.4594953292	73.8947507056	87.3684685627	67.9620451218	60.1279418474	81.0274442915	60.1153461764	63.2413710418	79.802083273	60.8365143295	66.4598860818	76.1157105045	54.1277134562	65.917505397	62.2496959188	73.3860430272	80.2034055329	80.5918343319	68.2704047147	72.7161769862	52.3375171276	66.8722117933	67.8528258163	66.234581141	80.6693505321	75.2735098974	69.8093845675	58.0631206308	72.4006557012	60.5251747743	57.1381272811	62.8546960657	60.71400319	64.2732313286	64.3444197593	60.8892501186
68.1932381232	61.4312933075	46.2753885503	58.4641618406	54.4387799074	54.5415794382	56.5348797708	50.4923968073	61.0370559234	41.3587368883	40.3917211728	56.0380875792	64.4172612143	62.2845468919	63.5013263852	50.4767488173	50.9158667342	45.6243512787	58.373893755	67.5702588187	56.0247022896	71.5779917144	49.4341413297	56.0460386009	60.5417168295	51.9950435351	60.5488558821	67.9620451218	87.3684685627	40.1632572429	68.2720172629	62.3508775556	53.8499187655	63.0547669039	53.8848563463	54.7214050934	61.7298775056	46.7927526427	54.1201691376	45.7774955727	62.7570409673	68.0877280326	68.1531821793	57.9451632224	59.3618662489	54.6654813766	63.5214113518	58.8319684527	59.2145809048	64.7221424621	59.4179516212	54.0809184702	45.9877403407	59.1278906387	44.0771301234	43.3792459301	54.6152678026	60.0708552344	60.9202457634	66.9000933991	52.8308518119
62.8984686547	56.1135381886	50.1178111945	40.5402110767	48.0509966395	58.5001510127	40.2524625143	51.2386011219	55.2638178313	46.290147295	37.8447985293	49.2243749045	60.1441052497	51.3449675117	58.7587590163	52.7209956779	52.7925401137	50.8268367796	57.7427326756	63.0169790432	40.4578122243	59.5755815456	48.157480932	57.7563967962	30.6984089438	57.7933202229	58.9945670006	60.1279418474	40.1632572429	87.3684685627	63.1993992208	36.0102637328	51.9491920565	63.740846423	45.5698077974	56.7547599968	61.5893040672	43.6230155134	60.3183715785	61.366004359	60.6555018754	61.4426690507	64.9097395279	56.7995984519	54.0049725381	36.897664062	47.1809368662	52.840125968	47.7450088343	64.247108973	56.9678451804	54.8243548365	55.0880043244	57.059359434	54.8410016702	55.8143284773	51.833874477	46.7900674709	41.955499236	37.5486863521	46.731063787
83.2602211103	74.2377149451	63.0224855118	55.1768011358	64.2800288712	70.2825063272	63.8375498439	66.1578763421	64.9236621441	53.7798970998	53.2372627482	67.2199986052	79.3981588744	73.7548683157	79.5673787457	63.3771621932	59.7592596484	62.2724351019	74.7346326378	84.6745505344	65.5776202792	81.4250969052	61.4591217999	68.8060007844	59.2236523657	64.1513001459	76.3913419155	81.0274442915	68.2720172629	63.1993992208	87.3684685627	61.7031858308	66.1169590287	81.3058309658	63.0890891616	69.6061688455	77.1864897297	58.2969601748	67.9057536783	67.6827197678	77.6191535649	83.2230618103	84.2302971722	72.6746322817	73.514003292	53.7164643553	70.2102582955	71.5798754395	70.3743083565	84.2261799967	77.1410813812	73.2754494578	61.9037884609	74.5549896861	62.9168660297	60.7705184066	68.5752627191	59.9856201867	68.1346885486	65.0575169465	60.0670903773
62.716621937	51.984461067	43.5899375927	62.2712623153	49.3054842137	50.4041745525	55.6730020974	43.6615070003	56.4446638487	43.7881801857	43.0352484719	47.3143926854	51.1103206425	57.3315623461	58.3860444065	42.1709772582	50.8001495439	44.0932788799	52.1741967536	63.2345274565	53.907553583	61.0128640862	46.0063987133	42.6308272764	57.0193395514	46.9347341435	55.86468961	60.1153461764	62.3508775556	36.0102637328	61.7031858308	87.3684685627	50.5346705743	57.2613825407	53.6990728536	50.274169222	56.1378053572	47.616895448	53.8605685813	42.0072220857	59.4813668383	60.4379594144	62.3173892578	54.2640280837	56.8708629214	50.4701941476	63.7977760399	55.6069825597	53.9476090258	57.9520164848	54.0696607104	53.7822390775	40.9640393456	53.3954908702	44.726568524	41.6489755547	48.8349678424	54.8276071607	63.2257561504	60.8832942978	47.5270357994
66.7325531646	59.6495201424	58.7258969098	42.0766448594	47.6864356531	57.8440718143	49.346619197	49.6939666547	52.3333819009	46.4804499427	54.1024521496	50.4502165769	62.90441453	59.5913524857	66.3864023619	48.205431651	50.5362434343	51.4782326044	62.0044537547	66.9244878196	61.5294803298	66.786628033	59.5420414593	58.6439337818	46.1215219342	53.5512922445	61.266846618	63.2413710418	53.8499187655	51.9491920565	66.1169590287	50.5346705743	87.3684685627	62.1325209252	48.0093071493	49.3747473267	62.2365327941	45.4955567367	54.4422078808	53.5063285931	63.2141917925	67.0231262398	67.4048705305	57.9216018797	68.6299090265	51.0833833491	50.7440416553	56.5646112875	64.914156496	69.046025009	66.6518352733	55.6053257136	42.965367842	58.118551722	45.5431792305	51.0240584392	56.7885523699	56.2420291995	60.8703416754	50.4738903273	51.9680858675
82.1599818407	74.3550221979	62.8639291486	54.3779342116	61.6435053154	67.5159527612	59.0750647558	63.6810089428	64.3685301524	51.700382894	48.6369735107	67.786029129	76.7836274061	70.0461777313	76.6924703558	56.621232996	59.730451531	66.8739996632	71.6816085256	83.7738978142	62.3843465734	80.8354969211	61.9172964319	67.4572830214	59.4521212046	65.8673327809	74.7083915627	79.802083273	63.0547669039	63.740846423	81.3058309658	57.2613825407	62.1325209252	87.3684685627	60.2128709684	67.134460902	75.9760450333	58.082687313	65.4320276132	67.0368889002	76.2661617985	81.2567110146	83.1018668376	72.1850260754	71.9993730178	48.658635035	69.914592864	71.1635594666	68.1423643765	83.0504940904	75.3350239648	70.1991894409	67.3121238782	75.3523434884	61.1652103462	62.913150604	67.9581212551	52.9125104296	65.4893960145	58.4948915777	58.4229394647
63.037282489	58.9328641884	52.0667058723	46.8590974849	49.0286897218	58.5373418175	52.144677776	46.3431166768	50.7947974884	26.5159367434	48.2280957696	51.2357022131	58.9675540546	52.4333734675	62.5119112534	44.3681599221	29.7472839236	55.6094767096	49.3811737126	65.2418524438	52.5892322179	65.0484534262	51.2110674754	47.36408348	50.2043675216	55.3318033895	64.1342841368	60.8365143295	53.8848563463	45.5698077974	63.0890891616	53.6990728536	48.0093071493	60.2128709684	87.3684685627	50.0233832197	57.4619320901	45.7678665641	41.6655524162	57.6699075583	59.854006426	63.5794642276	63.7978897235	47.9507500322	55.1095482102	46.0911881728	57.959006304	55.2582495053	48.8355804255	63.0984216975	55.6228520681	57.250486544	40.9631946339	55.446423167	49.587280629	37.8613675014	60.192251398	39.0995627621	55.5827993337	56.6930554778	46.2503668543
67.0766557113	56.5313384329	48.017393092	50.3784109071	52.9581122229	57.4335523765	48.7959789335	51.2319279083	57.9259817579	48.5320676441	40.9422595876	53.1069504397	68.2694393972	62.4727700252	61.4700642325	45.0281968183	59.248347689	54.601171849	67.7434818941	68.7104660213	46.2390190631	65.1577663128	48.3982398015	56.6073059074	44.4611179821	53.7421453064	65.6933468159	66.4598860818	54.7214050934	56.7547599968	69.6061688455	50.274169222	49.3747473267	67.134460902	50.0233832197	87.3684685627	65.4437456625	42.5152850887	61.2045198071	56.4561772128	68.2944365978	65.619872356	67.6752796978	62.5687872831	55.2115139067	39.4246622044	57.883770333	55.7547527572	56.970223185	67.1145207623	63.287188349	61.6395454684	42.8679426901	56.1378403643	60.2780893475	59.2085940186	49.4764033286	49.8405230163	51.6658833686	54.4977327186	46.8643049298
79.5689616266	67.6484279897	57.9287825568	58.6245806109	57.7185248811	68.0190844114	59.1980112232	63.0379191509	65.2742309181	53.8041802644	48.9200519169	61.1619321541	70.3282309732	65.2373503672	75.4644504251	57.6891119351	60.1333279222	57.0469552853	72.2262439064	79.0998059314	56.590368256	79.1965492665	62.6643520707	66.4016290187	54.758229128	61.864047377	67.8223162144	76.1157105045	61.7298775056	61.5893040672	77.1864897297	56.1378053572	62.2365327941	75.9760450333	57.4619320901	65.4437456625	87.3684685627	60.4790499681	67.334631371	64.6556515218	72.7067313225	75.9129336477	80.6003517393	71.8379161377	71.3385700614	52.2399855949	67.9752411277	71.3788307699	65.8851505369	77.8178764868	68.8751195931	66.4779065082	59.3075922518	75.4381564299	57.5644461734	60.9768498592	64.3605128209	52.4524270448	59.646767088	60.9401528002	58.9008632567
67.8639860639	51.2671244284	43.6784203921	49.5695928206	45.1998665218	46.8563366296	36.4008667103	44.6803391006	48.8874440663	37.1660716369	42.4029727341	43.9056133548	51.7344725245	50.5345629858	62.7753884631	44.4841464007	43.0521690877	42.7592794152	49.8120586777	60.6101558995	47.7049511841	56.1939876762	43.0265087982	53.7732419855	36.8711900575	44.9764890587	49.758978907	54.1277134562	46.7927526427	43.6230155134	58.2969601748	47.616895448	45.4955567367	58.082687313	45.7678665641	42.5152850887	60.4790499681	87.3684685627	47.1040956636	46.9005422054	52.079660869	56.5250983328	64.9746303431	70.529506705	53.2543426593	37.1840480111	63.5807323395	81.9972573924	46.8214481297	58.1223674477	49.7475491247	50.7069234982	45.3309846126	75.8427032806	42.6516133064	50.7214353468	60.2463417212	40.4413084114	48.3214131472	42.1649547262	42.5295987074
66.752384409	59.3512991121	55.6094131117	51.0296172264	55.0590395062	57.2629725864	52.4408064625	54.085804565	61.8912049205	57.6243537873	40.0777439156	52.5308054871	63.8795444728	64.5267320393	65.0038973805	54.2573634092	71.774099286	53.6927252906	66.304591768	67.6799125187	49.2325641862	67.9389942488	50.3642665138	58.7632136118	47.6680412601	57.0381045299	56.1409236484	65.917505397	54.1201691376	60.3183715785	67.9057536783	53.8605685813	54.4422078808	65.4320276132	41.6655524162	61.2045198071	67.334631371	47.1040956636	87.3684685627	56.1637893322	64.6348919011	65.7958202884	68.6863454682	65.0271090669	60.2978668333	50.4505198111	52.5499091232	57.4546110909	60.9215301631	66.585122144	57.2185912893	60.7864612788	50.9149394035	60.5948218252	64.300845368	59.4356609844	47.6647797041	50.3840281713	53.9277555528	45.5301792681	54.7633540647
68.0471058102	68.9952581735	48.4108525713	36.7363384364	49.7094739539	66.7961378822	48.4868338554	54.9216476751	55.2202476518	39.6060504679	39.3066673037	55.339572762	67.1724339147	62.6025912668	65.9169772644	45.4013297018	47.8745605759	56.8545812354	62.408202151	69.494710554	56.0569129577	67.6447653496	53.1953850524	59.1781990725	45.457660424	51.5567454634	62.3912789711	62.2496959188	45.7774955727	61.366004359	67.6827197678	42.0072220857	53.5063285931	67.0368889002	57.6699075583	56.4561772128	64.6556515218	46.9005422054	56.1637893322	87.3684685627	67.7584196942	66.2418544722	68.1573948368	56.2623290864	56.2765859888	44.3918417034	57.1171441862	58.5962086932	60.2494491152	69.4001176865	64.2334860667	64.8429181164	50.9639457649	61.7437655604	65.7769390501	52.8044381192	59.7364649537	33.7461268949	54.8889722187	43.1579458919	46.7695029641
75.5902169994	69.7284562404	56.3142041257	52.1596926567	60.0983992183	69.6955818898	60.5177104904	60.7527301784	65.905541849	53.0294419668	49.2377996442	62.665546485	71.8493735437	73.617349368	73.544546907	53.7513601977	57.7092319025	65.2299137492	69.8199144524	78.8440088974	60.4174651023	77.005891621	61.8370370879	62.6232424259	58.4388456492	65.4657252912	69.6032387544	73.3860430272	62.7570409673	60.6555018754	77.6191535649	59.4813668383	63.2141917925	76.2661617985	59.854006426	68.2944365978	72.7067313225	52.079660869	64.6348919011	67.7584196942	87.3684685627	79.2988529311	77.6906815444	63.0908845283	70.9694567704	54.0953685732	64.5343914011	64.4480800804	73.5905557755	77.8617215032	69.116512863	64.5488513523	58.1552210757	66.4811823802	58.033487014	62.4286229275	64.9836926878	56.6930191587	61.6565407597	60.3633238102	59.2795590959
81.5494495446	73.2435137507	62.8528908695	55.8198209762	60.92966648	71.6179123452	62.5286252482	65.3062941409	63.1707649989	51.6641923547	51.710371386	67.0548125243	76.715153732	70.941545135	77.5033164671	61.3181212962	56.1702520374	65.1315788859	70.1332039978	83.5572607816	63.6791868166	80.4475437284	60.0523277539	67.0881490331	61.5163733497	65.6421783721	74.1127433123	80.2034055329	68.0877280326	61.4426690507	83.2230618103	60.4379594144	67.0231262398	81.2567110146	63.5794642276	65.619872356	75.9129336477	56.5250983328	65.7958202884	66.2418544722	79.2988529311	87.3684685627	82.4183043819	69.1911755584	72.9406305446	54.5472989106	68.1857473815	69.603092012	70.6903350792	83.1145957278	76.123319685	70.8812863856	62.6228342086	73.3029849174	58.5759136398	61.7972994278	69.8959361232	60.6237449807	65.7654325481	60.3998231236	62.0688450017
86.2851105489	76.5889779351	63.3490964171	59.1443193494	63.5700279523	70.6148588535	62.3507147228	63.7949802778	67.4556184588	54.5021229557	53.6706278866	66.2109364665	78.5245845407	70.8983197464	81.1605227465	62.0375238817	60.5675986942	62.8389103312	74.6937701012	85.8427816327	65.91152595	83.869573211	64.5456316373	70.5424913462	58.4106774593	66.040597937	75.6262229353	80.5918343319	68.1531821793	64.9097395279	84.2302971722	62.3173892578	67.4048705305	83.1018668376	63.7978897235	67.6752796978	80.6003517393	64.9746303431	68.6863454682	68.1573948368	77.6906815444	82.4183043819	87.3684685627	76.4854713599	74.189201753	53.6683745973	72.896251884	77.6241373345	71.0770061515	84.8218068449	77.1038136313	72.9078881782	64.3095276517	80.1143827398	62.2926623043	63.4236891105	71.591100843	60.0519225391	67.878106129	64.5220471754	61.4167194104
78.1251138308	64.1936696133	53.7651209881	55.657602644	52.8026706884	57.4442995679	50.0427286413	56.7059543948	59.7153370576	48.9751797326	49.1189079508	56.6335897438	65.70402312	63.8683731343	73.5784760268	54.4128424589	56.4205719761	51.5489344429	66.5523316579	74.2819179967	56.1370505616	70.2370366501	52.7804182157	64.1606908832	46.5601444911	54.5680934654	62.4198969366	68.2704047147	57.9451632224	56.7995984519	72.6746322817	54.2640280837	57.9216018797	72.1850260754	47.9507500322	62.5687872831	71.8379161377	70.529506705	65.0271090669	56.2623290864	63.0908845283	69.1911755584	76.4854713599	87.3684685627	66.6127558625	46.302534083	67.5606469448	78.5578756465	61.1324166202	71.4438801871	64.661450655	61.9846228032	54.6472950146	78.399411207	60.1922387604	59.1749800502	64.2359836851	54.904956958	56.1851691313	50.3077370469	53.783940471
73.8137465509	65.2447678762	56.6286457408	53.7233216744	54.5350392184	61.4037483209	56.4427395127	59.4345605786	53.3225540045	53.7606694231	55.9219765324	54.9878821953	66.5049564942	66.5869883096	73.813287528	56.1162010965	53.9867643939	57.6084510068	67.5526841096	74.5012902437	63.1639385404	73.5830513059	59.9350037767	64.0458697908	55.8317744059	59.9612029455	67.9817506707	72.7161769862	59.3618662489	54.0049725381	73.514003292	56.8708629214	68.6299090265	71.9993730178	55.1095482102	55.2115139067	71.3385700614	53.2543426593	60.2978668333	56.2765859888	70.9694567704	72.9406305446	74.189201753	66.6127558625	87.3684685627	58.901745032	60.5523348993	63.5357029093	67.5635282796	74.3733611875	69.2104965874	61.4315319759	55.8490990416	67.5107662792	55.8954217457	54.5368861014	63.2615131235	53.9018496465	64.4627328928	61.1237163672	56.6256335404
