Tissue	braincerebellum
N_samples	102
Chr	1
Gene	ENSG00000198892.6
SNP	rs143602224
Gene_list	ENSG00000157150.4	ENSG00000168913.6	ENSG00000122756.10	ENSG00000102760.12	ENSG00000185432.10	ENSG00000087250.4	ENSG00000100605.12	ENSG00000110887.3	ENSG00000164089.4	ENSG00000111275.8	ENSG00000166033.7	ENSG00000144908.9	ENSG00000198892.6	ENSG00000132329.6
Gene expression stats (Y^T * Y): 
94.2403082206	48.871236819	47.994016659	69.9877060688	47.8465471603	58.6979997837	58.3471731319	63.4212840485	36.3102729456	56.4478672427	75.8582664202	55.9190458466	60.0540198263	67.5991627523
48.871236819	94.2403082206	68.5738122855	64.9562908624	52.5705716311	61.8912909187	56.3930335073	54.7923848095	49.445059059	55.9838819803	56.2697668237	32.3432566176	57.2897100143	61.3989683899
47.994016659	68.5738122855	94.2403082206	62.2726849388	55.0568760047	61.485989653	49.5274297705	54.2761682418	61.4677006099	57.6291243654	52.3546721068	47.5769478733	61.3130264853	52.133599969
69.9877060688	64.9562908624	62.2726849388	94.2403082206	59.3295366962	70.940759011	59.7902405606	61.1484426699	54.7360667091	66.463747461	70.6931109971	50.0599108265	61.0306956544	67.2436656859
47.8465471603	52.5705716311	55.0568760047	59.3295366962	94.2403082206	46.5981888723	50.3023982163	38.5801396937	49.4872275377	51.2291638596	53.2169373205	42.5891505469	56.8987318212	45.281633835
58.6979997837	61.8912909187	61.485989653	70.940759011	46.5981888723	94.2403082206	49.7581627672	53.6941346987	54.5303785738	71.0261180075	61.4004591542	57.5461077338	57.734596684	65.4913948904
58.3471731319	56.3930335073	49.5274297705	59.7902405606	50.3023982163	49.7581627672	94.2403082206	47.4877221805	44.2435040191	49.9291253015	60.3888143099	47.6745164745	61.9201018976	63.2321929673
63.4212840485	54.7923848095	54.2761682418	61.1484426699	38.5801396937	53.6941346987	47.4877221805	94.2403082206	58.1685394267	65.7243889909	71.5231003769	42.1254233581	58.0167588379	65.3319950303
36.3102729456	49.445059059	61.4677006099	54.7360667091	49.4872275377	54.5303785738	44.2435040191	58.1685394267	94.2403082206	66.6636200548	55.1061946792	39.7473418442	56.9535417902	46.7448651903
56.4478672427	55.9838819803	57.6291243654	66.463747461	51.2291638596	71.0261180075	49.9291253015	65.7243889909	66.6636200548	94.2403082206	71.5580820697	49.5274602789	57.3066223422	59.5850022257
75.8582664202	56.2697668237	52.3546721068	70.6931109971	53.2169373205	61.4004591542	60.3888143099	71.5231003769	55.1061946792	71.5580820697	94.2403082206	48.1268515654	61.9589977278	68.4880099689
55.9190458466	32.3432566176	47.5769478733	50.0599108265	42.5891505469	57.5461077338	47.6745164745	42.1254233581	39.7473418442	49.5274602789	48.1268515654	94.2403082206	63.8883970865	49.401285883
60.0540198263	57.2897100143	61.3130264853	61.0306956544	56.8987318212	57.734596684	61.9201018976	58.0167588379	56.9535417902	57.3066223422	61.9589977278	63.8883970865	94.2403082206	60.3090326597
67.5991627523	61.3989683899	52.133599969	67.2436656859	45.281633835	65.4913948904	63.2321929673	65.3319950303	46.7448651903	59.5850022257	68.4880099689	49.401285883	60.3090326597	94.2403082206
Genotype stats (X^T * X): 	17.7420051471
Gene expression - Genotype stats (Y^T * X): 
4.52460001146	4.46195401271	9.61882408937	5.47840619335	8.40475339599	3.00807907789	4.67623891569	9.59728329632	10.3764133004	7.79528298528	7.44720945449	9.79051642462	13.9582862269	3.55154997986