Tissue	braincerebellum
N_samples	102
Chr	5
Gene	ENSG00000155511.13
SNP	rs4958651
Gene_list	ENSG00000068078.13	ENSG00000137285.9	ENSG00000074800.9	ENSG00000157150.4	ENSG00000071575.7	ENSG00000100033.12	ENSG00000167191.7	ENSG00000172458.4	ENSG00000165795.16	ENSG00000183963.14	ENSG00000134769.17	ENSG00000085063.10	ENSG00000153902.9	ENSG00000266964.1	ENSG00000079215.9	ENSG00000131771.9	ENSG00000250722.1	ENSG00000100979.10	ENSG00000160307.5	ENSG00000139644.8	ENSG00000100427.11	ENSG00000104112.4	ENSG00000167614.9	ENSG00000108387.10	ENSG00000162407.8	ENSG00000168309.12	ENSG00000213398.3	ENSG00000179604.8	ENSG00000119139.12	ENSG00000080493.9	ENSG00000144040.8	ENSG00000165092.8	ENSG00000137509.6	ENSG00000145284.7	ENSG00000075142.9	ENSG00000152583.8	ENSG00000105854.8	ENSG00000170989.8	ENSG00000164929.12	ENSG00000110887.3	ENSG00000168710.13	ENSG00000111275.8	ENSG00000106278.7	ENSG00000152661.7	ENSG00000066468.16	ENSG00000166033.7	ENSG00000136802.7	ENSG00000105894.7	ENSG00000113140.6	ENSG00000155511.13	ENSG00000125462.12	ENSG00000018625.10	ENSG00000135821.12	ENSG00000154553.9	ENSG00000159176.9	ENSG00000170075.8	ENSG00000135919.8
Gene expression stats (Y^T * Y): 
94.2403082206	56.8353473115	61.7371799998	62.38755501	39.5014928702	71.6540925984	54.0055860978	67.1522932421	63.7931265035	60.5789287239	52.0552636142	40.2277896321	64.6681950874	61.9687186993	61.0878455451	64.628758148	46.1570732142	52.5853188612	41.000118962	58.2318756381	71.3733752982	55.5323880789	70.2846698784	50.8831254511	52.0883654692	59.5940524197	67.4820514313	71.2345497796	66.2910078535	46.6795030063	52.7728178242	55.0087616706	54.6909630835	65.5454206187	53.0965661743	58.6420060582	65.3833489253	62.6329583804	49.415387902	69.4952296102	59.6595730571	69.4705206509	55.6931914207	70.4648689356	49.4826768275	69.9080898438	78.0354283406	44.6852401067	61.6089714774	62.4398561319	67.4515320634	66.4596031286	50.7717937788	49.0369937525	58.627614149	55.6271660052	61.8214122826
56.8353473115	94.2403082206	75.9514356206	61.9570660325	29.5967748798	65.4340310621	45.3041674312	51.7778551521	69.1870790837	49.2477820902	66.662696759	55.0936500656	68.9091651966	69.6325222087	60.5556455404	65.4768664554	38.3211164998	62.2410202216	50.5209451118	53.8256502181	66.7431720773	45.7056177304	75.8300044813	47.4338629008	48.941207945	63.2944847294	56.9740210222	55.7484078468	44.2767491167	38.2399257405	47.8136430986	53.37384603	43.8219503472	58.5325949025	45.1900770122	58.5348467298	56.1542243123	41.9505627403	62.2076563495	56.1884232803	71.9899946816	64.511907587	57.0999598246	46.7077123564	42.4377431004	62.1319112902	60.6691470066	52.6332103212	60.6767110049	60.4052668051	66.1035798484	70.4229127115	74.8138288365	41.9027290092	56.4120372553	45.9144849029	67.5310549855
61.7371799998	75.9514356206	94.2403082206	56.9407942862	26.0743100364	61.1705477477	51.572266923	58.7424654166	63.5873155304	52.0725462083	66.8970438347	54.526332256	58.5214423343	70.2516501637	54.0963937633	66.4421437825	42.9888091524	57.9387753903	43.9676327068	56.8791403052	66.788705173	49.3189761443	69.2362008291	49.0073246824	47.9126963829	64.0779470159	51.5000004138	58.9484265596	44.3718806659	38.2179545222	48.0457056459	51.550003182	41.9850187184	64.7720397684	50.0194647961	68.5318890966	61.1336604167	48.7143040959	60.4414365827	68.484197823	68.8679660307	74.6647232641	51.9799068072	64.1148177861	36.1224095674	67.5552338311	57.0847479775	48.2205976463	58.3901825543	58.529764909	62.3790810695	71.6737288571	71.8043062908	37.6154403644	65.2294289503	42.7979094481	69.1296748251
62.38755501	61.9570660325	56.9407942862	94.2403082206	43.4993380867	61.2286383427	50.9174929117	63.8698747126	77.3905606232	65.4237243737	57.379765311	63.7760437225	65.0129259666	66.1216393958	77.9801030334	64.2895916184	57.0185311945	62.8024920369	65.05242747	66.845956869	73.8750763819	67.0935101005	68.5563123422	66.9055605176	58.5254821552	70.1720765022	59.8202010098	72.4258566028	51.0037042747	56.6110337539	48.821154865	71.6706184101	58.5713025032	72.2338002236	51.9401547052	58.1080626266	73.0663857035	51.0816193306	66.4575675137	63.4212840485	64.7511947	56.4478672427	62.5658027571	59.744345436	56.062735085	75.8582664202	74.3954163669	62.8641258916	69.2345569555	77.9697476629	68.6247894461	68.0013520889	53.4420608699	51.8470259139	60.4450830423	55.9290815391	70.0316252694
39.5014928702	29.5967748798	26.0743100364	43.4993380867	94.2403082206	44.6440444199	29.6595272477	31.4270300698	37.5763877798	43.3140873212	42.2296454225	41.3190445231	47.1662678169	33.7748792699	53.580404684	27.2875410313	25.4539874796	42.5018492075	36.2723060399	33.5295126605	37.4848250937	46.2933974759	29.2018676611	36.3367842699	61.7976154891	36.7110063446	44.3486254908	48.3106369646	45.5936975058	54.0024550038	50.2015534426	56.4344214686	56.8674484963	47.2312320553	26.6402412583	26.1737784185	44.3561823607	42.7805048051	36.9732359866	28.4037331875	30.3915081129	25.5907026849	62.9336378238	38.170934641	37.3404675492	30.0334824725	42.1914386532	58.8305269163	45.637497979	59.7524745594	28.9680809204	39.3696067439	40.9428658088	59.2275979553	30.2120649073	49.4754032977	47.4649679067
71.6540925984	65.4340310621	61.1705477477	61.2286383427	44.6440444199	94.2403082206	46.4851637094	56.4197369341	65.0834864671	59.0839707161	59.2780109976	39.9803856484	74.0819221774	62.4272051074	54.0749069517	72.4744747613	41.3009486153	52.4486172992	38.3311034176	50.1528852013	56.6296364925	53.6101095973	70.1833566978	47.5126573007	40.8260416643	64.6610794258	58.1103049042	62.7919948281	55.8634248106	36.9094266411	46.7168280653	54.5699873581	48.1259567427	54.2682084111	45.1244053628	55.2596633156	56.2064153402	39.7353215998	49.8079783421	57.0079284179	66.1844073391	65.8438818335	50.0299074515	60.6789500763	42.8961246166	59.9524427177	65.6773705576	44.1163716638	63.9388779516	59.6706143095	64.4403367378	67.7597956528	57.9366170195	41.4226352627	60.0226873506	45.9378510301	57.8879265138
54.0055860978	45.3041674312	51.572266923	50.9174929117	29.6595272477	46.4851637094	94.2403082206	72.9283528818	71.614163919	49.5564138778	62.759671826	60.9260394376	49.5734643684	64.3268343321	65.2819756549	61.4385259531	73.6998672688	49.5979804198	60.7031651965	59.026962611	70.6003542638	60.0177583235	62.0703713715	64.5440752967	40.1096132992	64.6993823361	59.4889166869	59.8218934317	56.3053144507	27.0588634085	40.820040534	68.829603252	50.9078656317	61.8849633534	33.9179011382	52.5340389424	70.1676057038	30.1663871378	60.5748235871	54.6753552073	54.1888952224	56.0042312624	47.9958069357	62.8600243955	61.7766436892	64.2092532863	52.296692538	59.4579902342	61.3635812707	58.9631522768	61.4744175054	56.1973848006	39.4055103084	41.7018789996	73.8629121188	41.2540562763	60.3864885553
67.1522932421	51.7778551521	58.7424654166	63.8698747126	31.4270300698	56.4197369341	72.9283528818	94.2403082206	73.6875954173	56.1435680775	60.8336440948	53.1075357525	54.5691525456	72.8056378778	63.3031147108	66.3672227547	65.6393632822	51.670380074	57.4031584717	58.9384028447	72.9813597732	59.6063349988	67.5919623248	63.8029310736	45.5036207938	67.1007009894	62.8933078153	69.2461595437	67.4017131062	30.8861806084	42.6365249487	66.0778289017	59.1988481845	63.7786953824	44.6335994021	59.1141033568	73.0678764035	46.9883911673	60.4278917499	58.6248433915	62.3500877221	63.7401342767	47.8732783017	75.2360184916	53.7712941282	69.9104134971	66.123459617	51.7662186925	67.1335758475	62.6001288111	66.9460756003	60.1278807368	42.3414095622	48.6417003525	65.1588255868	38.2048589402	63.7561860765
63.7931265035	69.1870790837	63.5873155304	77.3905606232	37.5763877798	65.0834864671	71.614163919	73.6875954173	94.2403082206	65.7209374995	73.2524928675	69.6166642553	65.6508010857	72.1878893311	81.2555754285	71.9316908735	70.699139101	66.9918891689	67.8368886856	70.2200680639	79.4408776463	69.8865304314	77.0951579576	64.1046847223	53.5359976744	81.8858843222	61.2906604842	69.0856283249	58.994865362	46.3303393037	46.662114367	78.5760592272	60.5371549411	71.2882555805	53.4830477677	70.4736676637	80.6322509388	46.1948000502	70.0779481287	59.7643583922	77.6297174976	66.5379430675	59.7412599688	66.8107290626	62.2427297229	75.2162424179	69.7372137145	63.8114397765	78.6158538412	77.8213856841	74.2213584174	77.0682444322	57.8625306884	47.6200163095	74.0355751374	47.4574950771	72.2332842633
60.5789287239	49.2477820902	52.0725462083	65.4237243737	43.3140873212	59.0839707161	49.5564138778	56.1435680775	65.7209374995	94.2403082206	48.7342487907	59.9994540735	56.6792197246	57.5993542312	58.2843333596	60.9879814075	55.7398393341	55.7440204797	47.2639559362	55.1956783082	62.1402286968	63.0133081419	52.4864092043	52.0218179858	48.7655999692	66.1296487369	54.7796945906	68.2941980757	50.4697426229	47.2944839749	37.5008149321	54.9318278797	57.7394890174	57.3082204697	45.8311197388	51.6941888955	67.4547526116	51.0058017646	46.6219655326	45.021932505	48.4820511499	49.9624714675	59.4228210652	57.3366798752	50.04136498	55.1245061506	70.1131880715	50.7808085727	74.7041003437	61.242946419	46.5834851092	55.9624917266	48.1840094437	46.982123833	60.9402921853	50.5190946445	52.5737449327
52.0552636142	66.662696759	66.8970438347	57.379765311	42.2296454225	59.2780109976	62.759671826	60.8336440948	73.2524928675	48.7342487907	94.2403082206	65.759477332	63.1946857034	65.2866070795	67.3409925191	61.2609565214	48.9484461091	57.48325049	50.4409809836	62.9820926494	64.6695090815	62.8732845318	60.3240226249	48.2244744147	51.9154738727	69.9330353977	48.9858102372	59.2060451015	50.0737497331	41.2077063924	49.3959653832	70.2751205954	46.9235049969	70.6814232676	49.7324161356	68.2468239452	73.0081970423	43.5824833613	75.1187947849	54.7634031756	77.7834289583	64.7017792444	64.0315455264	62.7584280277	43.3430266292	58.9013123261	53.3117083876	60.0417085171	69.9142622455	66.3133444537	58.186249144	69.3513348911	65.5317399992	45.6058500085	60.4360567531	41.2322686807	72.9747112126
40.2277896321	55.0936500656	54.526332256	63.7760437225	41.3190445231	39.9803856484	60.9260394376	53.1075357525	69.6166642553	59.9994540735	65.759477332	94.2403082206	53.1279134855	57.8238110776	72.7898478506	52.1898898391	62.7707328492	64.3903975451	58.3342880543	70.0441238367	62.4687030608	64.3982134292	51.2133615359	52.4220844	52.831338363	67.8262523056	46.709999312	60.7610668266	42.7402536606	41.0216199617	42.1449196556	71.1379979379	61.9135551062	71.2804376893	49.1195523228	57.2908402937	71.6197391601	43.4681218905	65.3536372168	45.4971629488	60.9800271106	51.6279032807	64.7848704399	50.0378617132	49.271666617	57.3673161824	52.750030987	72.1255062737	69.0903786887	71.5086423989	44.5560273066	60.2062862114	53.5323130137	42.3162112098	59.6255421135	39.4848762573	70.1183041528
64.6681950874	68.9091651966	58.5214423343	65.0129259666	47.1662678169	74.0819221774	49.5734643684	54.5691525456	65.6508010857	56.6792197246	63.1946857034	53.1279134855	94.2403082206	67.5928428519	60.0651491868	65.4003471759	42.9073962291	53.0675309763	47.4024191354	53.7288220616	61.3011252392	60.4959197939	66.4614802833	52.9068694181	44.4795572634	69.3662790419	59.6250309794	63.8083325309	51.5939355763	42.1989451849	45.4876833169	60.6233599964	52.8667097805	61.8049707452	45.1298146868	49.1586067159	59.8266455882	43.1414185311	60.7007157301	52.170038599	63.9600336117	59.6388823597	59.0207534332	44.779092975	48.3118520934	56.3984210157	68.2970408188	50.3175969837	67.3210796945	65.37018605	62.4298450714	60.4380311387	52.9846782162	47.8317169004	52.7001234251	52.5846442748	65.6667297679
61.9687186993	69.6325222087	70.2516501637	66.1216393958	33.7748792699	62.4272051074	64.3268343321	72.8056378778	72.1878893311	57.5993542312	65.2866070795	57.8238110776	67.5928428519	94.2403082206	57.2613495222	75.8476689081	53.5743982326	60.2347619655	61.0954651807	55.4190379864	74.4875232628	56.6800297808	71.8360426806	64.9114420213	42.2995737653	74.2127973554	66.7755987904	68.0087699709	52.7246776235	29.2924962372	47.1067923001	66.0910334759	50.0904367272	58.5445438153	48.3202015705	51.430633891	65.3260547936	38.4277718441	63.6545525352	61.3017057078	61.5691672045	68.8803959499	48.246271942	60.5736559934	47.3792775825	64.1564514441	64.8187473845	53.4853627586	66.0905880006	61.2311568742	69.2875973916	63.4705451407	51.4251190343	43.6539040554	63.6932082213	41.3609310641	65.4219762537
61.0878455451	60.5556455404	54.0963937633	77.9801030334	53.580404684	54.0749069517	65.2819756549	63.3031147108	81.2555754285	58.2843333596	67.3409925191	72.7898478506	60.0651491868	57.2613495222	94.2403082206	55.1453068815	67.8258688865	69.1255414922	69.6513616425	73.5147533364	76.6699666516	73.7848655834	65.579569074	65.4544609946	72.4512923958	69.1972956884	65.2927846591	68.3847066847	61.9988035862	62.682280191	55.9667119438	84.1118151088	66.634090318	79.3352230406	55.5911666475	62.6389267415	78.6665055739	56.3355613607	70.341169275	60.8212297831	69.3847389172	51.6692712512	77.3907066375	63.1810883198	64.0765319735	70.2064457334	67.6786985463	78.4558108518	71.0800555223	86.8995279427	63.3529068929	71.8825374218	55.4646806495	61.4202036855	62.948658951	62.7434572787	77.9764757645
64.628758148	65.4768664554	66.4421437825	64.2895916184	27.2875410313	72.4744747613	61.4385259531	66.3672227547	71.9316908735	60.9879814075	61.2609565214	52.1898898391	65.4003471759	75.8476689081	55.1453068815	94.2403082206	49.138957143	49.1385905173	42.5547195416	58.5710315087	64.4951864844	54.1033049862	73.2600666302	51.2945008775	33.0856755571	73.2146146708	57.5611551289	66.8631212916	46.8612273176	29.36460478	34.8831774217	57.2256388181	42.8007230444	55.8792364793	47.1100742712	60.2098244888	61.6428375228	33.8217277852	50.7145586144	62.2064234759	68.4046473901	74.5386156643	38.6367840896	66.0561128656	36.5768249723	69.0727127839	70.1964812967	43.3485408709	66.7343501631	58.3346503654	69.2797445214	73.388215018	56.2273978009	30.1787947235	65.0781043186	35.6157871147	56.3219837652
46.1570732142	38.3211164998	42.9888091524	57.0185311945	25.4539874796	41.3009486153	73.6998672688	65.6393632822	70.699139101	55.7398393341	48.9484461091	62.7707328492	42.9073962291	53.5743982326	67.8258688865	49.138957143	94.2403082206	54.5461444859	62.7234013792	61.6076918883	62.9258075579	67.1587892478	51.4513387047	65.8638707283	41.9367160377	60.7150644522	49.9810375924	51.2813255927	57.4219185826	30.9893405361	25.6070991	66.5820742631	49.8527515954	57.3552935571	37.9826795353	48.2030841221	70.6257930452	32.4215455462	57.0301307721	44.0129950333	54.6770923207	43.6712069749	46.5396277147	58.1404046927	67.9437839324	58.955905881	50.40807186	61.2512203004	64.9960119435	62.7859582051	47.4916952518	54.4784325938	33.266542482	37.9582122906	70.4338168308	37.0202847978	54.7417092523
52.5853188612	62.2410202216	57.9387753903	62.8024920369	42.5018492075	52.4486172992	49.5979804198	51.670380074	66.9918891689	55.7440204797	57.48325049	64.3903975451	53.0675309763	60.2347619655	69.1255414922	49.1385905173	54.5461444859	94.2403082206	54.3510770215	73.9915781137	71.6925792221	62.5104928436	62.7300556383	49.0573437596	64.862258705	62.9554998792	57.9228543832	60.3482571039	47.9324901465	48.8074995867	50.346137491	64.9867473535	54.80446061	61.4622922569	49.7345238602	56.9772027688	65.6415529553	54.8207648862	57.4040426845	47.7773579291	57.7663890313	52.5455101278	59.6094520062	53.4901961296	45.0486494144	55.2330082013	54.4024141507	74.7323767499	66.2511411439	72.1975158938	52.5770494393	65.9996971358	55.9981959568	49.2122537464	52.8208912344	51.213040372	73.6125183726
41.000118962	50.5209451118	43.9676327068	65.05242747	36.2723060399	38.3311034176	60.7031651965	57.4031584717	67.8368886856	47.2639559362	50.4409809836	58.3342880543	47.4024191354	61.0954651807	69.6513616425	42.5547195416	62.7234013792	54.3510770215	94.2403082206	45.140259416	70.2758950632	63.0963693485	61.3442586307	80.7734994102	43.9009587337	61.1836118589	60.159627702	52.3374617508	39.8609499917	36.7546352061	46.3195737341	69.8324566334	49.176418584	55.905086169	36.8675748728	36.2094291291	64.945578472	30.0736892551	62.4932559209	52.6065240832	40.2866992197	36.0799818329	56.3762788251	42.5372487374	62.1569840198	56.5484293432	47.4494247943	71.8090459567	52.6348945752	62.7719758829	62.4235453437	49.1859648066	32.7715691282	43.7887852872	57.8621402176	46.6674955365	56.1178031485
58.2318756381	53.8256502181	56.8791403052	66.845956869	33.5295126605	50.1528852013	59.026962611	58.9384028447	70.2200680639	55.1956783082	62.9820926494	70.0441238367	53.7288220616	55.4190379864	73.5147533364	58.5710315087	61.6076918883	73.9915781137	45.140259416	94.2403082206	69.4750089089	63.1832934111	62.1622223757	46.2678901773	58.3002396971	64.4969926187	47.7211289627	61.3994662903	49.7953958049	49.0360389475	35.5234042589	65.5394169781	56.1941382858	72.2927971535	58.9624421173	68.3129285401	74.0667129497	60.3129097389	60.1130749551	52.9320962153	70.4971961803	63.7101951793	55.704262403	65.4383381541	48.3933558961	66.3318724487	60.7875245377	64.7350562581	70.5643732317	73.432401296	52.7370853659	75.5940937877	58.7797305163	40.1929426905	60.4998628468	45.7833929112	72.9190926001
71.3733752982	66.7431720773	66.788705173	73.8750763819	37.4848250937	56.6296364925	70.6003542638	72.9813597732	79.4408776463	62.1402286968	64.6695090815	62.4687030608	61.3011252392	74.4875232628	76.6699666516	64.4951864844	62.9258075579	71.6925792221	70.2758950632	69.4750089089	94.2403082206	69.3330991499	79.4223306389	68.061572914	60.8068751731	72.6729609619	69.0630568012	72.3685364618	58.2762075538	54.0992972794	59.2219243029	71.071336279	57.2286495865	73.0877605482	51.5200258284	61.5415261482	79.815321685	57.95102662	69.3499486947	65.8216662226	62.3126427482	63.703734415	66.009819795	64.6102952731	59.958291689	74.2447941977	73.7761436202	69.5588566822	69.1048742427	75.1073282269	72.7687676321	71.2226360965	57.2152975474	53.6595571544	68.7246492405	60.0324021125	75.2045770965
55.5323880789	45.7056177304	49.3189761443	67.0935101005	46.2933974759	53.6101095973	60.0177583235	59.6063349988	69.8865304314	63.0133081419	62.8732845318	64.3982134292	60.4959197939	56.6800297808	73.7848655834	54.1033049862	67.1587892478	62.5104928436	63.0963693485	63.1832934111	69.3330991499	94.2403082206	54.2056489386	61.6970435094	56.2675874011	63.6370851493	54.9966981058	60.7498921283	54.1133794756	49.5089055435	52.101636078	70.3987883925	54.9313190254	67.7125574305	48.6531660092	57.8562048461	76.190757543	48.8350394271	64.5053311748	54.4547763622	60.8325216748	50.8458314328	66.0488288816	54.7650040891	57.0578182312	61.9988040147	60.3595692835	68.6756165138	71.6168869295	69.5622178241	57.1309389292	59.9167943191	43.9590264013	52.2966801662	58.6632403346	55.8543013824	70.0054149669
70.2846698784	75.8300044813	69.2362008291	68.5563123422	29.2018676611	70.1833566978	62.0703713715	67.5919623248	77.0951579576	52.4864092043	60.3240226249	51.2133615359	66.4614802833	71.8360426806	65.579569074	73.2600666302	51.4513387047	62.7300556383	61.3442586307	62.1622223757	79.4223306389	54.2056489386	94.2403082206	61.4369082022	43.5879813203	71.6615517124	64.0301373345	61.250712978	47.9612633118	39.5875639679	51.0954934016	60.4311451854	47.1778789042	65.7828621695	48.6550198227	64.1180310923	67.9003984387	50.1376933402	60.3401907834	69.3608048773	66.1696199077	73.1914442022	51.1682998343	59.7777056481	49.4736717807	75.6885054577	65.6054114681	58.7557003177	61.2734885218	67.0435788266	83.2140688993	77.2529124449	62.8833701287	36.8143217916	71.1922003626	47.7555400169	68.298350763
50.8831254511	47.4338629008	49.0073246824	66.9055605176	36.3367842699	47.5126573007	64.5440752967	63.8029310736	64.1046847223	52.0218179858	48.2244744147	52.4220844	52.9068694181	64.9114420213	65.4544609946	51.2945008775	65.8638707283	49.0573437596	80.7734994102	46.2678901773	68.061572914	61.6970435094	61.4369082022	94.2403082206	42.4388198642	58.2974268309	62.571106564	58.8820383967	44.8264105782	32.8627784292	42.5858456445	65.919049866	45.9298688243	57.5649244926	31.8070853024	38.0956164977	62.7606299725	35.690258788	58.5413479427	66.5741599242	42.749240278	39.6718139291	52.0316134377	53.2121422632	66.263436977	60.2621339772	52.5790310778	60.9366611933	56.0293083961	61.9847552992	58.9899767183	53.1268794064	33.9672956714	43.5258888712	67.1963333295	54.2854544898	50.8181538197
52.0883654692	48.941207945	47.9126963829	58.5254821552	61.7976154891	40.8260416643	40.1096132992	45.5036207938	53.5359976744	48.7655999692	51.9154738727	52.831338363	44.4795572634	42.2995737653	72.4512923958	33.0856755571	41.9367160377	64.862258705	43.9009587337	58.3002396971	60.8068751731	56.2675874011	43.5879813203	42.4388198642	94.2403082206	45.136950332	56.0590345011	61.5215282799	59.3550184388	72.7374884311	61.3071459054	63.6982760158	62.9829367603	66.4436765995	45.9635473285	46.3892580769	58.3652965564	66.162433977	53.0861947069	46.551777697	53.8030513081	36.5337892139	77.8095319986	50.5592348975	46.414299021	46.7543901908	53.7177183898	68.6311649142	56.0857138726	74.6597483806	37.9140865464	53.8174707212	57.178786268	71.7603811092	39.7635239553	67.0843358811	73.1922531965
59.5940524197	63.2944847294	64.0779470159	70.1720765022	36.7110063446	64.6610794258	64.6993823361	67.1007009894	81.8858843222	66.1296487369	69.9330353977	67.8262523056	69.3662790419	74.2127973554	69.1972956884	73.2146146708	60.7150644522	62.9554998792	61.1836118589	64.4969926187	72.6729609619	63.6370851493	71.6615517124	58.2974268309	45.136950332	94.2403082206	62.2023528517	69.5595650132	54.5062164128	41.4121718948	44.9478459844	73.9840683536	57.5442859748	65.455530025	53.1128293113	60.4942678081	73.7109551301	45.310661598	61.2021610714	57.6996173131	70.1833143803	68.4542178317	57.618268007	61.6460488414	42.9060552972	62.437385779	66.9723535656	62.7965175692	73.4883974377	73.982801135	67.6236724454	70.1036980724	48.8793562317	47.3078047812	66.1995103893	43.5561284129	67.2952571147
67.4820514313	56.9740210222	51.5000004138	59.8202010098	44.3486254908	58.1103049042	59.4889166869	62.8933078153	61.2906604842	54.7796945906	48.9858102372	46.709999312	59.6250309794	66.7755987904	65.2927846591	57.5611551289	49.9810375924	57.9228543832	60.159627702	47.7211289627	69.0630568012	54.9966981058	64.0301373345	62.571106564	56.0590345011	62.2023528517	94.2403082206	70.3422512113	65.739284409	40.3546489034	59.7979868525	66.6368725303	58.3656527108	55.0815215389	47.9478146537	40.2251674534	57.8988578081	41.9171063047	52.2606009808	58.9256854404	45.8276618283	46.3385501099	59.5782276771	55.8419324859	45.6050392484	52.0361534567	62.3640395825	61.5178873894	55.9700181903	65.2714626857	59.439795795	52.4622689207	39.475868239	60.2384370663	54.8194569656	54.7978042186	60.0218704189
71.2345497796	55.7484078468	58.9484265596	72.4258566028	48.3106369646	62.7919948281	59.8218934317	69.2461595437	69.0856283249	68.2941980757	59.2060451015	60.7610668266	63.8083325309	68.0087699709	68.3847066847	66.8631212916	51.2813255927	60.3482571039	52.3374617508	61.3994662903	72.3685364618	60.7498921283	61.250712978	58.8820383967	61.5215282799	69.5595650132	70.3422512113	94.2403082206	60.3776900691	48.4498609226	53.8760939444	69.0715431415	62.3012030577	66.5372370949	46.2694403784	54.3438954078	69.1883683604	48.2301727334	56.9556712575	62.4941620556	57.6683199965	56.2880453557	62.5901871074	64.3161824089	48.2221453914	62.7346485587	73.311716759	60.1659314034	70.5160063525	70.7965150602	58.256983578	60.7455428587	47.5255660991	63.1586134176	57.3604284451	57.1259370375	67.3622031937
66.2910078535	44.2767491167	44.3718806659	51.0037042747	45.5936975058	55.8634248106	56.3053144507	67.4017131062	58.994865362	50.4697426229	50.0737497331	42.7402536606	51.5939355763	52.7246776235	61.9988035862	46.8612273176	57.4219185826	47.9324901465	39.8609499917	49.7953958049	58.2762075538	54.1133794756	47.9612633118	44.8264105782	59.3550184388	54.5062164128	65.739284409	60.3776900691	94.2403082206	44.9729030753	51.0474413224	64.5062853155	67.2308233686	58.3355394764	50.4758070281	47.728099548	63.2300739509	48.8842119898	49.3425186023	42.0029013492	58.6206797335	49.3482026658	58.6370806634	66.7689241238	57.4519577548	51.1321603008	62.0737350569	49.8304223272	61.1354118112	66.2248819459	44.633185278	45.9234442667	39.0810579599	63.0066814301	53.1935952639	42.9881474523	62.1526454271
46.6795030063	38.2399257405	38.2179545222	56.6110337539	54.0024550038	36.9094266411	27.0588634085	30.8861806084	46.3303393037	47.2944839749	41.2077063924	41.0216199617	42.1989451849	29.2924962372	62.682280191	29.36460478	30.9893405361	48.8074995867	36.7546352061	49.0360389475	54.0992972794	49.5089055435	39.5875639679	32.8627784292	72.7374884311	41.4121718948	40.3546489034	48.4498609226	44.9729030753	94.2403082206	51.8683506378	52.6154535463	48.7248405406	63.2539973366	48.3769278887	39.9038432132	54.7520439927	64.0148876338	49.2218400466	39.4575272773	43.1820643233	34.9677365228	69.796115135	43.9017897374	39.2595338238	46.1873045802	56.8937114496	52.9126695643	47.9653370367	68.4453200782	37.0679370504	48.7151845519	50.5118579624	59.5131240578	30.0389314685	63.5425761004	61.0711282986
52.7728178242	47.8136430986	48.0457056459	48.821154865	50.2015534426	46.7168280653	40.820040534	42.6365249487	46.662114367	37.5008149321	49.3959653832	42.1449196556	45.4876833169	47.1067923001	55.9667119438	34.8831774217	25.6070991	50.346137491	46.3195737341	35.5234042589	59.2219243029	52.101636078	51.0954934016	42.5858456445	61.3071459054	44.9478459844	59.7979868525	53.8760939444	51.0474413224	51.8683506378	94.2403082206	58.4930018363	48.6021687191	60.6273052256	40.428738776	38.1151995653	49.5391631585	47.1403659138	51.1677977079	54.804592202	40.9741438182	40.7255701989	66.5387662953	41.8687459444	34.8067402723	44.6558426951	48.0336334446	60.0335607926	43.216728726	59.2247106192	50.7958117677	41.4526041463	45.2565887461	61.748242036	43.1784977891	61.4776456408	64.8655144055
55.0087616706	53.37384603	51.550003182	71.6706184101	56.4344214686	54.5699873581	68.829603252	66.0778289017	78.5760592272	54.9318278797	70.2751205954	71.1379979379	60.6233599964	66.0910334759	84.1118151088	57.2256388181	66.5820742631	64.9867473535	69.8324566334	65.5394169781	71.071336279	70.3987883925	60.4311451854	65.919049866	63.6982760158	73.9840683536	66.6368725303	69.0715431415	64.5062853155	52.6154535463	58.4930018363	94.2403082206	65.9599526493	72.8371763219	51.8815171661	52.1733878567	74.765422165	45.4544545882	69.5948291235	56.9391308195	64.2515957864	54.6338772613	70.7700034396	62.7587481885	58.2881437087	60.5836121755	59.5471215263	75.9410798848	69.0798833492	85.0766981652	61.2837846033	63.1310469126	46.2687533542	62.5946357357	64.0157005311	53.9879941281	74.0700266208
54.6909630835	43.8219503472	41.9850187184	58.5713025032	56.8674484963	48.1259567427	50.9078656317	59.1988481845	60.5371549411	57.7394890174	46.9235049969	61.9135551062	52.8667097805	50.0904367272	66.634090318	42.8007230444	49.8527515954	54.80446061	49.176418584	56.1941382858	57.2286495865	54.9313190254	47.1778789042	45.9298688243	62.9829367603	57.5442859748	58.3656527108	62.3012030577	67.2308233686	48.7248405406	48.6021687191	65.9599526493	94.2403082206	59.6679751765	45.6287043727	46.79447197	64.7615847455	52.933335801	51.3088313364	41.6765899149	49.5521935258	44.574402053	63.0133626142	58.6041045385	53.5251348965	49.7647784482	58.409415911	60.3983181276	60.4696585669	68.5873734632	42.3360255974	49.1807182504	42.2498148778	58.7960702302	51.3690950493	42.9244234711	65.5843733489
65.5454206187	58.5325949025	64.7720397684	72.2338002236	47.2312320553	54.2682084111	61.8849633534	63.7786953824	71.2882555805	57.3082204697	70.6814232676	71.2804376893	61.8049707452	58.5445438153	79.3352230406	55.8792364793	57.3552935571	61.4622922569	55.905086169	72.2927971535	73.0877605482	67.7125574305	65.7828621695	57.5649244926	66.4436765995	65.455530025	55.0815215389	66.5372370949	58.3355394764	63.2539973366	60.6273052256	72.8371763219	59.6679751765	94.2403082206	61.5287871375	68.6111530229	79.2184646964	68.6961485716	71.0974806921	67.6967869837	69.5874905844	65.1913673282	77.2801043764	67.5901485728	54.9702973003	74.271417217	68.6865844638	68.5582650386	68.9575648148	78.9754557965	61.1908547238	68.860906812	60.8734647468	54.8410122671	64.5473472113	59.9322177037	81.2684331469
53.0965661743	45.1900770122	50.0194647961	51.9401547052	26.6402412583	45.1244053628	33.9179011382	44.6335994021	53.4830477677	45.8311197388	49.7324161356	49.1195523228	45.1298146868	48.3202015705	55.5911666475	47.1100742712	37.9826795353	49.7345238602	36.8675748728	58.9624421173	51.5200258284	48.6531660092	48.6550198227	31.8070853024	45.9635473285	53.1128293113	47.9478146537	46.2694403784	50.4758070281	48.3769278887	40.428738776	51.8815171661	45.6287043727	61.5287871375	94.2403082206	57.3530420567	53.5293112336	58.7806560348	47.7283113016	50.7211139829	58.1755611282	59.7477932895	49.4844119506	58.916006777	26.9191374781	51.0702560073	55.5809988407	41.7105059712	53.1930102244	58.9164650646	46.5742403047	61.6150074628	44.9242827439	36.6729107583	44.2989161863	34.3359466978	58.5141766302
58.6420060582	58.5348467298	68.5318890966	58.1080626266	26.1737784185	55.2596633156	52.5340389424	59.1141033568	70.4736676637	51.6941888955	68.2468239452	57.2908402937	49.1586067159	51.430633891	62.6389267415	60.2098244888	48.2030841221	56.9772027688	36.2094291291	68.3129285401	61.5415261482	57.8562048461	64.1180310923	38.0956164977	46.3892580769	60.4942678081	40.2251674534	54.3438954078	47.728099548	39.9038432132	38.1151995653	52.1733878567	46.79447197	68.6111530229	57.3530420567	94.2403082206	70.8925417038	53.7415545393	55.931289669	60.5441598162	76.079463259	70.8291998335	46.2443735627	68.3471724392	38.7729458182	70.850742341	57.8119098617	46.1712354818	65.2605524232	58.0523045637	57.4148091983	76.7506181681	66.8351279123	32.1942731154	63.5316679075	30.9941059835	66.4970171595
65.3833489253	56.1542243123	61.1336604167	73.0663857035	44.3561823607	56.2064153402	70.1676057038	73.0678764035	80.6322509388	67.4547526116	73.0081970423	71.6197391601	59.8266455882	65.3260547936	78.6665055739	61.6428375228	70.6257930452	65.6415529553	64.945578472	74.0667129497	79.815321685	76.190757543	67.9003984387	62.7606299725	58.3652965564	73.7109551301	57.8988578081	69.1883683604	63.2300739509	54.7520439927	49.5391631585	74.765422165	64.7615847455	79.2184646964	53.5293112336	70.8925417038	94.2403082206	57.0056912458	74.2329726997	60.0620476125	68.8649213792	62.7172922801	67.6535455741	71.8587271326	61.6013759185	77.2747709543	67.2687085467	69.8374310521	77.8287049256	75.5105599407	64.853969135	71.3185855264	54.7573037496	51.5535006907	69.2334761975	47.8608917258	76.3825096338
62.6329583804	41.9505627403	48.7143040959	51.0816193306	42.7805048051	39.7353215998	30.1663871378	46.9883911673	46.1948000502	51.0058017646	43.5824833613	43.4681218905	43.1414185311	38.4277718441	56.3355613607	33.8217277852	32.4215455462	54.8207648862	30.0736892551	60.3129097389	57.95102662	48.8350394271	50.1376933402	35.690258788	66.162433977	45.310661598	41.9171063047	48.2301727334	48.8842119898	64.0148876338	47.1403659138	45.4544545882	52.933335801	68.6961485716	58.7806560348	53.7415545393	57.0056912458	94.2403082206	38.47698064	53.188828092	49.3509982924	55.3490915902	63.4814053121	57.6517875388	36.5816323119	49.2672700241	60.9913241422	48.695665179	52.1745712304	63.305442486	39.8289894622	59.38444395	55.5209145272	51.042978139	41.5074477876	59.3999239913	60.0878133132
49.415387902	62.2076563495	60.4414365827	66.4575675137	36.9732359866	49.8079783421	60.5748235871	60.4278917499	70.0779481287	46.6219655326	75.1187947849	65.3536372168	60.7007157301	63.6545525352	70.341169275	50.7145586144	57.0301307721	57.4040426845	62.4932559209	60.1130749551	69.3499486947	64.5053311748	60.3401907834	58.5413479427	53.0861947069	61.2021610714	52.2606009808	56.9556712575	49.3425186023	49.2218400466	51.1677977079	69.5948291235	51.3088313364	71.0974806921	47.7283113016	55.931289669	74.2329726997	38.47698064	94.2403082206	53.1749291489	64.7947866008	56.2052466591	64.457113808	55.8867882905	53.7057821842	66.1480024587	53.2479120555	63.4368893249	62.153146145	66.5706240808	62.1283002975	59.1127783596	53.2395116385	49.6204219457	58.2867122361	40.0949311152	75.112493077
69.4952296102	56.1884232803	68.484197823	63.4212840485	28.4037331875	57.0079284179	54.6753552073	58.6248433915	59.7643583922	45.021932505	54.7634031756	45.4971629488	52.170038599	61.3017057078	60.8212297831	62.2064234759	44.0129950333	47.7773579291	52.6065240832	52.9320962153	65.8216662226	54.4547763622	69.3608048773	66.5741599242	46.551777697	57.6996173131	58.9256854404	62.4941620556	42.0029013492	39.4575272773	54.804592202	56.9391308195	41.6765899149	67.6967869837	50.7211139829	60.5441598162	60.0620476125	53.188828092	53.1749291489	94.2403082206	57.8062481121	65.7243889909	49.3201575939	63.4709794388	40.7073917624	71.5231003769	59.9195009302	48.3746453759	50.6629969177	59.9815716905	68.0864244848	69.9068723029	51.6477213068	39.8001984599	65.0683955865	54.1579068909	60.1896442512
59.6595730571	71.9899946816	68.8679660307	64.7511947	30.3915081129	66.1844073391	54.1888952224	62.3500877221	77.6297174976	48.4820511499	77.7834289583	60.9800271106	63.9600336117	61.5691672045	69.3847389172	68.4046473901	54.6770923207	57.7663890313	40.2866992197	70.4971961803	62.3126427482	60.8325216748	66.1696199077	42.749240278	53.8030513081	70.1833143803	45.8276618283	57.6683199965	58.6206797335	43.1820643233	40.9741438182	64.2515957864	49.5521935258	69.5874905844	58.1755611282	76.079463259	68.8649213792	49.3509982924	64.7947866008	57.8062481121	94.2403082206	72.0626017821	54.4909346368	65.068787511	42.7191177223	67.090024029	61.8951580048	50.5066549829	71.2487961749	69.9237045751	62.0833620794	78.0520430999	68.1763937572	41.8457821578	62.3492640426	38.7524038605	74.4899506042
69.4705206509	64.511907587	74.6647232641	56.4478672427	25.5907026849	65.8438818335	56.0042312624	63.7401342767	66.5379430675	49.9624714675	64.7017792444	51.6279032807	59.6388823597	68.8803959499	51.6692712512	74.5386156643	43.6712069749	52.5455101278	36.0799818329	63.7101951793	63.703734415	50.8458314328	73.1914442022	39.6718139291	36.5337892139	68.4542178317	46.3385501099	56.2880453557	49.3482026658	34.9677365228	40.7255701989	54.6338772613	44.574402053	65.1913673282	59.7477932895	70.8291998335	62.7172922801	55.3490915902	56.2052466591	65.7243889909	72.0626017821	94.2403082206	42.3638764837	69.9059220355	34.7136275829	71.5580820697	64.2054381053	43.4705610277	62.334327685	57.7204311793	69.8415749969	76.625544027	64.7561068799	30.0009798301	65.3109095824	31.7955418743	65.6419622949
55.6931914207	57.0999598246	51.9799068072	62.5658027571	62.9336378238	50.0299074515	47.9958069357	47.8732783017	59.7412599688	59.4228210652	64.0315455264	64.7848704399	59.0207534332	48.246271942	77.3907066375	38.6367840896	46.5396277147	59.6094520062	56.3762788251	55.704262403	66.009819795	66.0488288816	51.1682998343	52.0316134377	77.8095319986	57.618268007	59.5782276771	62.5901871074	58.6370806634	69.796115135	66.5387662953	70.7700034396	63.0133626142	77.2801043764	49.4844119506	46.2443735627	67.6535455741	63.4814053121	64.457113808	49.3201575939	54.4909346368	42.3638764837	94.2403082206	50.3971327344	53.8345005291	52.6753236686	60.3969916928	74.2778579694	62.6049475835	77.575539392	46.1071140321	53.8476649072	57.0629105529	66.704055614	49.8173315332	71.8576281003	75.0073310739
70.4648689356	46.7077123564	64.1148177861	59.744345436	38.170934641	60.6789500763	62.8600243955	75.2360184916	66.8107290626	57.3366798752	62.7584280277	50.0378617132	44.779092975	60.5736559934	63.1810883198	66.0561128656	58.1404046927	53.4901961296	42.5372487374	65.4383381541	64.6102952731	54.7650040891	59.7777056481	53.2121422632	50.5592348975	61.6460488414	55.8419324859	64.3161824089	66.7689241238	43.9017897374	41.8687459444	62.7587481885	58.6041045385	67.5901485728	58.916006777	68.3471724392	71.8587271326	57.6517875388	55.8867882905	63.4709794388	65.068787511	69.9059220355	50.3971327344	94.2403082206	46.5681223257	70.3947687875	64.4978322845	50.394045159	65.3785588193	63.6649197121	56.5137109992	71.4356303601	51.9407533305	42.6429272694	64.8331929866	39.3683120192	62.2846738257
49.4826768275	42.4377431004	36.1224095674	56.062735085	37.3404675492	42.8961246166	61.7766436892	53.7712941282	62.2427297229	50.04136498	43.3430266292	49.271666617	48.3118520934	47.3792775825	64.0765319735	36.5768249723	67.9437839324	45.0486494144	62.1569840198	48.3933558961	59.958291689	57.0578182312	49.4736717807	66.263436977	46.414299021	42.9060552972	45.6050392484	48.2221453914	57.4519577548	39.2595338238	34.8067402723	58.2881437087	53.5251348965	54.9702973003	26.9191374781	38.7729458182	61.6013759185	36.5816323119	53.7057821842	40.7073917624	42.7191177223	34.7136275829	53.8345005291	46.5681223257	94.2403082206	57.7265502277	55.1818146394	50.8636289369	56.0953410924	57.8376854779	40.969917289	42.3318235239	40.663953313	43.6158783015	60.9821309085	47.1695306325	50.2822262866
69.9080898438	62.1319112902	67.5552338311	75.8582664202	30.0334824725	59.9524427177	64.2092532863	69.9104134971	75.2162424179	55.1245061506	58.9013123261	57.3673161824	56.3984210157	64.1564514441	70.2064457334	69.0727127839	58.955905881	55.2330082013	56.5484293432	66.3318724487	74.2447941977	61.9988040147	75.6885054577	60.2621339772	46.7543901908	62.437385779	52.0361534567	62.7346485587	51.1321603008	46.1873045802	44.6558426951	60.5836121755	49.7647784482	74.271417217	51.0702560073	70.850742341	77.2747709543	49.2672700241	66.1480024587	71.5231003769	67.090024029	71.5580820697	52.6753236686	70.3947687875	57.7265502277	94.2403082206	67.9903924225	54.1412333973	64.1475143831	66.1545263863	76.7142478631	74.6368787882	60.1888702144	38.8108795955	70.7868986223	42.6495946216	71.0606508796
78.0354283406	60.6691470066	57.0847479775	74.3954163669	42.1914386532	65.6773705576	52.296692538	66.123459617	69.7372137145	70.1131880715	53.3117083876	52.750030987	68.2970408188	64.8187473845	67.6786985463	70.1964812967	50.40807186	54.4024141507	47.4494247943	60.7875245377	73.7761436202	60.3595692835	65.6054114681	52.5790310778	53.7177183898	66.9723535656	62.3640395825	73.311716759	62.0737350569	56.8937114496	48.0336334446	59.5471215263	58.409415911	68.6865844638	55.5809988407	57.8119098617	67.2687085467	60.9913241422	53.2479120555	59.9195009302	61.8951580048	64.2054381053	60.3969916928	64.4978322845	55.1818146394	67.9903924225	94.2403082206	48.0495477137	68.0025624375	70.0014399032	62.1848853179	65.1713922956	56.7199789967	52.616361123	55.9663179305	54.7440076027	62.368960183
44.6852401067	52.6332103212	48.2205976463	62.8641258916	58.8305269163	44.1163716638	59.4579902342	51.7662186925	63.8114397765	50.7808085727	60.0417085171	72.1255062737	50.3175969837	53.4853627586	78.4558108518	43.3485408709	61.2512203004	74.7323767499	71.8090459567	64.7350562581	69.5588566822	68.6756165138	58.7557003177	60.9366611933	68.6311649142	62.7965175692	61.5178873894	60.1659314034	49.8304223272	52.9126695643	60.0335607926	75.9410798848	60.3983181276	68.5582650386	41.7105059712	46.1712354818	69.8374310521	48.695665179	63.4368893249	48.3746453759	50.5066549829	43.4705610277	74.2778579694	50.394045159	50.8636289369	54.1412333973	48.0495477137	94.2403082206	61.0936467985	76.0432238718	54.0428637717	59.3447385019	50.9685741372	58.3487590048	55.2169303205	57.6639110394	74.7157434193
61.6089714774	60.6767110049	58.3901825543	69.2345569555	45.637497979	63.9388779516	61.3635812707	67.1335758475	78.6158538412	74.7041003437	69.9142622455	69.0903786887	67.3210796945	66.0905880006	71.0800555223	66.7343501631	64.9960119435	66.2511411439	52.6348945752	70.5643732317	69.1048742427	71.6168869295	61.2734885218	56.0293083961	56.0857138726	73.4883974377	55.9700181903	70.5160063525	61.1354118112	47.9653370367	43.216728726	69.0798833492	60.4696585669	68.9575648148	53.1930102244	65.2605524232	77.8287049256	52.1745712304	62.153146145	50.6629969177	71.2487961749	62.334327685	62.6049475835	65.3785588193	56.0953410924	64.1475143831	68.0025624375	61.0936467985	94.2403082206	71.0516683889	55.6388982347	71.5597691271	59.5327048536	49.7436295718	68.029723982	50.6821393902	68.8814079037
