Tissue	braincerebellum
N_samples	102
Chr	3
Gene	ENSG00000152580.8
SNP	rs28624278
Gene_list	ENSG00000096696.9	ENSG00000173068.13	ENSG00000180340.5	ENSG00000112175.6	ENSG00000187720.10	ENSG00000104313.13	ENSG00000102554.9	ENSG00000127083.7	ENSG00000152580.8
Gene expression stats (Y^T * Y): 
94.2403082206	60.5739958679	53.2927719	72.7098925792	68.3116958978	63.8143381638	70.3846712649	73.8429041617	57.1235505407
60.5739958679	94.2403082206	55.9938581193	68.5032403847	61.7237867668	60.6439390816	60.6750919304	62.5191563076	59.2494818087
53.2927719	55.9938581193	94.2403082206	68.5943314448	58.99821451	63.6860484815	50.6718091841	60.6383958559	59.7839392608
72.7098925792	68.5032403847	68.5943314448	94.2403082206	72.554655342	82.7934757153	71.2589198523	81.5104207343	65.0457878452
68.3116958978	61.7237867668	58.99821451	72.554655342	94.2403082206	69.3387533365	67.8766173723	71.7226147886	57.6828442006
63.8143381638	60.6439390816	63.6860484815	82.7934757153	69.3387533365	94.2403082206	64.0378804506	73.6003234473	58.2037251601
70.3846712649	60.6750919304	50.6718091841	71.2589198523	67.8766173723	64.0378804506	94.2403082206	61.8720506434	59.6678664354
73.8429041617	62.5191563076	60.6383958559	81.5104207343	71.7226147886	73.6003234473	61.8720506434	94.2403082206	58.9376975227
57.1235505407	59.2494818087	59.7839392608	65.0457878452	57.6828442006	58.2037251601	59.6678664354	58.9376975227	94.2403082206
Genotype stats (X^T * X): 	30.9287147549
Gene expression - Genotype stats (Y^T * X): 
-16.9869056032	-17.3777056394	-19.3407022313	-17.6252306336	-21.6218694933	-13.5807838615	-11.007762108	-19.157095437	-17.2154579701