Tissue	braincerebellum
N_samples	102
Chr	11
Gene	ENSG00000167244.13
SNP	rs4990845
Gene_list	ENSG00000010379.11	ENSG00000167244.13	ENSG00000197256.6	ENSG00000166482.7	ENSG00000108821.9	ENSG00000167779.3	ENSG00000129009.8	ENSG00000103888.11	ENSG00000164692.13	ENSG00000106809.6	ENSG00000116774.7	ENSG00000164707.11	ENSG00000168542.8	ENSG00000000971.11	ENSG00000115457.5
Gene expression stats (Y^T * Y): 
94.2403082206	76.0305667775	48.8090267348	65.827411978	62.5291323805	65.7010096531	68.6079590201	52.5520116611	60.6386370266	76.9359114466	62.3659980825	70.8141412196	59.5864014315	58.7956431744	53.8724662697
76.0305667775	94.2403082206	61.8557990084	68.9941055671	68.99761373	67.3255780756	75.8720542418	60.7687250161	63.2766625731	77.177755785	73.7339573238	70.2158472619	68.0699934063	68.9974450911	62.9841225998
48.8090267348	61.8557990084	94.2403082206	48.5508835004	39.898970505	59.2928555737	48.5758824895	35.8722825104	54.6021769754	51.6526366249	43.9627764799	43.8934358426	41.4774527617	47.1361147376	37.8170742841
65.827411978	68.9941055671	48.5508835004	94.2403082206	61.4999294443	62.6542500208	59.4059621728	52.2206087267	61.7294707025	72.9897466094	58.4723794361	65.4585116437	58.9084034147	63.8286149188	57.826507927
62.5291323805	68.99761373	39.898970505	61.4999294443	94.2403082206	56.8736275467	65.3464891433	55.291265062	52.1491974655	68.4254642326	78.5185759811	58.5203473023	86.1470365083	72.4813591748	69.1240300935
65.7010096531	67.3255780756	59.2928555737	62.6542500208	56.8736275467	94.2403082206	65.4892048203	43.6110052584	63.9086350977	66.4546162278	50.869290528	54.9464891817	52.639123261	60.8149936692	56.3815106642
68.6079590201	75.8720542418	48.5758824895	59.4059621728	65.3464891433	65.4892048203	94.2403082206	47.0363745157	61.6114157102	74.9453152359	64.33634532	64.4887101833	65.5444450005	64.3385553466	58.0902853043
52.5520116611	60.7687250161	35.8722825104	52.2206087267	55.291265062	43.6110052584	47.0363745157	94.2403082206	43.9645373196	63.5006492316	56.0861710026	57.8236382875	51.4690221111	50.6780470789	46.2590841948
60.6386370266	63.2766625731	54.6021769754	61.7294707025	52.1491974655	63.9086350977	61.6114157102	43.9645373196	94.2403082206	67.1359425048	38.3612697995	67.0185696318	41.7070025138	58.8976893021	46.356981165
76.9359114466	77.177755785	51.6526366249	72.9897466094	68.4254642326	66.4546162278	74.9453152359	63.5006492316	67.1359425048	94.2403082206	64.8928709071	81.7397029901	63.7768972076	66.3737393567	58.9336094942
62.3659980825	73.7339573238	43.9627764799	58.4723794361	78.5185759811	50.869290528	64.33634532	56.0861710026	38.3612697995	64.8928709071	94.2403082206	51.2552572772	83.0199637957	63.893859357	67.7066142904
70.8141412196	70.2158472619	43.8934358426	65.4585116437	58.5203473023	54.9464891817	64.4887101833	57.8236382875	67.0185696318	81.7397029901	51.2552572772	94.2403082206	49.7073594062	58.6683606657	51.6452761328
59.5864014315	68.0699934063	41.4774527617	58.9084034147	86.1470365083	52.639123261	65.5444450005	51.4690221111	41.7070025138	63.7768972076	83.0199637957	49.7073594062	94.2403082206	69.4119259063	66.3205810616
58.7956431744	68.9974450911	47.1361147376	63.8286149188	72.4813591748	60.8149936692	64.3385553466	50.6780470789	58.8976893021	66.3737393567	63.893859357	58.6683606657	69.4119259063	94.2403082206	62.8562024099
53.8724662697	62.9841225998	37.8170742841	57.826507927	69.1240300935	56.3815106642	58.0902853043	46.2590841948	46.356981165	58.9336094942	67.7066142904	51.6452761328	66.3205810616	62.8562024099	94.2403082206
Genotype stats (X^T * X): 	39.4804106667
Gene expression - Genotype stats (Y^T * X): 
-11.0808198888	-21.9209007305	-20.4413377598	-7.10616979227	-12.6386549443	-11.3965686084	-19.947826423	-9.25736949649	-11.0248214217	-16.1502862393	-13.1628311791	-14.5785375469	-11.9812314069	-18.3211938869	-11.9352618341