Tissue	braincerebellum
N_samples	102
Chr	14
Gene	ENSG00000080824.14
SNP	rs6575895
Gene_list	ENSG00000007392.12	ENSG00000004478.5	ENSG00000120694.15	ENSG00000086061.11	ENSG00000096384.15	ENSG00000110958.11	ENSG00000168439.12	ENSG00000100591.3	ENSG00000080824.14	ENSG00000112335.10	ENSG00000109971.9	ENSG00000105993.10	ENSG00000116161.13
Gene expression stats (Y^T * Y): 
94.2403082206	-51.6515740592	-35.469471092	-60.5609457245	-58.7987786404	-29.681728806	-54.3136875982	-58.2597315143	-58.724464966	-36.9785783051	-60.3925037851	-49.6695843697	-60.6182677133
-51.6515740592	94.2403082206	61.9533477998	79.561105502	70.8844019635	33.3492767654	80.2816885831	63.5957671844	65.8672649365	33.4844223865	60.3038089415	48.3356985415	63.2615678205
-35.469471092	61.9533477998	94.2403082206	68.262421239	46.7977750742	34.6060228301	72.0138402492	60.1183078007	64.2195878268	52.4192738252	49.3785790655	42.7428388716	50.4369801332
-60.5609457245	79.561105502	68.262421239	94.2403082206	72.0855790467	50.3527232941	80.4028957108	72.6555146074	80.4708791699	52.0913492521	69.8197739062	57.3637517817	71.7684882805
-58.7987786404	70.8844019635	46.7977750742	72.0855790467	94.2403082206	52.6209730565	62.0781337736	66.629407072	76.1154626498	47.838528455	70.8172452218	55.5504470195	73.7169946452
-29.681728806	33.3492767654	34.6060228301	50.3527232941	52.6209730565	94.2403082206	37.6486449452	51.0455340085	58.0381483231	63.373038644	41.1301487763	49.2177724514	54.0880520169
-54.3136875982	80.2816885831	72.0138402492	80.4028957108	62.0781337736	37.6486449452	94.2403082206	69.909150389	66.9826449444	45.6735143916	58.7551968036	52.3593410469	64.7221315823
-58.2597315143	63.5957671844	60.1183078007	72.6555146074	66.629407072	51.0455340085	69.909150389	94.2403082206	66.8011471798	58.2884913772	57.6403857828	63.4382839668	65.7609344255
-58.724464966	65.8672649365	64.2195878268	80.4708791699	76.1154626498	58.0381483231	66.9826449444	66.8011471798	94.2403082206	57.7426721844	75.1119466385	59.2384932358	72.6571811762
-36.9785783051	33.4844223865	52.4192738252	52.0913492521	47.838528455	63.373038644	45.6735143916	58.2884913772	57.7426721844	94.2403082206	36.5195308647	63.7219437215	53.7750715577
-60.3925037851	60.3038089415	49.3785790655	69.8197739062	70.8172452218	41.1301487763	58.7551968036	57.6403857828	75.1119466385	36.5195308647	94.2403082206	41.9830118008	64.7934922314
-49.6695843697	48.3356985415	42.7428388716	57.3637517817	55.5504470195	49.2177724514	52.3593410469	63.4382839668	59.2384932358	63.7219437215	41.9830118008	94.2403082206	69.3414928287
-60.6182677133	63.2615678205	50.4369801332	71.7684882805	73.7169946452	54.0880520169	64.7221315823	65.7609344255	72.6571811762	53.7750715577	64.7934922314	69.3414928287	94.2403082206
Genotype stats (X^T * X): 	18.3529411765
Gene expression - Genotype stats (Y^T * X): 
18.3346096734	-14.7934036706	-12.2235884514	-15.5304834436	-12.3907234629	-7.20602500663	-15.4407487386	-14.800064716	-14.9741004411	-3.34160567234	-16.8815286751	-6.07843518344	-13.4938353746