Tissue	braincerebellum
N_samples	102
Chr	12
Gene	ENSG00000111775.2
SNP	rs80234285
Gene_list	ENSG00000167468.12	ENSG00000183011.9	ENSG00000099795.2	ENSG00000106153.12	ENSG00000135940.2	ENSG00000111775.2
Gene expression stats (Y^T * Y): 
94.2403082206	39.2934309097	62.9841998165	48.1212114583	49.7240999709	60.8696697232
39.2934309097	94.2403082206	42.5806794391	48.4468771671	39.6770469256	56.5482246395
62.9841998165	42.5806794391	94.2403082206	51.6063169665	59.9921501897	61.1605690051
48.1212114583	48.4468771671	51.6063169665	94.2403082206	54.4424366278	61.3551430727
49.7240999709	39.6770469256	59.9921501897	54.4424366278	94.2403082206	66.7423087808
60.8696697232	56.5482246395	61.1605690051	61.3551430727	66.7423087808	94.2403082206
Genotype stats (X^T * X): 	18.8725490196
Gene expression - Genotype stats (Y^T * X): 
5.13421064459	7.90019531437	6.00911243846	6.02424364032	5.2789622757	13.2961748179