Tissue	braincerebellum
N_samples	102
Chr	2
Gene	ENSG00000144040.8
SNP	rs6726940
Gene_list	ENSG00000130203.5	ENSG00000100427.11	ENSG00000162407.8	ENSG00000213398.3	ENSG00000144040.8	ENSG00000165092.8	ENSG00000182103.3	ENSG00000145284.7	ENSG00000182175.9	ENSG00000106278.7	ENSG00000105894.7	ENSG00000155511.13	ENSG00000154553.9	ENSG00000170075.8	ENSG00000135919.8
Gene expression stats (Y^T * Y): 
94.2403082206	59.8271725575	46.4314464626	56.3807828036	57.6324721295	44.4740002672	44.7393873281	53.1365930333	36.0937637772	49.8431763325	50.1729873314	50.554363236	38.1408929444	43.8074926087	65.211653121
59.8271725575	94.2403082206	60.8068751731	69.0630568012	59.2219243029	71.071336279	40.1440658531	73.0877605482	40.5648442623	66.009819795	69.5588566822	75.1073282269	53.6595571544	60.0324021125	75.2045770965
46.4314464626	60.8068751731	94.2403082206	56.0590345011	61.3071459054	63.6982760158	62.2899218834	66.4436765995	58.6787844966	77.8095319986	68.6311649142	74.6597483806	71.7603811092	67.0843358811	73.1922531965
56.3807828036	69.0630568012	56.0590345011	94.2403082206	59.7979868525	66.6368725303	46.5866985841	55.0815215389	38.3357089144	59.5782276771	61.5178873894	65.2714626857	60.2384370663	54.7978042186	60.0218704189
57.6324721295	59.2219243029	61.3071459054	59.7979868525	94.2403082206	58.4930018363	59.7976911037	60.6273052256	58.5174215055	66.5387662953	60.0335607926	59.2247106192	61.748242036	61.4776456408	64.8655144055
44.4740002672	71.071336279	63.6982760158	66.6368725303	58.4930018363	94.2403082206	45.0568324049	72.8371763219	37.2448399109	70.7700034396	75.9410798848	85.0766981652	62.5946357357	53.9879941281	74.0700266208
44.7393873281	40.1440658531	62.2899218834	46.5866985841	59.7976911037	45.0568324049	94.2403082206	55.3419211002	67.478619748	61.3285277771	47.7617918062	48.7432171288	54.1369496002	49.7823546559	52.9910556799
53.1365930333	73.0877605482	66.4436765995	55.0815215389	60.6273052256	72.8371763219	55.3419211002	94.2403082206	46.895055533	77.2801043764	68.5582650386	78.9754557965	54.8410122671	59.9322177037	81.2684331469
36.0937637772	40.5648442623	58.6787844966	38.3357089144	58.5174215055	37.2448399109	67.478619748	46.895055533	94.2403082206	57.254777693	46.2955345937	42.5930427764	48.3344907582	57.5782971924	45.4607404171
49.8431763325	66.009819795	77.8095319986	59.5782276771	66.5387662953	70.7700034396	61.3285277771	77.2801043764	57.254777693	94.2403082206	74.2778579694	77.575539392	66.704055614	71.8576281003	75.0073310739
50.1729873314	69.5588566822	68.6311649142	61.5178873894	60.0335607926	75.9410798848	47.7617918062	68.5582650386	46.2955345937	74.2778579694	94.2403082206	76.0432238718	58.3487590048	57.6639110394	74.7157434193
50.554363236	75.1073282269	74.6597483806	65.2714626857	59.2247106192	85.0766981652	48.7432171288	78.9754557965	42.5930427764	77.575539392	76.0432238718	94.2403082206	64.7675237974	63.2778785271	79.3262138977
38.1408929444	53.6595571544	71.7603811092	60.2384370663	61.748242036	62.5946357357	54.1369496002	54.8410122671	48.3344907582	66.704055614	58.3487590048	64.7675237974	94.2403082206	61.5380530545	60.9529312193
43.8074926087	60.0324021125	67.0843358811	54.7978042186	61.4776456408	53.9879941281	49.7823546559	59.9322177037	57.5782971924	71.8576281003	57.6639110394	63.2778785271	61.5380530545	94.2403082206	55.8991196592
65.211653121	75.2045770965	73.1922531965	60.0218704189	64.8655144055	74.0700266208	52.9910556799	81.2684331469	45.4607404171	75.0073310739	74.7157434193	79.3262138977	60.9529312193	55.8991196592	94.2403082206
Genotype stats (X^T * X): 	41.3065009902
Gene expression - Genotype stats (Y^T * X): 
-17.6833967451	-14.9621535874	-15.7202462456	-17.0593061896	-29.2553353743	-16.0903537328	-26.2335882653	-18.1509612585	-23.6803821029	-17.9160675431	-11.98783403	-13.2721059217	-19.9766706484	-18.7142729957	-15.8285182058