Tissue	braincerebellum
N_samples	102
Chr	2
Gene	ENSG00000081320.6
SNP	rs16845162
Gene_list	ENSG00000066230.6	ENSG00000196277.11	ENSG00000101624.6	ENSG00000253304.1	ENSG00000171189.12	ENSG00000142149.4	ENSG00000269113.3	ENSG00000150361.7	ENSG00000112218.7	ENSG00000117600.8	ENSG00000107518.12	ENSG00000138741.6	ENSG00000182022.13	ENSG00000016402.8	ENSG00000081320.6
Gene expression stats (Y^T * Y): 
94.2403082206	60.6180719821	54.2033842524	62.4346256877	64.192051123	62.9592048417	60.4094834484	70.4242039051	65.1727312725	53.0988640158	60.2391506551	66.5323748389	53.7420572438	60.6698588908	56.5529747958
60.6180719821	94.2403082206	56.0078049919	52.8932684109	65.359397046	57.1744946635	49.5434420547	69.5681849874	69.0194608582	54.6004157133	66.9824243732	64.338010803	46.3738975638	46.545285274	62.2628373226
54.2033842524	56.0078049919	94.2403082206	66.0374028675	75.9479736746	60.366208747	59.2434744083	63.1714851205	66.7809090154	62.5902268108	53.2309268144	62.5628149697	49.7669039279	58.6890498436	59.8375950625
62.4346256877	52.8932684109	66.0374028675	94.2403082206	76.4925678706	57.356543391	58.006049636	65.5108314228	61.8953290835	58.7686137347	53.5387783761	69.3558484089	43.9763122448	67.6996575748	60.1741334926
64.192051123	65.359397046	75.9479736746	76.4925678706	94.2403082206	67.4542336191	63.4313962453	79.6543425408	78.0284331231	68.9583502008	70.1306610393	80.3418404084	51.5518581441	75.3226052462	67.5635937693
62.9592048417	57.1744946635	60.366208747	57.356543391	67.4542336191	94.2403082206	60.0274252265	71.6881045598	70.9179103853	59.3404155826	69.9418048508	65.3562873109	49.1155168001	58.1064682545	63.9798660016
60.4094834484	49.5434420547	59.2434744083	58.006049636	63.4313962453	60.0274252265	94.2403082206	59.4750432423	60.5349776694	54.1807599528	54.9312695365	62.8697416218	52.2419721523	61.4672780245	61.296607339
70.4242039051	69.5681849874	63.1714851205	65.5108314228	79.6543425408	71.6881045598	59.4750432423	94.2403082206	76.3878755582	67.5134341573	77.0486552984	78.9279112379	50.0878164443	70.032117941	65.7222442087
65.1727312725	69.0194608582	66.7809090154	61.8953290835	78.0284331231	70.9179103853	60.5349776694	76.3878755582	94.2403082206	72.7161193982	64.2361495442	78.8292726794	51.8901090049	65.5432974846	68.1451376312
53.0988640158	54.6004157133	62.5902268108	58.7686137347	68.9583502008	59.3404155826	54.1807599528	67.5134341573	72.7161193982	94.2403082206	54.7454508903	66.9563950833	46.3894242325	59.6215773472	60.4953231141
60.2391506551	66.9824243732	53.2309268144	53.5387783761	70.1306610393	69.9418048508	54.9312695365	77.0486552984	64.2361495442	54.7454508903	94.2403082206	67.8227340504	45.770166804	56.0525231169	66.3224244501
66.5323748389	64.338010803	62.5628149697	69.3558484089	80.3418404084	65.3562873109	62.8697416218	78.9279112379	78.8292726794	66.9563950833	67.8227340504	94.2403082206	48.8433113253	72.1073349675	63.0253952942
53.7420572438	46.3738975638	49.7669039279	43.9763122448	51.5518581441	49.1155168001	52.2419721523	50.0878164443	51.8901090049	46.3894242325	45.770166804	48.8433113253	94.2403082206	44.8177124844	57.5258855897
60.6698588908	46.545285274	58.6890498436	67.6996575748	75.3226052462	58.1064682545	61.4672780245	70.032117941	65.5432974846	59.6215773472	56.0525231169	72.1073349675	44.8177124844	94.2403082206	61.8543470374
56.5529747958	62.2628373226	59.8375950625	60.1741334926	67.5635937693	63.9798660016	61.296607339	65.7222442087	68.1451376312	60.4953231141	66.3224244501	63.0253952942	57.5258855897	61.8543470374	94.2403082206
Genotype stats (X^T * X): 	29.5784313725
Gene expression - Genotype stats (Y^T * X): 
2.13373543904	5.90881621583	6.09146792488	4.67975283726	5.23981218428	7.10242467317	7.85005736604	8.89859618944	6.37650647092	6.17268421553	6.28262878387	4.74228415437	13.2423523172	9.48336106632	19.1891958371