Tissue	braincerebellum
N_samples	102
Chr	19
Gene	ENSG00000105699.12
SNP	rs17272288
Gene_list	ENSG00000132622.6	ENSG00000105699.12	ENSG00000176435.6	ENSG00000069122.14	ENSG00000118777.6	ENSG00000179348.7	ENSG00000151702.12
Gene expression stats (Y^T * Y): 
94.2403082206	56.7351684001	56.17688083	53.7326913621	51.4852977641	52.9519737617	37.9333347719
56.7351684001	94.2403082206	64.605999899	58.5552463094	64.1766152531	58.2380759529	57.7844156144
56.17688083	64.605999899	94.2403082206	61.1278624493	61.8344694792	56.2441119717	43.1938723478
53.7326913621	58.5552463094	61.1278624493	94.2403082206	60.8954311097	54.9857619721	49.113113664
51.4852977641	64.1766152531	61.8344694792	60.8954311097	94.2403082206	46.0386805928	43.820899286
52.9519737617	58.2380759529	56.2441119717	54.9857619721	46.0386805928	94.2403082206	49.1264424937
37.9333347719	57.7844156144	43.1938723478	49.113113664	43.820899286	49.1264424937	94.2403082206
Genotype stats (X^T * X): 	23.8137254902
Gene expression - Genotype stats (Y^T * X): 
10.0346500506	14.3884060391	6.64261523672	7.26900372511	10.3013383078	7.71447247548	13.3935915146