Tissue	braincerebellum
N_samples	102
Chr	9
Gene	ENSG00000188483.6
SNP	rs10760595
Gene_list	ENSG00000168140.4	ENSG00000213931.1	ENSG00000139083.6	ENSG00000125945.10	ENSG00000139289.9	ENSG00000196843.11	ENSG00000188483.6
Gene expression stats (Y^T * Y): 
94.2403082206	37.6280273004	62.4595462481	67.5682989501	60.191094457	60.4112293998	68.6262430203
37.6280273004	94.2403082206	42.3992852964	52.0019907017	51.2658774338	28.1082587305	58.1155389453
62.4595462481	42.3992852964	94.2403082206	65.6258062255	55.5762673393	51.1161265126	58.6210674284
67.5682989501	52.0019907017	65.6258062255	94.2403082206	68.1686753983	58.0675370728	78.4314013246
60.191094457	51.2658774338	55.5762673393	68.1686753983	94.2403082206	47.2626261567	64.4738038479
60.4112293998	28.1082587305	51.1161265126	58.0675370728	47.2626261567	94.2403082206	65.0595369378
68.6262430203	58.1155389453	58.6210674284	78.4314013246	64.4738038479	65.0595369378	94.2403082206
Genotype stats (X^T * X): 	39.3332478431
Gene expression - Genotype stats (Y^T * X): 
4.67045566356	12.4870800729	5.24432165695	12.550589075	6.09445027274	10.59617691	21.2747634404