Tissue	braincerebellum
N_samples	102
Chr	14
Gene	ENSG00000211895.3
SNP	rs2983782
Gene_list	ENSG00000211675.2	ENSG00000211677.2	ENSG00000211679.2	ENSG00000132465.6	ENSG00000211890.3	ENSG00000211893.3	ENSG00000211895.3
Gene expression stats (Y^T * Y): 
94.2403082206	65.9891321663	63.8738499994	36.5448544148	41.3307315959	61.7361893068	59.9650280936
65.9891321663	94.2403082206	57.5373551934	45.9868230434	41.8520085845	51.0139626635	65.1773033021
63.8738499994	57.5373551934	94.2403082206	43.5644754341	53.6054469778	52.0786224083	73.6219576037
36.5448544148	45.9868230434	43.5644754341	94.2403082206	57.6824224562	34.5260551027	61.0783882482
41.3307315959	41.8520085845	53.6054469778	57.6824224562	94.2403082206	45.8386465335	71.3020061727
61.7361893068	51.0139626635	52.0786224083	34.5260551027	45.8386465335	94.2403082206	59.0819066364
59.9650280936	65.1773033021	73.6219576037	61.0783882482	71.3020061727	59.0819066364	94.2403082206
Genotype stats (X^T * X): 	11.8461736471
Gene expression - Genotype stats (Y^T * X): 
8.31004176859	9.0147374369	8.58902256657	5.38414230568	9.33065565206	8.06588538678	11.6164742388