Tissue	braincerebellum
N_samples	102
Chr	10
Gene	ENSG00000148671.9
SNP	rs78594290
Gene_list	ENSG00000175899.10	ENSG00000101335.5	ENSG00000131477.6	ENSG00000163453.7	ENSG00000148671.9	ENSG00000107796.8	ENSG00000011465.12	ENSG00000072163.14
Gene expression stats (Y^T * Y): 
94.2403082206	58.797184123	60.4327071274	64.4880633615	56.75685534	53.2359391356	49.4166311057	59.0271536067
58.797184123	94.2403082206	40.4430996513	78.6837681448	61.7649164797	88.4316565655	72.4107719497	56.9556051004
60.4327071274	40.4430996513	94.2403082206	46.9255484646	56.5505631558	36.8813366125	42.4319806191	66.7058436054
64.4880633615	78.6837681448	46.9255484646	94.2403082206	62.9885831591	73.4320684961	69.6990087857	59.5169997938
56.75685534	61.7649164797	56.5505631558	62.9885831591	94.2403082206	57.4053723293	63.3936594941	58.4915183703
53.2359391356	88.4316565655	36.8813366125	73.4320684961	57.4053723293	94.2403082206	72.1177500094	54.5747740008
49.4166311057	72.4107719497	42.4319806191	69.6990087857	63.3936594941	72.1177500094	94.2403082206	48.5985859263
59.0271536067	56.9556051004	66.7058436054	59.5169997938	58.4915183703	54.5747740008	48.5985859263	94.2403082206
Genotype stats (X^T * X): 	16.0784313725
Gene expression - Genotype stats (Y^T * X): 
9.46052875165	8.38613631089	5.35221449367	6.59046027491	13.0131008735	7.29348578074	9.89107123349	5.54780863118