Tissue	braincerebellum
N_samples	102
Chr	17
Gene	ENSG00000007237.14
SNP	rs78587506
Gene_list	ENSG00000007237.14	ENSG00000132639.8	ENSG00000008441.12	ENSG00000170540.10	ENSG00000001461.12	ENSG00000136193.12	ENSG00000139970.12	ENSG00000118816.5	ENSG00000171246.5	ENSG00000185787.10	ENSG00000198668.6	ENSG00000165023.5	ENSG00000111897.6	ENSG00000152377.8	ENSG00000150625.12
Gene expression stats (Y^T * Y): 
94.2403082206	68.9299604248	62.8897329244	56.6127628648	56.7114216713	56.7691932966	62.3482378574	56.8441751532	63.5076651798	57.7187290746	66.0946692748	59.7544624303	57.3844901815	57.8089922197	59.6174075342
68.9299604248	94.2403082206	47.4500530501	64.8878494115	28.5304267196	57.0194957461	73.8698445588	61.3836571434	51.4428673156	74.6764061134	75.9527481936	56.4344315927	65.9098529875	66.8331652122	74.1675621928
62.8897329244	47.4500530501	94.2403082206	31.9079460619	35.3327663877	50.6495577457	32.1143637089	25.8438425621	55.7809554433	29.6695838885	36.8145128562	41.2083628668	34.7609843575	43.5101962691	32.2517317149
56.6127628648	64.8878494115	31.9079460619	94.2403082206	24.8174565464	46.7847431816	73.1680283955	60.8498498822	24.9838204201	66.8420180819	61.3404839771	59.0488129671	65.0320638158	62.9059125294	62.9846434684
56.7114216713	28.5304267196	35.3327663877	24.8174565464	94.2403082206	30.5593124831	20.717117892	31.6880923829	39.9130878375	27.2193945714	28.4587980275	45.2980188207	36.1509312838	38.8658724793	22.6718682619
56.7691932966	57.0194957461	50.6495577457	46.7847431816	30.5593124831	94.2403082206	38.1096692919	40.1709696951	42.7956696192	43.6865605465	49.3825238757	31.3034637805	52.9067883918	45.539569847	48.2028783074
62.3482378574	73.8698445588	32.1143637089	73.1680283955	20.717117892	38.1096692919	94.2403082206	55.533099075	34.2319478501	79.8456798637	69.4854188332	56.3904472085	59.8185959277	57.9911638382	73.8711863284
56.8441751532	61.3836571434	25.8438425621	60.8498498822	31.6880923829	40.1709696951	55.533099075	94.2403082206	32.7422553729	61.8247133085	62.7272704121	51.4287538407	61.0094957223	43.1155272522	65.3064185099
63.5076651798	51.4428673156	55.7809554433	24.9838204201	39.9130878375	42.7956696192	34.2319478501	32.7422553729	94.2403082206	33.2218427108	51.7519538588	31.4677936498	32.5227656278	36.6222276185	32.6020105392
57.7187290746	74.6764061134	29.6695838885	66.8420180819	27.2193945714	43.6865605465	79.8456798637	61.8247133085	33.2218427108	94.2403082206	73.2716037888	51.070910488	71.7866419	58.4196876386	73.4626943426
66.0946692748	75.9527481936	36.8145128562	61.3404839771	28.4587980275	49.3825238757	69.4854188332	62.7272704121	51.7519538588	73.2716037888	94.2403082206	44.7919099781	72.3772246839	51.4256795585	74.6175182777
59.7544624303	56.4344315927	41.2083628668	59.0488129671	45.2980188207	31.3034637805	56.3904472085	51.4287538407	31.4677936498	51.070910488	44.7919099781	94.2403082206	51.1775116146	61.2105990686	56.1552567491
57.3844901815	65.9098529875	34.7609843575	65.0320638158	36.1509312838	52.9067883918	59.8185959277	61.0094957223	32.5227656278	71.7866419	72.3772246839	51.1775116146	94.2403082206	63.8876910935	72.3739005827
57.8089922197	66.8331652122	43.5101962691	62.9059125294	38.8658724793	45.539569847	57.9911638382	43.1155272522	36.6222276185	58.4196876386	51.4256795585	61.2105990686	63.8876910935	94.2403082206	59.0186455054
59.6174075342	74.1675621928	32.2517317149	62.9846434684	22.6718682619	48.2028783074	73.8711863284	65.3064185099	32.6020105392	73.4626943426	74.6175182777	56.1552567491	72.3739005827	59.0186455054	94.2403082206
Genotype stats (X^T * X): 	9.8137254902
Gene expression - Genotype stats (Y^T * X): 
9.83424376089	3.65041709633	3.16674615128	3.04802969078	3.9843902058	5.68808476223	3.91523606854	4.18939231585	6.39478884913	2.87276740838	4.37994059324	2.78704310918	3.84907980508	2.38378183597	6.76544536959