Tissue	braincerebellum
N_samples	102
Chr	12
Gene	ENSG00000139629.11
SNP	rs2241545
Gene_list	ENSG00000103184.7	ENSG00000179178.6	ENSG00000139629.11	ENSG00000150510.11	ENSG00000114541.10	ENSG00000122367.15	ENSG00000112893.5	ENSG00000176381.4
Gene expression stats (Y^T * Y): 
94.2403082206	74.6343047189	59.2771085951	64.0871051817	66.783524924	65.6043059107	69.9386233481	68.9649636197
74.6343047189	94.2403082206	57.4593661767	60.1316484646	61.526911958	69.6737668612	69.2384681207	74.7735866442
59.2771085951	57.4593661767	94.2403082206	58.3746507132	57.6933763694	58.3872946542	56.7589234247	57.9083664187
64.0871051817	60.1316484646	58.3746507132	94.2403082206	53.8630616307	56.1867729073	62.0615602956	58.6201231192
66.783524924	61.526911958	57.6933763694	53.8630616307	94.2403082206	59.2971846139	61.9296796668	59.9805795948
65.6043059107	69.6737668612	58.3872946542	56.1867729073	59.2971846139	94.2403082206	63.3391005502	66.7593776171
69.9386233481	69.2384681207	56.7589234247	62.0615602956	61.9296796668	63.3391005502	94.2403082206	71.7090881348
68.9649636197	74.7735866442	57.9083664187	58.6201231192	59.9805795948	66.7593776171	71.7090881348	94.2403082206
Genotype stats (X^T * X): 	34.7024355784
Gene expression - Genotype stats (Y^T * X): 
-1.24983495938	-1.30208417789	-20.2031432412	0.201503327012	-1.12592621643	-3.60781542687	-0.252032706913	-3.86460125653