Tissue	braincerebellum
N_samples	102
Chr	21
Gene	ENSG00000142173.10
SNP	rs2027728
Gene_list	ENSG00000111341.5	ENSG00000142173.10	ENSG00000108821.9	ENSG00000164692.13	ENSG00000196923.9	ENSG00000000971.11
Gene expression stats (Y^T * Y): 
94.2403082206	65.2442841963	37.9248787543	67.9625912399	54.2108855433	49.2312068145
65.2442841963	94.2403082206	57.7946894647	65.2328009345	62.8977973499	56.791444931
37.9248787543	57.7946894647	94.2403082206	52.1491974655	45.0335563759	72.4813591748
67.9625912399	65.2328009345	52.1491974655	94.2403082206	52.5770302179	58.8976893021
54.2108855433	62.8977973499	45.0335563759	52.5770302179	94.2403082206	37.6158553639
49.2312068145	56.791444931	72.4813591748	58.8976893021	37.6158553639	94.2403082206
Genotype stats (X^T * X): 	37.2549019608
Gene expression - Genotype stats (Y^T * X): 
-15.7375569007	-18.9488882779	-9.94526255778	-15.6987287448	-10.2232526651	-17.0808685556