Tissue	braincerebellum
N_samples	102
Chr	1
Gene	ENSG00000119535.13
SNP	rs2144369
Gene_list	ENSG00000111348.4	ENSG00000077984.4	ENSG00000119535.13	ENSG00000100365.10	ENSG00000187116.9	ENSG00000103569.5	ENSG00000115590.9	ENSG00000115607.5	ENSG00000180353.6	ENSG00000112303.9	ENSG00000162747.5	ENSG00000116701.10	ENSG00000081237.14	ENSG00000163464.7
Gene expression stats (Y^T * Y): 
94.2403082206	51.263209509	60.3786440279	48.8706888542	49.4819176069	55.0172383695	40.5767926933	39.5340758432	51.8095743161	52.771753248	43.7594614896	43.2574206118	53.7205893407	57.2428513875
51.263209509	94.2403082206	56.5987871994	43.2631419945	62.7644484852	61.2821193465	55.0085194464	44.2644018765	33.8498172577	65.953722624	56.8203711378	50.2879638682	40.748805935	62.5478112077
60.3786440279	56.5987871994	94.2403082206	58.7492180445	56.6481368333	61.4805045201	58.6793875804	57.6823698247	62.8003166553	64.6093968994	60.3626050282	65.3240746377	60.6733908116	57.3107933474
48.8706888542	43.2631419945	58.7492180445	94.2403082206	47.0557030409	41.1654371357	37.7578970903	42.8755870417	55.6549387513	55.1481961591	44.8204938523	50.387754885	57.2996755187	42.3205799772
49.4819176069	62.7644484852	56.6481368333	47.0557030409	94.2403082206	69.8587716208	64.8707157973	59.4332610761	44.9774364499	68.6130294204	57.8659570279	51.2836840906	48.0444923759	58.7027654513
55.0172383695	61.2821193465	61.4805045201	41.1654371357	69.8587716208	94.2403082206	64.9014135959	61.510276552	39.2722407122	68.938781697	71.0794126283	59.1065456728	44.2558598722	73.1803023791
40.5767926933	55.0085194464	58.6793875804	37.7578970903	64.8707157973	64.9014135959	94.2403082206	65.0305185096	36.2992247341	64.3748500492	58.0382625592	54.0145555749	36.7304533907	57.4921450331
39.5340758432	44.2644018765	57.6823698247	42.8755870417	59.4332610761	61.510276552	65.0305185096	94.2403082206	43.8690549009	58.4207585842	58.8598395163	61.5175990281	47.757656914	45.9095447599
51.8095743161	33.8498172577	62.8003166553	55.6549387513	44.9774364499	39.2722407122	36.2992247341	43.8690549009	94.2403082206	45.1718614376	32.2066928425	46.8002052801	57.6032313748	31.0158530314
52.771753248	65.953722624	64.6093968994	55.1481961591	68.6130294204	68.938781697	64.3748500492	58.4207585842	45.1718614376	94.2403082206	74.4569057848	58.806422539	46.473913739	64.6018642724
43.7594614896	56.8203711378	60.3626050282	44.8204938523	57.8659570279	71.0794126283	58.0382625592	58.8598395163	32.2066928425	74.4569057848	94.2403082206	67.6769670464	49.5029278751	70.4012781866
43.2574206118	50.2879638682	65.3240746377	50.387754885	51.2836840906	59.1065456728	54.0145555749	61.5175990281	46.8002052801	58.806422539	67.6769670464	94.2403082206	61.9568733981	49.0823229029
53.7205893407	40.748805935	60.6733908116	57.2996755187	48.0444923759	44.2558598722	36.7304533907	47.757656914	57.6032313748	46.473913739	49.5029278751	61.9568733981	94.2403082206	45.0689603093
57.2428513875	62.5478112077	57.3107933474	42.3205799772	58.7027654513	73.1803023791	57.4921450331	45.9095447599	31.0158530314	64.6018642724	70.4012781866	49.0823229029	45.0689603093	94.2403082206
Genotype stats (X^T * X): 	13.3151546667
Gene expression - Genotype stats (Y^T * X): 
-5.50965171609	-0.940046756111	-10.9281148674	-0.973719510744	-5.28144997246	-6.68710996767	-7.38581090327	-3.53798312541	-6.33110626249	-6.72471951771	-5.39753113638	-6.51871675984	0.520835350129	-4.2776648247