Tissue	braincerebellum
N_samples	102
Chr	6
Gene	ENSG00000197977.3
SNP	rs68148747
Gene_list	ENSG00000197977.3	ENSG00000103489.7	ENSG00000154229.7	ENSG00000046889.14	ENSG00000080493.9	ENSG00000163110.10	ENSG00000171444.13
Gene expression stats (Y^T * Y): 
94.2403082206	60.678751506	60.7098925053	59.0548492951	56.8509828991	57.3438135939	65.430859499
60.678751506	94.2403082206	53.1725171834	51.0446256527	59.9320787793	35.2629552269	57.2407221723
60.7098925053	53.1725171834	94.2403082206	42.9379758483	51.6409515777	44.2525657632	64.1902907163
59.0548492951	51.0446256527	42.9379758483	94.2403082206	46.6785324342	42.2826100138	60.6488620924
56.8509828991	59.9320787793	51.6409515777	46.6785324342	94.2403082206	38.6671589895	58.7022606367
57.3438135939	35.2629552269	44.2525657632	42.2826100138	38.6671589895	94.2403082206	55.573692857
65.430859499	57.2407221723	64.1902907163	60.6488620924	58.7022606367	55.573692857	94.2403082206
Genotype stats (X^T * X): 	52.5196078431
Gene expression - Genotype stats (Y^T * X): 
22.3665813434	-2.78736360005	8.1158163772	12.8436135202	2.33455301026	1.59095056201	6.84811159556