Tissue	braincerebellum
N_samples	102
Chr	17
Gene	ENSG00000153822.9
SNP	rs11867479
Gene_list	ENSG00000071575.7	ENSG00000134716.5	ENSG00000153822.9	ENSG00000080493.9	ENSG00000064225.8	ENSG00000177807.6
Gene expression stats (Y^T * Y): 
94.2403082206	38.3020389989	57.211376364	54.0024550038	54.6501195865	56.6003618172
38.3020389989	94.2403082206	57.2245671445	38.0271471208	46.7918738699	52.7202443073
57.211376364	57.2245671445	94.2403082206	60.491281112	57.3256613123	59.5745265294
54.0024550038	38.0271471208	60.491281112	94.2403082206	55.8456089156	53.2029401542
54.6501195865	46.7918738699	57.3256613123	55.8456089156	94.2403082206	46.4069510819
56.6003618172	52.7202443073	59.5745265294	53.2029401542	46.4069510819	94.2403082206
Genotype stats (X^T * X): 	37.1470588235
Gene expression - Genotype stats (Y^T * X): 
-1.17428665468	4.81663782586	19.7611233359	-2.6152445031	2.03015055328	-2.07469526265