Tissue	braincerebellum
N_samples	102
Chr	19
Gene	ENSG00000105695.10
SNP	rs113355531
Gene_list	ENSG00000141934.5	ENSG00000179403.10	ENSG00000129757.8	ENSG00000162073.9	ENSG00000177105.9	ENSG00000166394.10	ENSG00000109099.9	ENSG00000117115.8	ENSG00000151552.7	ENSG00000129538.9	ENSG00000150867.9	ENSG00000166091.15	ENSG00000158865.8	ENSG00000204655.7	ENSG00000126860.7	ENSG00000184007.13	ENSG00000175130.6	ENSG00000105695.10	ENSG00000012124.10	ENSG00000105290.7	ENSG00000011426.6	ENSG00000128283.6	ENSG00000100146.12	ENSG00000167641.6	ENSG00000168314.13	ENSG00000146122.12	ENSG00000173786.12	ENSG00000049089.9	ENSG00000092529.18	ENSG00000010282.10	ENSG00000079435.5	ENSG00000179178.6	ENSG00000066322.8	ENSG00000244274.3	ENSG00000086205.12	ENSG00000167755.9	ENSG00000064787.8	ENSG00000134851.8	ENSG00000065361.10	ENSG00000102934.5	ENSG00000092758.11	ENSG00000124920.9	ENSG00000176485.6	ENSG00000126803.8	ENSG00000172508.6	ENSG00000150656.10	ENSG00000141540.6	ENSG00000114993.11	ENSG00000197971.10	ENSG00000103089.4	ENSG00000141524.11	ENSG00000204278.8	ENSG00000164176.8	ENSG00000073417.10	ENSG00000104267.5	ENSG00000118785.9	ENSG00000187764.7	ENSG00000172005.6	ENSG00000197430.6	ENSG00000080822.12	ENSG00000203485.8	ENSG00000070214.11	ENSG00000139433.5	ENSG00000198121.9	ENSG00000174607.6	ENSG00000136867.6	ENSG00000187164.13	ENSG00000136960.8	ENSG00000170775.2	ENSG00000107902.9	ENSG00000167123.14	ENSG00000091513.10	ENSG00000126878.8	ENSG00000104419.10	ENSG00000148826.6	ENSG00000169554.12	ENSG00000132702.8	ENSG00000136541.10	ENSG00000164124.6	ENSG00000013297.6	ENSG00000117266.11	ENSG00000196187.7	ENSG00000116574.4	ENSG00000115468.7
Gene expression stats (Y^T * Y): 
94.2403082206	45.9406483745	60.2434591648	45.5266305828	64.3665990693	59.3925962174	53.9572023316	51.736155422	54.3767329456	55.4755111592	70.9301229856	62.3093990544	65.0034032939	61.1276275031	66.4177486246	47.205445126	38.7154108407	67.1733700042	70.3107618031	36.1895852122	63.323575696	70.6664726521	66.7786384317	56.5448658677	41.2993952268	59.1923382672	55.2496315508	65.1433818459	62.5775978116	45.6639661826	59.7691578316	60.9082387763	61.2684138098	32.0218606642	64.0632038462	69.8007800308	44.293481134	53.557129706	72.4101617115	66.965607889	52.9853995341	68.9722648492	60.8814876558	73.2631154052	62.8937526086	60.7289849367	70.0117434064	61.706308418	44.4867366825	72.9285975637	52.7921472725	61.5327317869	60.5690493535	65.5145781822	56.4325064103	52.002437689	56.9026925523	59.2279892034	65.6594336396	51.9959142788	64.133774969	62.7931592387	52.4857959573	53.3270529822	66.9938793829	63.7706465621	51.2781393249	66.1582620017	64.9452738644	44.9808048817	45.0348283743	58.3967813093	34.9014028259	52.7554534453	66.4737270953	52.6444625743	57.624123917	60.3312258583	64.7533934337	59.1536683585	57.2236493026	56.3736512512	53.2203811243	65.1641949845
45.9406483745	94.2403082206	43.983068709	41.8742250841	54.3378377703	47.0479120436	36.6764535563	41.0084191601	45.0919486281	43.2362954471	51.0096246036	48.2439838105	43.6380340181	49.6167435156	44.3105877216	40.5887517932	44.9138781521	58.997158888	45.9247483032	42.5126619003	43.8282443717	59.8446138646	59.2756027983	51.1402005089	34.8865640906	46.8382574029	48.3647437167	44.680755268	42.8048334619	27.6131399424	54.3712664923	42.2306936825	46.0200552005	27.6746288356	46.7449293991	56.6885953563	35.4441700847	42.1159763035	42.1915746424	55.4715665797	39.170094139	55.9888723722	51.0408479693	57.556180852	48.2081649915	51.2076842489	53.7519013479	36.7147221771	36.6934795285	55.3844815241	50.8652455523	53.870044216	36.8867697217	33.2371256804	39.1488408367	45.297015655	35.4234918821	48.2218236317	54.0607819515	35.8936159727	44.2350000518	53.7847354809	36.4365669548	39.3501907808	44.8530029345	38.9704812123	42.9805645685	54.89323766	51.2455335916	35.4980291789	35.7478296144	53.8884423037	35.7153451794	35.9627198355	53.6297078382	44.7944648228	42.1262542424	45.1431191239	49.3178763201	41.5992080656	39.4258005402	35.2627902231	48.2912324454	37.5151936883
60.2434591648	43.983068709	94.2403082206	47.9582628553	60.7290779799	63.4686126644	43.4078841093	56.2492742779	55.3254926086	50.4300731683	59.6157481733	44.9688219057	69.5375503603	58.5387902386	60.2677329174	46.601702145	43.1429765352	64.421608433	56.8462306985	42.4816500665	62.2376738881	68.0249958139	64.2806074848	60.8284971461	41.7538983559	52.4907642385	54.6148684277	65.2086333285	56.9064389855	48.4325256055	60.2427689854	64.0629648561	58.6850067306	32.852118182	57.0712370837	72.4160379401	41.124826222	38.2590799655	63.9567301293	58.9540169842	56.9627881902	62.7402803532	55.6041725488	69.0006026191	65.2277809826	58.0388727613	53.109821389	51.086912602	42.4864041708	71.4522149906	54.3611149038	57.1776732717	54.5532969235	57.3090510557	42.3064356244	50.2128367239	56.1058630865	45.3062452262	50.5730504336	46.1483952179	61.8735647349	63.078465501	51.4112967339	50.2297487182	64.099177456	51.0061831892	45.3313219953	58.7010969352	60.5281163246	49.6936628881	37.8277556019	61.596817432	39.3930232342	54.2895046216	70.5145930808	58.8069843051	49.2428096597	59.4517772125	54.6331438209	58.389892045	55.6913992632	54.1886316783	51.8800891859	54.9621773356
45.5266305828	41.8742250841	47.9582628553	94.2403082206	54.5626156692	46.9587903401	44.2013934756	46.5379242101	58.266734974	49.8320867084	60.5142204274	52.8269859843	56.3887936604	61.6045640912	49.7268327401	53.2649803124	44.0115102342	62.0156862601	55.7473235592	47.0633254543	56.115995121	60.7370413435	60.3870812158	58.7053069089	48.3785134788	47.8035204074	54.7413704555	62.4476959209	51.9001066679	50.1842605143	48.5466729317	43.9746291588	53.5286078688	40.5758265078	48.3698190093	61.3214705817	48.1501964815	51.3916815192	51.6041020941	61.2285530357	52.9279897718	62.8961086013	54.6724977489	54.6873353366	63.6977323812	53.6835740403	54.1161643404	51.9632326298	49.3217072592	60.1887241254	53.6963760483	56.4680602105	37.1444907361	37.7439114418	29.546056746	45.8952952608	50.3892512217	55.6283978117	51.0480640355	50.6276821138	57.7464864859	55.3637939401	47.0608352613	48.7667031645	44.3622018268	43.1979377704	51.3663196239	50.7774686333	45.7821161614	50.8166549544	51.6875935048	59.1063100775	48.9597559182	48.4276460962	62.837583136	51.2362204313	57.6506414038	58.6867905277	48.0036188072	47.9024360547	54.2789400038	48.75969378	48.340228498	46.0398162855
64.3665990693	54.3378377703	60.7290779799	54.5626156692	94.2403082206	63.1080261505	51.5889427079	60.5237146141	54.1209280362	50.6887799273	67.7313388845	63.3375645573	57.2323008154	61.5361004707	66.3497904607	51.1443270232	48.8634448365	69.8713635977	68.1599797576	45.4736426538	64.1214262254	71.9536296567	70.9885157678	64.716865849	43.2372583839	57.4513972262	56.5303776104	65.8644275564	59.1008678878	42.5545158271	58.0647805398	66.5183294744	72.6911568041	32.2536114058	73.1194408801	71.1654264868	44.9104728053	56.9455958542	70.978177969	68.6306842336	54.5810900558	71.2006163813	58.6100922448	72.1123816698	65.3598190371	55.1132105092	68.7006338087	61.0826373349	45.5563123893	74.3589036065	58.1994084944	66.8263567695	48.5460480246	68.0368181404	40.2217021625	52.8319904132	57.765287341	61.5946898958	66.3680690862	44.4684178527	65.4424522389	65.0629397521	62.6209180906	52.1927182644	54.6643205212	62.3408234636	50.6377052524	61.2596627709	61.6978847029	44.0750740575	47.9509651814	58.8878163454	38.2560706082	54.1394063968	71.6664080792	52.8463818856	65.1069647882	58.7777707938	62.585818575	58.6330147277	51.3133518145	52.6804301536	61.3313966526	60.0100085321
59.3925962174	47.0479120436	63.4686126644	46.9587903401	63.1080261505	94.2403082206	44.9787459379	52.4503104697	46.4183541511	47.3514579159	51.59027401	51.9497341719	49.3423955078	53.8369747541	55.0208055673	37.7468115533	43.511313621	58.6020679008	56.7081982269	37.6898760634	48.2133608781	57.1410241098	65.0882096549	57.6318583703	30.486533783	46.7245056057	49.0807133181	61.4638041321	54.5734618001	41.3608612885	48.7663932615	64.3448426735	52.6289934693	29.5736381012	63.2336239196	63.4784013422	32.5460926201	43.5895676171	59.1297011744	58.308805382	52.5749402446	58.9991594293	51.5029329897	65.4576507583	58.085357859	49.4167745842	57.6405005736	42.807454676	32.1647162942	61.235963048	42.9638753573	55.6426818793	52.1818673354	59.1619521607	43.0537240138	39.9384433775	51.3531753295	47.9932559136	60.8504118038	41.1804996982	51.0734844455	57.0432942628	49.3871054318	39.2113862693	57.9484446603	56.1770057851	37.565464601	58.1725101287	58.8014307008	39.1496472998	39.3079955831	53.7180451687	32.6732489379	38.5672432319	59.507327391	50.665016981	42.9064824187	51.0289704023	52.7384420231	47.8745133639	39.968386471	44.7533532908	43.8644311516	38.8042870076
53.9572023316	36.6764535563	43.4078841093	44.2013934756	51.5889427079	44.9787459379	94.2403082206	36.7145726202	50.27165307	67.1043722274	60.4974546404	67.1989649106	42.0309879667	62.7624304927	62.2175689089	43.5615782985	57.0273118062	69.1632610251	52.3760149146	45.5780927919	54.0883002796	56.2804355035	52.9002377797	54.6388641861	44.4704373387	49.2703246083	66.8312371627	47.1282884626	59.6745020296	45.4474289147	41.0478692346	47.29070314	56.7193414708	52.8739308167	49.0003860839	62.3908446952	42.2709958805	40.0080240949	56.8686516322	63.952368025	42.8531679628	63.3286525441	67.2969315166	64.5746816826	60.5155445069	59.5380049829	66.5607913304	47.8292867706	43.7350771213	59.6805519159	36.3703191753	49.7537360163	58.9942623785	45.2515592231	59.6529685667	64.3403233726	40.6221352356	74.0434235047	60.9096223144	63.1945731083	45.9451458697	65.4487491749	46.5974991567	46.6100907087	50.7136996071	59.7206420431	40.032215099	65.0850904122	61.2589674606	55.6238154917	55.9658839089	63.0619321623	40.3703060931	64.9063076134	48.4642434014	36.6981281009	54.7491686707	54.9288975418	62.1441611297	75.2623293419	43.2474701817	56.1942823624	44.699323048	56.4438267897
51.736155422	41.0084191601	56.2492742779	46.5379242101	60.5237146141	52.4503104697	36.7145726202	94.2403082206	49.3203632604	40.9100878176	57.3249983861	53.7745250601	61.3552124949	53.4975344781	61.362991466	53.5428380949	47.388471461	58.9691004582	54.2487356896	49.6262843268	66.9258677547	56.3026886621	59.8453184621	55.4739030472	43.5381611685	63.9682467341	54.2708331674	69.7667131573	53.8597689338	46.7726256607	59.6970030426	51.2930888548	60.148383385	30.5025466059	64.2050151868	64.9709637039	40.7555651083	44.2551874134	59.6514539501	59.7563807106	41.8035872275	58.0784404204	49.1162604774	65.7513682792	62.5376846778	47.6576702176	56.0886196842	53.7385717697	44.8582552574	66.3893571136	48.0916186771	53.102257546	47.0415749807	50.0543086653	37.6002540748	45.0138342242	61.2371627497	50.3462437419	48.5819300875	47.0921260073	50.9839509277	60.9539156623	49.773480499	45.7799185783	57.5613489616	49.8116741174	48.9273683617	58.0928657316	49.4724773885	48.4595312085	40.368386117	57.2276226222	36.7961409663	42.9462033528	60.9706098591	48.3093432612	50.9955344035	60.4729898153	60.6761409824	47.4450666131	50.5195168782	51.703643505	54.6914591264	54.8442721896
54.3767329456	45.0919486281	55.3254926086	58.266734974	54.1209280362	46.4183541511	50.27165307	49.3203632604	94.2403082206	73.6629837188	67.2534810642	48.529274163	65.190469492	79.5674897877	57.8954324024	69.5754063209	49.0492287836	74.8107753902	56.6625741582	65.5643969527	64.0476313156	67.9480164025	59.1148265353	76.1525137117	60.3487213824	57.4722020897	68.618209178	64.6616250429	74.66177451	66.8479449219	53.1569846762	41.2813106283	62.0620569577	67.0019017665	43.9931511053	73.8494473818	63.3628138635	51.006751794	53.5261951133	71.6494195536	55.2368431709	74.6269404791	66.9728927672	65.5289840261	74.8297501428	76.0874661373	62.0310720284	48.9998218087	64.3531971395	62.8174486179	62.2117389442	53.3405437724	55.9884835085	43.1914486604	51.2330575696	70.7413295389	61.4819103347	63.5383879207	57.8266517536	62.3681648668	66.6565739358	62.9868620271	41.6842670463	62.2525847542	52.3871156795	46.9278904042	65.4755422962	68.9841659443	53.2333689194	64.6647915322	72.8236272411	80.4058607485	67.9825073875	66.8575936128	69.72092695	54.454493125	52.9772936777	74.8639775275	58.9237681887	68.4967895408	78.4473298269	70.0798631391	57.6269703735	63.7886313094
55.4755111592	43.2362954471	50.4300731683	49.8320867084	50.6887799273	47.3514579159	67.1043722274	40.9100878176	73.6629837188	94.2403082206	61.5903387265	54.5876576674	51.4009544737	80.5624392932	57.2095046242	61.3613882865	55.3710009829	76.8575916548	52.2007798195	63.5199223981	55.3057156414	60.2404026091	57.491421784	75.697316458	63.9390074601	52.0294188245	81.3794825178	55.9938645111	74.6773574364	61.4146822071	42.4446029873	43.3518347082	64.3902549748	70.5242688796	42.0598426247	67.0685434877	61.5697273272	39.7653486328	52.0859183416	75.3878939594	52.7420846925	71.2704250739	73.3283693731	64.1948730388	75.9508564583	67.5977618985	61.2894520401	44.481331753	61.877903752	57.2268100001	50.9106638503	47.7710223301	57.7154976941	39.7948241575	53.3604297506	65.6757192632	52.4726541465	69.8840001788	62.3970411077	67.2202319571	67.1932336774	59.4389691317	44.3337127074	58.5963845352	47.8115944283	46.4489166141	53.1633189552	66.7636921388	53.220003808	65.2017657324	72.524202992	78.4416718185	63.2111904563	74.3614382026	58.5110917888	45.1732465059	58.1104237659	68.5780778488	57.9073549777	79.2913183063	69.387878013	70.7045881172	47.2030811797	65.334147378
70.9301229856	51.0096246036	59.6157481733	60.5142204274	67.7313388845	51.59027401	60.4974546404	57.3249983861	67.2534810642	61.5903387265	94.2403082206	67.9824881346	69.1668372141	78.7200967962	79.4576895276	66.6182841683	52.6326427114	79.6133485528	77.1601817536	55.8322352863	77.2776033238	76.7647096286	75.9952655738	69.4743088245	60.3593724367	68.8773862902	67.3267788934	70.6237143196	70.9075626129	53.0369258469	68.2817663012	59.7657842745	73.5240274468	45.2932672873	65.9487857355	80.2445600963	60.4985859487	63.0915318728	77.985123682	76.6682446771	51.5745976935	83.3041149778	72.5175512885	79.9911092469	75.0330181594	73.062952935	78.9608706572	69.914043397	65.0477806321	81.9226697187	65.2099876361	73.6030920227	66.5012423288	62.2040606432	54.9452402029	68.8167192039	60.9934120344	72.6907904945	75.1865234589	70.1237795227	68.766157887	78.6385755893	59.8230717168	67.0017471364	69.6031639525	66.1373945206	67.4204298617	80.056531026	69.8058500081	59.6994193069	59.577883189	74.9748400395	49.4195455027	68.516888996	79.1010135736	63.1940171745	71.1026415646	79.5893838672	76.2177814882	68.7121819883	66.6647390336	68.3442743021	70.1527161617	70.9821373218
62.3093990544	48.2439838105	44.9688219057	52.8269859843	63.3375645573	51.9497341719	67.1989649106	53.7745250601	48.529274163	54.5876576674	67.9824881346	94.2403082206	47.7790499425	61.4213145462	62.7753283693	46.0609154606	56.5291690316	70.4848188264	64.7813700771	49.9823875433	57.1700456877	64.0250050553	68.1313101088	56.2833998202	47.8386587506	56.7836508494	60.3305154281	65.1450854962	62.1348779598	43.9915780295	51.247845608	57.6883298484	64.5310701751	44.324403373	65.8905578006	68.0510414296	48.2558490382	40.2038617535	63.8106016988	73.3559719132	46.6370983888	65.97730283	60.636219558	68.7037550496	63.8972927568	52.9500968539	69.3633304203	58.5741243034	49.5065214347	69.24960995	44.7940625863	64.4462513639	53.6915169918	56.6455223807	39.1179512289	48.0189037714	49.7836972639	74.7582557364	65.887972553	57.9431399588	53.2732656321	63.6815172455	62.8689646872	49.1150604315	54.0020720906	57.8864532639	51.7609547112	63.3174315655	61.4349721436	51.0935206381	50.8206619673	58.8373707964	37.44767296	50.1502336321	60.5313267763	51.1087081518	59.6335062684	58.8108936377	68.7207140313	53.7307249164	46.2043032629	53.5419635212	50.7708387335	58.1187216676
65.0034032939	43.6380340181	69.5375503603	56.3887936604	57.2323008154	49.3423955078	42.0309879667	61.3552124949	65.190469492	51.4009544737	69.1668372141	47.7790499425	94.2403082206	65.0825285393	67.372937044	66.378939165	42.5175265059	66.3208971593	69.4705360682	48.7339431854	73.2641079699	73.2233339717	66.106674928	67.2135331444	57.0080964268	67.1826605753	57.3898912851	74.8089130382	62.2432375607	58.1961937338	65.7197034095	45.4339499332	59.8711757615	40.2403224821	52.1402368422	74.3429748508	59.712188686	52.3774810175	64.8432052018	67.9162010413	54.3808452235	71.3694545488	60.8640376131	69.6589700711	68.1145388498	64.1957026078	63.4767254285	57.9183317467	61.9689481515	75.3171085957	63.9638732157	57.7403822278	56.004441065	52.4674761555	48.6416575486	56.4564327626	65.5535189964	54.6534878203	53.7301291805	56.0207630037	70.5206101754	70.3866709521	49.6971438415	65.193825549	62.0319905088	51.2688920448	63.6851374462	66.027490156	52.7746122892	60.563989883	48.1398532518	66.0127331536	57.1167630024	58.3587967294	78.1570510816	66.7833810222	58.6873152819	73.180399856	57.6877317295	59.1270290875	70.2524231034	63.1654923455	60.104047551	65.128436744
61.1276275031	49.6167435156	58.5387902386	61.6045640912	61.5361004707	53.8369747541	62.7624304927	53.4975344781	79.5674897877	80.5624392932	78.7200967962	61.4213145462	65.0825285393	94.2403082206	66.816834111	68.250890607	51.1384961299	86.0430651042	68.4075041667	65.9334194964	71.3819294419	71.6206022223	67.8310528261	79.1723543758	70.1235719285	63.0953108049	82.3687017595	71.1440871833	82.4375055155	65.7180833094	58.3517945802	49.0455147886	71.8467412891	67.1153253811	52.9037006541	81.4349040861	67.3319906552	56.011583138	63.9796600326	80.0151369927	59.2300483407	86.3358063143	75.6872950419	73.0334207403	85.3981811509	78.1888827005	72.2557314236	58.4587816351	72.0898423511	71.2927721212	66.3021843852	63.93919903	62.132665409	51.5741810279	57.4310030155	74.5242841843	67.0966909077	74.0019655376	71.611388484	75.7098609459	72.5949512935	71.8480848772	51.8886312418	65.0150444379	55.9096718758	57.2095025705	67.5253517487	77.7469542992	59.5371305082	67.2907007246	78.1968953412	87.26295108	66.5845325469	75.3252478915	76.3106288927	57.9218812786	70.2773611197	83.370886897	71.0384647881	79.1611669584	81.4096350638	77.5183045033	61.3425888779	71.1887693173
66.4177486246	44.3105877216	60.2677329174	49.7268327401	66.3497904607	55.0208055673	62.2175689089	61.362991466	57.8954324024	57.2095046242	79.4576895276	62.7753283693	67.372937044	66.816834111	94.2403082206	54.1549855439	50.0377441773	71.2757897804	69.1846584337	48.0881880121	82.6082787366	66.0507484885	70.9288780057	60.0726086536	48.0068500284	63.5543332602	63.3859450144	62.7004066959	59.5560093304	44.67604698	67.0132377748	63.7460174424	65.3910061045	40.284778985	70.2357513016	74.509299445	46.4103879312	54.0657327685	78.7250636424	71.2339852592	43.843177465	75.0633854069	66.0205010288	81.6737823918	63.9633260958	68.9225095117	79.3439661959	61.6188042243	50.3781223228	78.7616482195	54.1994582806	62.7322321237	75.0605374408	64.2967189725	60.4562168287	61.3164084887	52.7256663606	64.5370880073	67.2111889463	62.8524459249	65.2297804233	77.5413477611	57.8994892957	55.342920965	80.9196981592	66.3492697916	58.2806266298	82.1781071792	78.1293249162	53.764952853	48.9387788319	68.1226493947	42.7711053351	57.9817692906	66.7709827013	59.5291048877	62.12365197	75.3686890303	78.279823828	69.1965443717	55.7918674842	65.432628138	57.1345227148	64.327564064
47.205445126	40.5887517932	46.601702145	53.2649803124	51.1443270232	37.7468115533	43.5615782985	53.5428380949	69.5754063209	61.3613882865	66.6182841683	46.0609154606	66.378939165	68.250890607	54.1549855439	94.2403082206	36.8332451221	65.3200195997	56.6733975067	58.0063647419	58.4901579457	69.2566969244	52.9764114252	71.6652946144	68.6141431797	66.6903791873	60.0496442198	64.2163577733	65.7138666675	58.5186717965	49.2689844706	34.1515845032	60.0470602981	50.2098494077	39.4328350864	67.632776356	73.8654999122	45.9781232027	49.9693086982	64.3103712853	54.107951405	67.4562936119	68.0973728633	59.9108007725	68.7958622403	59.2098938022	53.6978027259	43.8436965847	71.8795863859	59.8845094384	62.2544976941	52.4758225877	44.6121094769	39.3234561371	41.7902196443	60.4090255363	59.8293224642	57.1334539671	58.4343553334	61.7074675665	67.9950037159	61.635081872	44.3545649002	75.5562236581	40.0797157256	36.3888833131	73.872123714	57.9726244321	39.550771346	65.8115052847	57.8946438126	66.2462585684	73.390868485	74.0516497361	68.0540733465	68.3675141067	55.1777137176	71.9421361737	49.5425676212	57.8698550251	65.8933002769	59.5662442781	54.0571395775	65.5584197924
38.7154108407	44.9138781521	43.1429765352	44.0115102342	48.8634448365	43.511313621	57.0273118062	47.388471461	49.0492287836	55.3710009829	52.6326427114	56.5291690316	42.5175265059	51.1384961299	50.0377441773	36.8332451221	94.2403082206	60.849730541	43.3571370247	62.4044393918	43.7848705579	51.7615382329	55.8200899577	57.7563484068	50.0893930702	47.9437122181	64.3958455363	50.092242384	50.9203866924	46.3655805184	42.5385203871	45.4743659266	51.9767145466	58.4163070019	51.3533994312	54.4655050099	45.6161986406	44.4649830884	46.5830123062	60.9313192719	42.5559858555	49.7704506071	50.1840484174	56.5675498924	52.2761076207	48.555154931	50.10103396	43.8594930072	47.7345916123	54.4670345168	35.8094365794	45.2901481319	46.787704988	43.2159363474	30.3707154374	44.2198811607	42.2061493319	65.3244309987	47.3584653364	57.4708867591	42.0541037484	53.7831920638	46.3276335288	43.1436610727	49.2247962477	43.3511785476	37.3495716261	52.0958521633	47.7872625972	57.2599722406	47.9335888905	56.7154385196	38.3151471569	51.1582532994	47.4288392387	36.1799792877	50.1626474042	49.8967337192	50.6549527469	49.6291246324	36.2592943584	38.8568639045	50.2965096426	39.124444269
67.1733700042	58.997158888	64.421608433	62.0156862601	69.8713635977	58.6020679008	69.1632610251	58.9691004582	74.8107753902	76.8575916548	79.6133485528	70.4848188264	66.3208971593	86.0430651042	71.2757897804	65.3200195997	60.849730541	94.2403082206	68.5316643033	62.3332696965	72.835989053	79.8298021622	75.8488921946	79.4472071391	63.3041758468	65.4975838189	83.0342051224	74.0842914617	79.3613836551	59.383185925	66.7627734229	60.4409194504	74.4032774568	57.238740534	60.8003797374	85.5730425094	60.347268548	58.7467498027	67.8508966492	84.8660084163	60.3078510213	86.2278890675	76.5770544887	81.7188647324	85.0673287953	79.6795792781	78.0374098265	60.02573244	64.429169758	80.4009531666	64.3223363566	67.9177087393	66.54924414	57.4848396836	60.2671700354	74.8131888906	61.1325006048	77.9489278337	74.6866043932	72.1483119904	70.9848989494	74.8671879266	59.0200744036	63.7667169813	64.1600275698	60.4741512775	64.9421763219	81.1512808203	70.1746696581	61.5037367393	71.4801525091	85.6896619949	57.9407689968	75.6613514584	77.3055012516	57.9121409229	70.9077356139	79.4943660454	76.5571137358	77.5473062505	72.8720241173	70.8852893166	61.2534666182	72.3349444753
70.3107618031	45.9247483032	56.8462306985	55.7473235592	68.1599797576	56.7081982269	52.3760149146	54.2487356896	56.6625741582	52.2007798195	77.1601817536	64.7813700771	69.4705360682	68.4075041667	69.1846584337	56.6733975067	43.3571370247	68.5316643033	94.2403082206	41.4387084903	69.6302885402	72.890881272	73.8046584795	64.060400422	48.6435659382	64.8013586174	55.2194526455	74.1900569644	67.9605524974	53.8067345703	63.0132033199	60.3850396905	66.1330062223	40.0387552848	68.8425881415	73.8314750565	51.4899459976	56.0179999802	81.4977181276	71.5154569032	53.8842626114	78.683432149	61.9548514147	71.2665260774	69.028345305	61.5173555717	72.7213652564	68.305371569	55.1572464955	78.7026772168	65.0576004549	75.4187638688	52.9356701379	66.964660095	45.3346778169	54.0812188745	66.3994718174	62.322687599	71.3107464172	57.7908855419	68.5124903533	71.2943747723	54.1218755655	55.3369750063	60.2432782034	66.9402501064	57.1517991689	69.6200152884	59.9517694628	53.6482873138	52.4193900918	63.1757194915	45.3700687853	54.5035396947	74.5027346625	63.7049752883	65.7676515868	66.6639677411	61.7605585685	57.0560066958	60.9266825961	66.4418517959	64.8378431725	60.2240050643
36.1895852122	42.5126619003	42.4816500665	47.0633254543	45.4736426538	37.6898760634	45.5780927919	49.6262843268	65.5643969527	63.5199223981	55.8322352863	49.9823875433	48.7339431854	65.9334194964	48.0881880121	58.0063647419	62.4044393918	62.3332696965	41.4387084903	94.2403082206	49.8768620366	51.816878442	53.2238938827	60.0754955558	63.1504850352	52.2555801577	67.623980611	51.3666816798	62.094466081	57.1553257505	42.0957344879	34.5873319597	55.5577475323	67.1331768767	41.6788836122	60.4858144828	60.4896790761	40.4352199302	42.1043086213	60.6721496569	44.1457651517	55.9194858851	59.0584712292	54.0834139485	60.7270320493	55.0464158109	42.6446107734	42.7981994002	66.7904462123	53.1312392535	37.8661605037	42.5110187653	49.4245378516	36.889240937	38.1553220284	53.464713873	53.7180391658	57.574851184	46.7144939768	51.9287200499	52.2202824263	52.9421748423	44.752461084	57.9263499729	43.3594816822	31.7518539184	56.829510093	55.2968386321	41.1346169165	64.9352895085	60.0074454168	67.5589666744	56.1168359996	64.4426339543	52.8751226462	41.3921706215	48.294536088	67.9792553576	49.2786262195	56.8126644391	59.4300730027	47.6148902068	53.0835887829	49.0965269184
63.323575696	43.8282443717	62.2376738881	56.115995121	64.1214262254	48.2133608781	54.0883002796	66.9258677547	64.0476313156	55.3057156414	77.2776033238	57.1700456877	73.2641079699	71.3819294419	82.6082787366	58.4901579457	43.7848705579	72.835989053	69.6302885402	49.8768620366	94.2403082206	65.4129622686	70.5538011078	63.4814735705	51.8347806226	67.9210979848	66.1183671901	68.493217387	63.1304944431	52.7127941982	65.7828432765	55.9806239211	65.6952115611	39.3036545894	64.5802011896	75.5730240328	51.2578027879	58.0218243911	75.5960702482	69.3861061128	46.4726526825	74.3727145742	64.7392976269	79.3275967251	67.1669524912	70.018755172	74.7787438284	61.4124593255	55.1790793022	81.2448181655	64.1740453464	63.2152519346	67.679879278	55.1128558556	59.4996198454	65.3480208592	63.0852621525	63.4467060738	59.5160249861	60.3137097369	65.1156653258	75.5831729889	61.0146169513	57.2117294698	75.4776713716	64.9875913097	64.916586605	78.419495264	70.3870565865	55.8450118005	53.0624923133	74.4625795516	47.094757033	59.331056618	70.310016687	60.7423933076	63.7857596829	77.0201922291	75.2188437979	69.040197067	66.8166428895	68.3699415377	61.7599376131	72.0121950553
70.6664726521	59.8446138646	68.0249958139	60.7370413435	71.9536296567	57.1410241098	56.2804355035	56.3026886621	67.9480164025	60.2404026091	76.7647096286	64.0250050553	73.2233339717	71.6206022223	66.0507484885	69.2566969244	51.7615382329	79.8298021622	72.890881272	51.816878442	65.4129622686	94.2403082206	73.775826165	73.8632090032	58.6334197457	69.3354054718	65.0301612197	73.7992215689	70.8345365681	53.1941217107	68.9828063362	60.3521480901	68.9187800928	43.5622519979	62.7241294665	80.524266132	62.1337745286	58.9882884684	70.3826127099	76.0308579779	65.8944277616	80.3385426083	70.2079995672	77.9555878789	75.7541273745	66.8128177964	71.5980343518	61.5634955789	63.3654868193	77.7852952054	64.4454723317	71.0122662354	59.3990841332	64.1426759986	49.4271027206	64.1391800582	60.1611754744	67.3533435322	71.4455083128	60.0429040897	71.4949182894	73.0661018281	52.4311834277	69.5817293567	58.9203153484	59.1765438744	67.4358824349	69.9202981237	61.0604563389	58.0548967597	55.8375495227	71.2706541612	58.7489364632	70.2128296812	81.7338027019	67.841757587	63.1285403784	72.9023856776	65.9153655586	62.793415278	67.024643056	59.2509842483	61.0736528462	67.2606912197
66.7786384317	59.2756027983	64.2806074848	60.3870812158	70.9885157678	65.0882096549	52.9002377797	59.8453184621	59.1148265353	57.491421784	75.9952655738	68.1313101088	66.106674928	67.8310528261	70.9288780057	52.9764114252	55.8200899577	75.8488921946	73.8046584795	53.2238938827	70.5538011078	73.775826165	94.2403082206	66.729156756	49.7540113239	62.2905343322	63.4479357141	71.4475471927	68.6642943461	49.839353975	64.016677368	64.7587555523	66.0989888826	41.172638143	66.2637882051	75.9779280378	49.8951718838	54.2199759648	74.8103727746	76.6768635233	55.5419146311	74.2297644807	66.192661915	77.7139325241	70.6746222198	61.0584371829	70.8875376247	68.7816622404	54.0666956149	81.6165741616	58.4411879193	70.7208159676	61.8199404859	58.5354809723	46.2628408776	55.9064688873	59.4941485279	63.9057255966	66.4603530584	57.7373995833	65.9092797796	69.7682785908	67.4228907053	56.293632928	68.4980267111	63.7819949295	55.5610512735	70.2327714081	65.40973812	51.7739331145	51.822874203	69.4600741042	43.1601907612	57.0326111596	75.5966948162	62.3612865295	66.4250961606	66.3730743857	66.4124020855	59.0167718845	58.696124244	60.3542494166	64.6555703965	61.6567334977
56.5448658677	51.1402005089	60.8284971461	58.7053069089	64.716865849	57.6318583703	54.6388641861	55.4739030472	76.1525137117	75.697316458	69.4743088245	56.2833998202	67.2135331444	79.1723543758	60.0726086536	71.6652946144	57.7563484068	79.4472071391	64.060400422	60.0754955558	63.4814735705	73.8632090032	66.729156756	94.2403082206	69.3380313708	69.3746504616	75.8472112381	74.5973301471	76.7534493353	68.3712253699	56.1883679521	51.2638303463	71.9769555169	59.6451848737	54.2579917717	73.8953252366	69.2568270643	49.7832145354	59.5981270073	79.7122107436	62.0378947945	76.3876508487	71.8036619532	69.4096204732	82.4449997319	69.243039382	65.4199638222	52.0257710466	69.1790779984	68.344778478	68.1609457535	62.817615464	51.8661735719	48.839617917	47.6733486543	62.3070981912	61.7906802756	68.3400937212	68.0571337619	66.4473138755	78.3406222097	66.1827606142	51.3786751117	67.2145984214	50.7713718407	48.9964596991	67.638463729	69.1379055351	51.7558459848	70.3510956683	72.9390691572	74.5042916952	70.8624467286	72.2235088169	78.013397235	67.5200836747	65.8129163825	73.0312948119	59.1581924169	69.2689449566	73.3441068415	69.915187	61.2658670407	68.6362129299
41.2993952268	34.8865640906	41.7538983559	48.3785134788	43.2372583839	30.486533783	44.4704373387	43.5381611685	60.3487213824	63.9390074601	60.3593724367	47.8386587506	57.0080964268	70.1235719285	48.0068500284	68.6141431797	50.0893930702	63.3041758468	48.6435659382	63.1504850352	51.8347806226	58.6334197457	49.7540113239	69.3380313708	94.2403082206	65.9992787873	71.2173772589	56.5820315236	67.166706761	69.1853679168	44.361352792	32.6411529331	53.7703076267	63.1750434705	35.9638268871	56.2569513554	87.4987797051	44.0148087086	41.2053919219	60.3773526441	46.4064259878	59.5539480669	59.9797163594	53.8618049002	70.8536069294	50.4964870262	45.5683332035	39.2549804241	88.1311708247	51.3807376387	50.5212778806	45.3503409618	38.9381323331	36.0465621306	30.3790223234	44.7579732461	60.0017080483	66.7977633308	55.6720167009	68.6352431769	63.8070122342	56.1754094014	43.5527931924	77.9533739248	35.7234374548	29.8141328319	74.7527907112	51.2431845255	31.4168168732	73.0310532069	69.0546936129	63.3919612504	72.1503046505	73.83863012	63.198698247	55.6676231789	61.4229659462	73.9320748421	46.3986297574	54.8039778335	62.4540791687	49.5075431819	48.6747549254	58.9344009062
59.1923382672	46.8382574029	52.4907642385	47.8035204074	57.4513972262	46.7245056057	49.2703246083	63.9682467341	57.4722020897	52.0294188245	68.8773862902	56.7836508494	67.1826605753	63.0953108049	63.5543332602	66.6903791873	47.9437122181	65.4975838189	64.8013586174	52.2555801577	67.9210979848	69.3354054718	62.2905343322	69.3746504616	65.9992787873	94.2403082206	61.9183593988	71.9678365321	63.1091095138	65.8933602591	59.3809371833	56.1633927739	58.6737316009	40.6978973521	58.5611490137	63.7053661927	66.5966116965	50.7085363776	62.2133505551	65.6690382458	48.8292875551	64.7863205035	61.4877990866	68.5626054052	68.2704535837	53.4051928642	66.72062671	57.1482616013	66.5638373739	67.815256318	59.7138449717	64.8977557441	58.7838542439	56.3984473697	47.6724004957	47.0657875752	62.8486548712	64.7643013291	67.46023716	64.8954594462	64.1595367147	71.8357302546	53.6561796961	71.2951927792	58.1134985023	51.9462706722	71.5889135109	65.0863552677	53.7233334611	65.7234413883	52.3623586279	60.4511271869	62.2671298444	64.0971672877	68.6566829979	66.6726468664	54.1502855782	73.0125023333	61.564214286	56.5309514128	57.8746431569	54.4080960032	58.1633182349	68.2239482548
55.2496315508	48.3647437167	54.6148684277	54.7413704555	56.5303776104	49.0807133181	66.8312371627	54.2708331674	68.618209178	81.3794825178	67.3267788934	60.3305154281	57.3898912851	82.3687017595	63.3859450144	60.0496442198	64.3958455363	83.0342051224	55.2194526455	67.623980611	66.1183671901	65.0301612197	63.4479357141	75.8472112381	71.2173772589	61.9183593988	94.2403082206	63.82763233	73.3540136332	65.0656761836	54.8734646284	49.9927332847	65.4358505645	69.2837962984	50.7963948362	72.4221162667	61.6116792351	50.7947317847	57.2022199255	78.1673054071	51.91093202	74.086721203	72.645095849	71.2881378628	81.5288125508	68.5881982476	67.1581375862	52.0863964993	67.7457904131	67.6150399987	53.9173936162	54.056319417	59.6311646819	46.8155686062	55.4141886851	65.8318100603	60.1940965282	74.47752282	65.7583111478	73.7554544535	64.7076766186	67.4042425823	52.3746171039	58.0745878426	57.0277484421	50.9697882553	57.6928544001	72.5360030525	58.9298169355	70.3321073068	75.3071971893	84.0120622423	61.0594365223	73.9397790896	61.6221393962	49.9398413537	65.1574739922	75.9917531529	70.0046075844	79.811628103	69.6285379648	70.8750211931	53.6074897183	67.8733237091
65.1433818459	44.680755268	65.2086333285	62.4476959209	65.8644275564	61.4638041321	47.1282884626	69.7667131573	64.6616250429	55.9938645111	70.6237143196	65.1450854962	74.8089130382	71.1440871833	62.7004066959	64.2163577733	50.092242384	74.0842914617	74.1900569644	51.3666816798	68.493217387	73.7992215689	71.4475471927	74.5973301471	56.5820315236	71.9678365321	63.82763233	94.2403082206	71.9930978261	61.9890459063	65.2177122282	57.833170396	68.5378313307	43.1654419821	64.8085990925	76.919752807	58.4941669822	53.5982146537	69.6644994019	78.3734288182	67.6098474181	76.500164393	64.5077874924	73.7245452743	79.1486837482	62.8809783474	69.9318064513	68.7690593609	57.9895320925	77.6818751707	67.943925537	72.8812672696	54.6218278507	59.8293680522	45.2973489629	50.6422126012	69.6686298459	62.6841270246	68.1874565897	62.1404927256	73.7023004652	68.591088036	54.8567019146	60.7074054479	57.5140025367	51.3484631945	62.7454099536	66.682305075	53.7381192826	62.1788695037	59.7153064859	68.8857246559	55.1540046583	57.0844598351	77.630581914	66.249533654	63.837687011	71.7101086827	63.2849307163	55.6340152777	64.7898624616	66.0723421358	61.2805914021	63.2641381718
62.5775978116	42.8048334619	56.9064389855	51.9001066679	59.1008678878	54.5734618001	59.6745020296	53.8597689338	74.66177451	74.6773574364	70.9075626129	62.1348779598	62.2432375607	82.4375055155	59.5560093304	65.7138666675	50.9203866924	79.3613836551	67.9605524974	62.094466081	63.1304944431	70.8345365681	68.6642943461	76.7534493353	67.166706761	63.1091095138	73.3540136332	71.9930978261	94.2403082206	71.7288041574	52.1711083874	52.9269289658	72.2287361221	65.5752511423	50.7534362885	75.6450561878	68.5248051457	48.2342029658	61.0969438186	75.8406723125	62.5935919956	80.3694154692	72.0574111871	69.2829299145	83.6061997266	71.2814000338	66.6876492842	54.7130317127	70.1280897311	67.7936852149	54.9449747096	62.8043068574	56.8270656754	54.3459017133	53.4355804189	64.6562467162	69.4357766075	71.6252410773	67.4271662768	71.383020901	69.2357957182	66.5116625042	51.1668278449	67.0759070821	52.5102075052	52.241765524	65.4223731814	69.9710623326	54.2029492995	64.5049723241	73.7804909495	78.0933955398	63.7375905095	74.0286721982	73.523394215	54.7454705882	64.4411949921	75.5011309517	60.9479634615	67.7014119263	74.2900337367	71.2166567878	54.3641452172	64.2849517306
45.6639661826	27.6131399424	48.4325256055	50.1842605143	42.5545158271	41.3608612885	45.4474289147	46.7726256607	66.8479449219	61.4146822071	53.0369258469	43.9915780295	58.1961937338	65.7180833094	44.67604698	58.5186717965	46.3655805184	59.383185925	53.8067345703	57.1553257505	52.7127941982	53.1941217107	49.839353975	68.3712253699	69.1853679168	65.8933602591	65.0656761836	61.9890459063	71.7288041574	94.2403082206	46.8677850186	38.5258639731	50.5814144051	65.0085726501	38.865979754	55.9988736305	67.152620203	42.1847753537	46.182135714	59.3374307962	46.796427039	57.6095427575	56.0830905602	52.7967200136	72.2618910499	52.0859562207	51.46514178	45.1841348694	65.9429478265	51.6646867645	47.5027499227	50.4638328678	42.2821030491	43.3054349393	35.5265666325	44.1772176757	65.5337656686	62.9384767718	47.9837331709	63.8997569184	55.6660568675	51.8052482402	35.8495692959	54.3192132852	41.2615786077	36.6845925363	61.6645334677	52.0354390133	35.9980150623	73.489418645	67.6334227817	64.984493091	62.3633808177	65.7267385395	57.6495571514	45.2304655814	55.9141344402	63.4696418746	45.3711317811	53.0600212989	64.0892002412	60.381650125	47.9815554275	57.0789724296
59.7691578316	54.3712664923	60.2427689854	48.5466729317	58.0647805398	48.7663932615	41.0478692346	59.6970030426	53.1569846762	42.4446029873	68.2817663012	51.247845608	65.7197034095	58.3517945802	67.0132377748	49.2689844706	42.5385203871	66.7627734229	63.0132033199	42.0957344879	65.7828432765	68.9828063362	64.016677368	56.1883679521	44.361352792	59.3809371833	54.8734646284	65.2177122282	52.1711083874	46.8677850186	94.2403082206	55.4457788754	51.79699854	32.0286342376	53.0723819925	67.2084276683	43.1502341807	49.7538168067	64.4895764154	62.3284022641	49.5777075811	64.8463325002	54.6519440995	71.0619286213	61.830378676	54.884835911	66.4781510766	58.6334134818	47.3920168423	71.7651934182	58.702660144	63.7018353526	52.8824095012	51.679533242	44.4024775637	51.594708981	50.4572315772	58.4425723622	54.7002492212	51.3125780717	53.0896543419	65.862280315	44.9715959944	47.6115682843	59.2613617266	50.5933559298	55.496704556	62.9604262651	57.4944170043	48.2370601232	43.200532846	63.9628556858	34.6716190403	51.7909159245	66.9844111713	50.8343325721	55.8154824276	62.3311037298	65.4217734921	54.3436697573	53.4245025366	51.8011179603	59.1966728044	57.3882357029
60.9082387763	42.2306936825	64.0629648561	43.9746291588	66.5183294744	64.3448426735	47.29070314	51.2930888548	41.2813106283	43.3518347082	59.7657842745	57.6883298484	45.4339499332	49.0455147886	63.7460174424	34.1515845032	45.4743659266	60.4409194504	60.3850396905	34.5873319597	55.9806239211	60.3521480901	64.7587555523	51.2638303463	32.6411529331	56.1633927739	49.9927332847	57.833170396	52.9269289658	38.5258639731	55.4457788754	94.2403082206	57.6007702231	28.9423624318	74.9200140278	60.0016185158	30.2999906335	44.0179883498	71.5553682554	57.0629665011	45.3008929447	58.003567022	51.4554873896	68.0665402723	58.6304275293	44.6246464279	64.573486854	53.4438742736	33.2552529977	70.5465334489	35.1351314055	65.8173030717	59.4400387842	70.0106089968	36.0098306523	36.4099678702	47.8237795391	52.3847486306	66.8995810405	45.9456054348	47.3306986762	58.0448898191	56.4223298666	42.1476860302	66.0963366781	60.6211182687	40.3572463956	59.4897776439	68.5068124111	36.770979926	35.3449433815	48.8218911309	26.1973231631	44.3815144717	55.8299263698	49.8648871365	47.9464463952	54.7921352902	63.8945323726	47.9121863585	33.779697961	44.7963170175	43.8470448931	48.3825487278
