Tissue	braincerebellum
N_samples	102
Chr	19
Gene	ENSG00000167615.12
SNP	rs61073316
Gene_list	ENSG00000127054.14	ENSG00000141837.14	ENSG00000104852.10	ENSG00000167615.12	ENSG00000118816.5	ENSG00000198668.6	ENSG00000107281.5	ENSG00000176978.9
Gene expression stats (Y^T * Y): 
94.2403082206	42.7573382459	76.2582862828	60.4099567505	-40.546025252	-45.7121891402	52.03012704	51.3746272999
42.7573382459	94.2403082206	50.2069933067	57.3047880894	-29.494905763	-36.4630107905	28.9080246841	44.1667075988
76.2582862828	50.2069933067	94.2403082206	71.3901893863	-53.3443045414	-42.3097447791	59.7929293127	67.8883526556
60.4099567505	57.3047880894	71.3901893863	94.2403082206	-56.860499798	-59.4799736313	63.3234588927	67.4931593091
-40.546025252	-29.494905763	-53.3443045414	-56.860499798	94.2403082206	62.7272704121	-46.9040143352	-54.6804054361
-45.7121891402	-36.4630107905	-42.3097447791	-59.4799736313	62.7272704121	94.2403082206	-48.7468433164	-48.8955736934
52.03012704	28.9080246841	59.7929293127	63.3234588927	-46.9040143352	-48.7468433164	94.2403082206	67.6630013319
51.3746272999	44.1667075988	67.8883526556	67.4931593091	-54.6804054361	-48.8955736934	67.6630013319	94.2403082206
Genotype stats (X^T * X): 	13.6387402059
Gene expression - Genotype stats (Y^T * X): 
-7.12233609825	-9.8796142509	-10.49208192	-11.6805714283	10.6957231443	12.073353846	-7.18628030521	-10.4014976892