Tissue	braincerebellum
N_samples	102
Chr	6
Gene	ENSG00000204287.9
SNP	rs72851102
Gene_list	ENSG00000125730.12	ENSG00000173372.12	ENSG00000159189.7	ENSG00000173369.11	ENSG00000162511.7	ENSG00000204287.9	ENSG00000011600.7	ENSG00000019582.10
Gene expression stats (Y^T * Y): 
94.2403082206	47.4750622857	55.8167715116	61.2544509581	48.3743190308	56.8859143761	55.3334714251	59.6733730584
47.4750622857	94.2403082206	82.08957095	82.5239677128	49.7832654631	59.3543528385	52.7788341712	42.4726624964
55.8167715116	82.08957095	94.2403082206	86.081932334	61.1323185406	64.7219670454	58.6788418509	49.9620923414
61.2544509581	82.5239677128	86.081932334	94.2403082206	55.3191390361	69.3875856658	59.4330886672	56.0442900811
48.3743190308	49.7832654631	61.1323185406	55.3191390361	94.2403082206	56.5455491264	72.6569155572	46.1801539154
56.8859143761	59.3543528385	64.7219670454	69.3875856658	56.5455491264	94.2403082206	59.9698002472	66.0500961313
55.3334714251	52.7788341712	58.6788418509	59.4330886672	72.6569155572	59.9698002472	94.2403082206	55.2809297841
59.6733730584	42.4726624964	49.9620923414	56.0442900811	46.1801539154	66.0500961313	55.2809297841	94.2403082206
Genotype stats (X^T * X): 	46.1855993725
Gene expression - Genotype stats (Y^T * X): 
11.1100827612	14.533310545	11.6583224237	12.9205320938	-1.85685991242	20.2027313093	8.77916973051	7.5942049701