Tissue	braincerebellum
N_samples	102
Chr	12
Gene	ENSG00000186815.8
SNP	rs7297727
Gene_list	ENSG00000112139.10	ENSG00000124181.10	ENSG00000108799.8	ENSG00000178233.13	ENSG00000010322.11	ENSG00000012822.11	ENSG00000174080.6	ENSG00000186815.8
Gene expression stats (Y^T * Y): 
94.2403082206	69.0952972815	60.9707546921	66.7882538262	76.7004058549	59.4239759303	46.0401784675	71.8581348596
69.0952972815	94.2403082206	63.522352895	46.3550370327	62.8209077752	69.9581296435	56.0813150396	62.1111950387
60.9707546921	63.522352895	94.2403082206	25.0267377915	50.8864214526	54.6238428236	43.6832193284	56.6997054082
66.7882538262	46.3550370327	25.0267377915	94.2403082206	65.7478851208	38.8142671842	44.2756279068	61.2153361044
76.7004058549	62.8209077752	50.8864214526	65.7478851208	94.2403082206	56.8536043427	54.139744895	71.4571456913
59.4239759303	69.9581296435	54.6238428236	38.8142671842	56.8536043427	94.2403082206	53.195568807	57.8409338079
46.0401784675	56.0813150396	43.6832193284	44.2756279068	54.139744895	53.195568807	94.2403082206	56.983874269
71.8581348596	62.1111950387	56.6997054082	61.2153361044	71.4571456913	57.8409338079	56.983874269	94.2403082206
Genotype stats (X^T * X): 	17.1752576471
Gene expression - Genotype stats (Y^T * X): 
8.04766224906	9.31005602255	6.49776840035	9.73614199252	7.96645697896	6.16670112954	7.93131731574	12.2034730785