Tissue	braincerebellum
N_samples	102
Chr	15
Gene	ENSG00000140254.8
SNP	rs10083684
Gene_list	ENSG00000213931.1	ENSG00000244486.3	ENSG00000185686.13	ENSG00000140279.8	ENSG00000140254.8	ENSG00000108813.9	ENSG00000100312.6
Gene expression stats (Y^T * Y): 
94.2403082206	41.9976937791	87.3681936863	57.3322822487	57.6364181306	51.6989795584	51.1680235092
41.9976937791	94.2403082206	46.9417126498	58.0326502533	60.3728088165	45.2172690003	56.074015186
87.3681936863	46.9417126498	94.2403082206	63.8737412927	60.7025186771	55.6951355888	55.5312880329
57.3322822487	58.0326502533	63.8737412927	94.2403082206	73.6134612639	58.6250609913	61.0472199439
57.6364181306	60.3728088165	60.7025186771	73.6134612639	94.2403082206	60.3921225423	57.7016807594
51.6989795584	45.2172690003	55.6951355888	58.6250609913	60.3921225423	94.2403082206	60.0311645655
51.1680235092	56.074015186	55.5312880329	61.0472199439	57.7016807594	60.0311645655	94.2403082206
Genotype stats (X^T * X): 	25.0156268235
Gene expression - Genotype stats (Y^T * X): 
-2.30347413165	6.03986749238	-0.638997876526	6.33839919632	14.9667431396	-0.737380686072	1.352944488