Tissue	braincerebellum
N_samples	102
Chr	5
Gene	ENSG00000152377.8
SNP	rs192060422
Gene_list	ENSG00000007237.14	ENSG00000132639.8	ENSG00000170540.10	ENSG00000139970.12	ENSG00000185787.10	ENSG00000140941.8	ENSG00000165023.5	ENSG00000111897.6	ENSG00000152377.8	ENSG00000120727.8	ENSG00000150625.12
Gene expression stats (Y^T * Y): 
94.2403082206	68.9299604248	56.6127628648	62.3482378574	57.7187290746	40.6726738877	59.7544624303	57.3844901815	57.8089922197	47.7953239812	59.6174075342
68.9299604248	94.2403082206	64.8878494115	73.8698445588	74.6764061134	45.9879310145	56.4344315927	65.9098529875	66.8331652122	51.8560358477	74.1675621928
56.6127628648	64.8878494115	94.2403082206	73.1680283955	66.8420180819	64.3273459031	59.0488129671	65.0320638158	62.9059125294	52.1232390777	62.9846434684
62.3482378574	73.8698445588	73.1680283955	94.2403082206	79.8456798637	51.7034766958	56.3904472085	59.8185959277	57.9911638382	54.677921103	73.8711863284
57.7187290746	74.6764061134	66.8420180819	79.8456798637	94.2403082206	52.5015184004	51.070910488	71.7866419	58.4196876386	61.0108321569	73.4626943426
40.6726738877	45.9879310145	64.3273459031	51.7034766958	52.5015184004	94.2403082206	51.3132761961	53.1040966367	58.5270994778	53.5937351867	40.9509089873
59.7544624303	56.4344315927	59.0488129671	56.3904472085	51.070910488	51.3132761961	94.2403082206	51.1775116146	61.2105990686	47.364687982	56.1552567491
57.3844901815	65.9098529875	65.0320638158	59.8185959277	71.7866419	53.1040966367	51.1775116146	94.2403082206	63.8876910935	58.387964741	72.3739005827
57.8089922197	66.8331652122	62.9059125294	57.9911638382	58.4196876386	58.5270994778	61.2105990686	63.8876910935	94.2403082206	57.9084681329	59.0186455054
47.7953239812	51.8560358477	52.1232390777	54.677921103	61.0108321569	53.5937351867	47.364687982	58.387964741	57.9084681329	94.2403082206	47.0859007628
59.6174075342	74.1675621928	62.9846434684	73.8711863284	73.4626943426	40.9509089873	56.1552567491	72.3739005827	59.0186455054	47.0859007628	94.2403082206
Genotype stats (X^T * X): 	6.75466020588
Gene expression - Genotype stats (Y^T * X): 
-4.69547069282	-7.3713068305	-11.5322560122	-10.2522898386	-8.43314132861	-8.23154624264	-7.42329664597	-4.71643592854	-8.72905546263	-6.07418641355	-7.08545752554