Tissue	braincerebellum
N_samples	102
Chr	17
Gene	ENSG00000161381.9
SNP	rs11655928
Gene_list	ENSG00000127588.4	ENSG00000101220.13	ENSG00000074370.13	ENSG00000168824.10	ENSG00000183018.4	ENSG00000150995.13	ENSG00000116237.11	ENSG00000187017.10	ENSG00000173482.12	ENSG00000188803.10	ENSG00000105143.8	ENSG00000072954.2	ENSG00000105642.11	ENSG00000187664.8	ENSG00000175445.10	ENSG00000101463.5	ENSG00000109107.9	ENSG00000253304.1	ENSG00000100285.9	ENSG00000171189.12	ENSG00000175938.6	ENSG00000106341.6	ENSG00000133424.16	ENSG00000221946.3	ENSG00000100362.8	ENSG00000161381.9	ENSG00000214694.6	ENSG00000187595.10	ENSG00000183036.6	ENSG00000137166.10	ENSG00000137825.6	ENSG00000160190.9	ENSG00000149091.11	ENSG00000100422.9	ENSG00000006283.13	ENSG00000007402.7	ENSG00000126583.6	ENSG00000178538.5	ENSG00000174871.6	ENSG00000168748.9	ENSG00000188779.6	ENSG00000162105.12	ENSG00000156113.16	ENSG00000173267.9	ENSG00000003249.9	ENSG00000104327.3	ENSG00000110675.8	ENSG00000139438.5	ENSG00000144136.6	ENSG00000119411.10	ENSG00000138741.6	ENSG00000053108.12	ENSG00000068383.14	ENSG00000016402.8	ENSG00000236279.2	ENSG00000175040.4	ENSG00000178172.2	ENSG00000070808.11	ENSG00000174567.7
Gene expression stats (Y^T * Y): 
94.2403082206	47.6894804552	78.011340496	73.5639790659	53.4745424291	75.846511877	60.6360771372	61.6310641072	66.0051746718	67.6317233755	78.537727855	53.9965051987	54.5180133256	65.2561481224	63.3670813653	51.2092858056	74.2764483495	62.6450851638	60.6011295454	57.1703391932	46.5343477517	71.9680617588	66.4644233794	55.1806916401	70.1103409903	63.7201784597	64.4118445384	72.8791023171	66.761616727	57.4763745471	61.2818522935	49.6451512983	60.807735496	68.3522241414	78.1105122274	43.4017973919	73.9222955668	73.3382608187	57.9213527569	44.9588120295	42.0349163839	51.8136202505	64.2886053764	69.5599224562	60.5953700494	74.9951868922	68.3148398331	59.6473963138	57.2212617161	57.2949467116	56.2357220176	54.8497789206	79.1942677335	59.4455893963	71.7412610384	72.9940523088	52.7548608057	57.3033070358	55.1021908411
47.6894804552	94.2403082206	54.2199635668	33.9010128435	41.1667210934	43.4682649652	53.3595844115	56.6753440483	51.470003789	41.1219134083	42.1236917096	31.5307434365	50.4911487707	48.8949769935	31.4112374833	56.9597307847	37.037436107	41.0012274856	35.7892256996	40.6412641274	50.7894406383	38.4855739577	45.8764979659	42.1709406728	46.9833953141	61.862257337	54.969965399	55.4136559304	40.4408694593	49.5009806104	49.4082058751	55.7345334039	48.037733427	43.1255145895	56.8572041881	50.9279757035	41.9058797894	38.237290549	46.7516224936	43.019279565	46.8657326648	51.4680709897	49.1104658239	51.6778483826	52.0760690208	35.0893170947	33.133973431	49.7762421381	36.6561975012	56.5476454128	43.2108289497	41.9872109608	39.4523224081	41.3687982975	43.5500915988	57.7937251588	44.8139916794	49.3941440865	50.5759585707
78.011340496	54.2199635668	94.2403082206	73.2768935337	68.59019185	85.6749719688	72.3636135438	65.5046896711	80.7577479277	69.6228095049	86.086761835	64.3911666919	64.3242113006	82.0369796181	71.9172587306	64.8808612714	81.5983481112	76.2897921471	64.0526387272	70.4973205143	59.6170194034	80.7958900862	82.6849857575	68.2460318565	75.7368897724	74.682402665	73.4392367287	82.5910938251	79.1274207927	67.1948474829	75.2983510321	58.7202514818	69.0928406292	71.9420301607	90.4409757163	56.8426841359	83.6083993639	83.7390313433	62.3683712456	61.7976535458	51.3244664122	54.3290230802	67.1872576666	70.1955025323	67.3176410047	82.2069699233	71.2267968759	70.8390045172	73.1868637061	69.4542679256	66.6315174282	67.3502506084	76.7165529694	63.8459376599	79.7893431481	83.8286658766	66.8451404998	68.9395970136	67.5144668138
73.5639790659	33.9010128435	73.2768935337	94.2403082206	46.6450606706	76.7356880003	55.9378580414	50.208536881	59.7118500726	57.568441767	75.0404016821	51.7290824555	38.5720141514	62.3643300186	68.9906901493	42.2503455107	73.3658203759	58.1774951655	72.3897526497	55.6449111077	36.9231287404	76.6995729888	68.9552226631	52.2872209699	70.3031297477	59.0416034209	57.0945254061	63.8142589006	69.3504927453	53.8005770996	54.03224836	43.9278317844	52.4410076354	73.6120761313	72.4244600297	38.6249731017	76.3017924869	76.8332563179	50.9373087201	42.9918689676	38.4187414011	41.4078017571	56.6498355355	63.9545276273	44.6297722967	77.0679448827	77.4769422508	50.0449787387	61.8227479923	55.0814940104	47.651002119	52.946213728	72.2564176355	48.6567364181	72.5852949442	66.7179261846	47.441300768	54.5161729578	45.9223154719
53.4745424291	41.1667210934	68.59019185	46.6450606706	94.2403082206	59.8061306801	57.3799572926	54.8303046254	57.9299098643	48.8350677785	57.0100089184	48.7755108621	57.5853830652	64.2725854011	52.1258565887	55.8679569224	53.1475751567	52.9711134169	51.2965606617	46.9714571721	48.3774716429	53.7880488113	58.8845469845	48.4476691376	53.995307167	62.2683568484	61.8906802084	67.4998484414	52.5986299273	56.6804701053	58.8824324267	50.7666226689	57.6616444925	60.4015763165	67.0713280164	37.3035265421	60.3423116665	55.9259579884	57.5851748229	51.2975097491	46.5270931932	49.8853349734	60.5808062681	45.1835420448	46.6206160884	54.9996868673	54.8477855838	69.5133119851	54.9056332795	60.373231242	51.4463388729	49.3893319223	59.2914671606	44.0418642321	65.819233529	71.7617243097	40.4434257381	61.4887629549	53.7276465259
75.846511877	43.4682649652	85.6749719688	76.7356880003	59.8061306801	94.2403082206	67.9849026966	56.4047178794	76.5626963438	65.7403291242	83.1036716139	59.3939527959	48.3949380981	74.5066780965	71.6759384178	55.4138991482	81.5457522547	69.3745584364	69.0019438505	62.9971137384	47.5888159559	81.2523645054	76.5301812481	60.0513448067	70.6790367577	69.0155179653	66.9075765713	72.048029985	79.5562058133	59.5441764945	62.0128295546	50.452633998	63.2047049031	71.0209170281	84.3275480585	49.5857958408	80.4088955502	84.8613842085	57.4356436598	50.9151101305	39.6890634144	47.3983593471	60.5591878794	66.4556601446	56.0891606451	88.7490802331	73.7254611346	59.7639110239	68.4774589152	57.6410569609	59.4374602455	60.3898306515	74.2827076677	56.8235755126	74.8576297338	73.8708946721	57.3026686385	58.8684806756	54.966700273
60.6360771372	53.3595844115	72.3636135438	55.9378580414	57.3799572926	67.9849026966	94.2403082206	57.606125184	68.4398759093	61.3708465017	62.3814459085	57.3103156384	47.5412604298	74.2974339877	58.3167703827	59.0104517482	59.1604030146	60.8162957543	60.9851036789	64.1473217557	48.988753051	67.631199279	71.6062836418	49.0454386739	56.8039003062	64.7599701068	67.3467497226	69.5000676925	56.1561107902	57.9265921884	65.7929623258	54.5722161041	55.7525324305	62.8083774227	77.011677603	43.337878997	66.1079207089	73.450016575	52.5056067626	50.0004934284	40.9124519231	57.9017667068	68.5438378291	57.0709853648	53.5470191217	66.4479220028	53.2248526857	61.0419090936	64.2334875774	74.3270901001	57.6925723401	57.3405429946	65.5607504844	63.6482091411	61.8304460295	75.4621856072	54.5645689928	61.9094158653	59.4083029725
61.6310641072	56.6753440483	65.5046896711	50.208536881	54.8303046254	56.4047178794	57.606125184	94.2403082206	59.237943371	53.7518537914	56.8573719497	44.9295590448	65.352814906	56.0287091471	48.1267590418	56.7129431142	50.7040083023	52.1010444418	40.4529860738	47.617121185	55.8200939975	50.0308514963	59.0167799721	60.6347906303	58.6606357932	64.813864746	71.26534919	66.3645621723	56.9648427282	51.0314827549	59.2673851168	56.637813975	63.5080439524	62.7055094015	69.7573633991	46.0104751078	54.0096903653	47.7568785386	60.5269788492	53.5772364025	46.2505549848	61.8158050601	60.8598956571	56.0252465132	62.5991228108	50.5202439066	46.5952626222	63.2088747261	42.1735433688	63.6060621152	49.6343331258	51.2763550947	60.2528006648	49.6877276273	56.6244421929	73.0883977592	48.7546397588	63.0113416195	58.9228749901
66.0051746718	51.470003789	80.7577479277	59.7118500726	57.9299098643	76.5626963438	68.4398759093	59.237943371	94.2403082206	62.5811637076	73.3845401231	57.3183465678	57.6571216308	73.3715374404	68.7708152794	63.4217152815	69.1635499101	67.5252054891	55.5089698456	63.0552873764	56.4503960163	65.9312257208	71.7689618832	56.0339034025	67.1582305546	68.0212898008	71.4582800012	71.5309892762	72.0483373087	56.6770101729	66.6560761702	55.6498887512	71.234255062	61.082395069	79.8440141431	58.1680303838	70.4505867051	74.0210355575	60.1651451788	49.0088719619	51.4541680659	52.4669641599	61.2835694659	65.7522997696	60.7384513557	72.8438920828	59.1460606273	64.4506261382	62.829908891	63.6815592432	58.1043171627	54.6936596665	65.9442089356	53.6122254691	63.7826952588	75.9518191633	57.9616376823	60.7061265773	65.5712310973
67.6317233755	41.1219134083	69.6228095049	57.568441767	48.8350677785	65.7403291242	61.3708465017	53.7518537914	62.5811637076	94.2403082206	64.3558658417	54.5008124104	50.6012222473	66.166160043	54.543046733	59.0746297096	60.8294308807	56.124757742	53.5349870275	60.3767815892	50.925904669	63.6989161717	70.4150956456	51.8914726353	55.4466720466	62.2208808045	57.2518855656	72.6842837731	51.4723842163	57.4957440359	52.1000229229	57.3213805242	55.989026236	61.0495677586	72.5055102985	54.1354244905	66.6435473613	64.1053547135	53.3769851065	46.1712457761	44.3014238975	60.6465649441	59.2350377115	54.9346168189	53.7357078148	61.8242698536	64.6446832119	56.9085801307	54.4923165315	52.4247708183	55.0708861053	56.582752947	62.595749513	52.0500072313	60.0793821565	67.1958091971	44.3405103279	64.5420305956	56.0921152007
78.537727855	42.1236917096	86.086761835	75.0404016821	57.0100089184	83.1036716139	62.3814459085	56.8573719497	73.3845401231	64.3558658417	94.2403082206	58.5739124426	51.8440170337	75.1079931622	66.9221951054	56.9463620441	85.9116571614	68.4557117867	62.6750777624	62.427154979	45.109702814	77.7550922992	75.7299254442	63.2187009807	77.5836049204	66.5922899605	64.3533247023	72.0576788863	81.9808816256	55.2604242575	66.1550005774	46.1690390191	65.7094290519	65.5603165269	82.4866226945	50.5176326098	80.7751610872	82.6863088391	54.9045539034	56.592868304	38.1853121723	42.2394544617	57.4663347973	72.7912114482	61.7389441582	81.9124974376	68.0269825878	63.1629876432	66.5730193361	58.4438957976	59.7349551569	61.5983103492	75.0300193893	55.1926020087	73.131070299	73.7793729383	59.9726695305	57.7584454072	57.4589702121
53.9965051987	31.5307434365	64.3911666919	51.7290824555	48.7755108621	59.3939527959	57.3103156384	44.9295590448	57.3183465678	54.5008124104	58.5739124426	94.2403082206	39.8876462343	58.239486202	58.6438457694	46.3005061717	55.2415006231	62.8049972497	47.9393933091	56.2796643458	48.7511109719	64.3604717182	63.987916273	47.33111947	41.4628971182	58.0256071161	44.1567201311	56.8357021437	46.2260704674	59.3902685495	56.1547041301	50.0452448407	37.3031317233	56.9950505857	64.0021234927	32.670604667	55.1155531373	61.6851034159	41.9547930681	52.3240255918	29.6222136619	38.0929884487	45.0132149522	38.747769689	50.1817661138	57.6947881115	55.5169191194	52.636053722	61.7929600876	56.7898466896	58.3190087014	58.1682896095	57.265552658	64.7989993641	60.2727632023	60.9083585637	51.2690535024	50.2678474065	47.3248287688
54.5180133256	50.4911487707	64.3242113006	38.5720141514	57.5853830652	48.3949380981	47.5412604298	65.352814906	57.6571216308	50.6012222473	51.8440170337	39.8876462343	94.2403082206	57.919515027	45.6756106929	59.2236403006	39.5769998868	56.0534186442	30.7335182492	47.5019318143	63.8788326272	42.711380254	54.1378168535	47.6891906641	51.3312572569	59.4348574696	67.6132412598	67.2545171293	50.8629742906	57.3515688393	67.1886058866	53.424415108	55.313064867	52.5199628228	66.6701545629	48.3232354702	54.2125229631	42.810624516	53.9971642828	50.0481876947	61.4485588077	60.7730299793	59.4369147522	47.4928055018	60.5173941843	45.4396005416	44.6365596601	72.8733317614	36.343522866	58.1887310202	47.9222438775	45.9441598132	53.2394168645	44.9620774869	53.7624797425	71.1112294868	49.4894852542	59.4395570216	61.867827461
65.2561481224	48.8949769935	82.0369796181	62.3643300186	64.2725854011	74.5066780965	74.2974339877	56.0287091471	73.3715374404	66.166160043	75.1079931622	58.239486202	57.919515027	94.2403082206	67.4104053698	64.796521765	70.6520560543	66.8743594252	64.7550659317	64.1033116248	52.977584474	72.8303530226	80.1124373961	58.4262256273	63.3152701492	69.7219747474	63.9683778267	78.8012137098	64.8888608236	61.4965507554	72.7466858959	56.6688883306	58.6659852812	61.6448482282	81.4928954046	59.2461040784	78.7342509662	76.8611322621	52.7455737034	50.3685482759	56.8504785471	49.867290485	61.9449367782	63.0811612161	61.0083585826	70.4823875005	65.7125617475	67.7506943271	70.5556664864	68.4962850457	62.0518767899	63.6780291017	64.1368448039	56.7845686576	69.1342926063	78.1272138182	59.2267026192	65.9238022942	63.713982511
63.3670813653	31.4112374833	71.9172587306	68.9906901493	52.1258565887	71.6759384178	58.3167703827	48.1267590418	68.7708152794	54.543046733	66.9221951054	58.6438457694	45.6756106929	67.4104053698	94.2403082206	46.2053951053	67.3669541161	63.7120150232	69.0134712218	51.9191356483	40.2350288936	69.5002424873	67.9980307041	44.4428693324	63.808191692	61.3544694806	64.3830026356	69.9581652208	64.6295511985	45.364523411	57.6342345183	42.3709722822	58.6510947915	68.8692293426	72.6082010793	48.5464367882	77.3982017416	74.8181354568	51.079914927	46.1477326441	42.9367414751	44.3787683227	52.5922206646	57.0876303571	50.1531520864	72.1391565126	78.6571015533	53.344339386	67.3569654148	57.0675417596	47.4796432744	50.2377245514	58.9895019734	46.221232517	70.7562930795	71.5624997818	52.2769397597	55.1943891055	55.465303591
51.2092858056	56.9597307847	64.8808612714	42.2503455107	55.8679569224	55.4138991482	59.0104517482	56.7129431142	63.4217152815	59.0746297096	56.9463620441	46.3005061717	59.2236403006	64.796521765	46.2053951053	94.2403082206	48.0048524403	48.1238138766	46.4034704816	48.2792197657	61.4389517365	47.8762991267	57.1774723229	47.2937676571	58.7548111984	59.9365992384	66.2306143018	68.800420673	55.507034417	51.6003184933	58.2591818722	59.0962283272	64.2909191108	55.4589921198	64.9324012137	54.8582360554	59.5935353192	49.452620977	59.36233348	46.5119172347	57.0089869304	60.9079299611	55.0578162848	55.7290446695	57.8940523275	52.2891834238	48.8411525883	66.8207791201	43.3150995448	55.8450036473	50.9214647316	45.5419947736	57.3577968387	40.4415224273	53.1263685556	66.3717246653	41.0570395591	61.7609033905	60.4222861546
74.2764483495	37.037436107	81.5983481112	73.3658203759	53.1475751567	81.5457522547	59.1604030146	50.7040083023	69.1635499101	60.8294308807	85.9116571614	55.2415006231	39.5769998868	70.6520560543	67.3669541161	48.0048524403	94.2403082206	61.9051985392	70.3425895494	57.0355305854	40.0496889438	79.2068500397	73.4191369133	59.8530872107	79.2261588593	64.1179108647	61.3589316878	68.5639561311	78.6381779834	47.8671940792	55.0303335203	41.4299072463	64.3057137779	66.7517047232	77.3377925628	45.8303362199	80.996792077	82.1038144503	53.6282641541	51.8499155169	30.7444536328	35.6797454707	53.359246436	76.4754075373	54.0171040776	78.5810397161	69.7195941845	52.4012395194	65.7951333658	55.8440914937	49.2174744776	54.647877101	68.4053109901	49.9860936815	73.9920778525	67.7828645533	58.3032810083	56.0443175947	54.2457634972
62.6450851638	41.0012274856	76.2897921471	58.1774951655	52.9711134169	69.3745584364	60.8162957543	52.1010444418	67.5252054891	56.124757742	68.4557117867	62.8049972497	56.0534186442	66.8743594252	63.7120150232	48.1238138766	61.9051985392	94.2403082206	43.323843685	76.4925678706	50.1296177233	73.0492545324	76.9142661287	60.0957088442	49.4421919415	64.5815058756	53.4250204695	65.8215367201	62.7156286438	62.8548622592	73.2675966067	46.2051035537	45.381560406	51.8568996108	75.4449093424	45.8364243971	60.9638123696	73.2582111714	45.3558120166	65.8206003483	38.8597765483	40.1772966871	51.9786071238	47.1613650341	53.2143307566	69.4781633227	56.0876788369	58.8995737767	69.8838269085	62.0576825136	69.3558484089	65.5127196281	64.5359370455	67.6996575748	61.7277177224	71.3468598463	73.2096260556	53.4969297236	58.2882390387
60.6011295454	35.7892256996	64.0526387272	72.3897526497	51.2965606617	69.0019438505	60.9851036789	40.4529860738	55.5089698456	53.5349870275	62.6750777624	47.9393933091	30.7335182492	64.7550659317	69.0134712218	46.4034704816	70.3425895494	43.323843685	94.2403082206	40.2805903992	32.3471939055	68.8688941403	59.7580635147	38.5816285366	67.4469343934	59.8014587927	55.1713234176	62.7987219473	59.0533279969	46.5594483417	42.9788230734	40.9322683097	51.6277060846	69.7017887387	65.0212642429	42.2092792767	79.1845258387	70.4607483558	46.1571802798	33.9779715953	36.3800915783	42.2435035854	56.9034845049	68.7342690942	43.2090937744	67.6694320981	76.2526014344	45.0770007574	60.0505713337	53.5031673101	32.932160896	44.1038351836	57.2459134403	39.6932880611	69.1635129454	60.3827944802	33.2993732361	54.8074010339	41.9403693248
57.1703391932	40.6412641274	70.4973205143	55.6449111077	46.9714571721	62.9971137384	64.1473217557	47.617121185	63.0552873764	60.3767815892	62.427154979	56.2796643458	47.5019318143	64.1033116248	51.9191356483	48.2792197657	57.0355305854	76.4925678706	40.2805903992	94.2403082206	48.9090868596	69.0060097836	76.6038466474	58.5503729665	43.5622680025	60.3881148545	46.9073453624	61.3415619004	53.8157087905	61.1386209138	69.5293551603	48.826800291	39.8143902865	48.2708982555	71.4049886831	44.1689896295	52.8978150563	71.438915889	41.1989476286	66.3659417253	34.6469932601	38.483901457	51.002752579	42.976417706	47.3419483166	63.1047737142	49.3366275587	51.7286299405	70.3300363108	63.8907591177	80.3418404084	67.1328780219	61.0052770235	75.3226052462	52.7309561112	66.4567389252	69.1754165565	56.6214416823	58.9072025352
46.5343477517	50.7894406383	59.6170194034	36.9231287404	48.3774716429	47.5888159559	48.988753051	55.8200939975	56.4503960163	50.925904669	45.109702814	48.7511109719	63.8788326272	52.977584474	40.2350288936	61.4389517365	40.0496889438	50.1296177233	32.3471939055	48.9090868596	94.2403082206	40.5129420047	52.0220108921	49.834658543	44.3328668741	60.8768536486	56.5703271515	58.7678460695	41.5509094939	58.5845689679	60.6713915651	55.3521703982	52.1429633613	43.351528794	59.3085774663	46.9468904232	47.5391670023	42.7880270207	50.2309655941	45.2250895026	55.9527889448	55.5674885667	56.1664929935	48.6950555472	49.1533141347	41.298960392	39.0754978069	55.4438002116	36.8415696819	53.9474336922	49.2665332626	56.6205333975	43.2260449243	47.3754114759	46.405518234	63.9274169614	46.6938451562	61.9086812756	58.0906129332
71.9680617588	38.4855739577	80.7958900862	76.6995729888	53.7880488113	81.2523645054	67.631199279	50.0308514963	65.9312257208	63.6989161717	77.7550922992	64.3604717182	42.711380254	72.8303530226	69.5002424873	47.8762991267	79.2068500397	73.0492545324	68.8688941403	69.0060097836	40.5129420047	94.2403082206	83.6867006528	56.9610928263	66.8716283309	66.2253979228	57.8780456992	70.1314864607	70.7470917519	55.3423973084	60.0562410536	44.6824913281	49.4456155871	71.9712728714	79.9700336706	40.828695352	77.8113320316	86.8910399503	51.503717746	51.5580164095	36.1927597797	40.201057308	52.9126948072	60.5909545187	49.8529696425	84.5170083457	72.8281612534	51.1543495176	71.3819444528	61.8248799436	60.1779589456	58.9492857456	70.5337231689	61.3719370757	77.2066720408	72.3541596975	60.9745674616	58.3099893244	57.42471629
66.4644233794	45.8764979659	82.6849857575	68.9552226631	58.8845469845	76.5301812481	71.6062836418	59.0167799721	71.7689618832	70.4150956456	75.7299254442	63.987916273	54.1378168535	80.1124373961	67.9980307041	57.1774723229	73.4191369133	76.9142661287	59.7580635147	76.6038466474	52.0220108921	83.6867006528	94.2403082206	62.9701233281	62.4339076776	71.7510754725	65.8338835442	76.8704800402	69.7948690585	60.5103540002	72.5909861721	55.2035224209	54.5417255166	66.9875600084	84.5375429923	49.7777331025	73.9385343054	82.2410476466	53.6655136007	63.4951911174	46.7945301575	50.6543043567	60.0196668328	58.6005207411	55.7291761131	77.3247360529	68.2926657797	62.5102796957	72.5869905881	71.9925861224	70.8048841644	67.4976395856	67.7692542745	63.8703927754	73.398564907	78.5252553097	68.9853876495	65.8649176493	66.596574192
55.1806916401	42.1709406728	68.2460318565	52.2872209699	48.4476691376	60.0513448067	49.0454386739	60.6347906303	56.0339034025	51.8914726353	63.2187009807	47.33111947	47.6891906641	58.4262256273	44.4428693324	47.2937676571	59.8530872107	60.0957088442	38.5816285366	58.5503729665	49.834658543	56.9610928263	62.9701233281	94.2403082206	54.2825588112	62.4376312022	53.913345126	61.845664494	57.8067405728	45.922072569	58.7129008336	47.1583616616	45.6276972115	48.9515345249	65.7291268876	41.5990033982	57.5324437885	58.038987273	46.2518253177	66.7485993942	35.6723685125	38.925244603	44.7507727482	48.937260098	59.6627333145	56.2711342779	47.8121130244	53.3258970536	53.6575301987	49.4857177575	50.1189222927	53.2702934174	58.3471110438	46.132878712	58.1484334625	58.9640188403	51.7706842779	63.4730524176	60.496151284
70.1103409903	46.9833953141	75.7368897724	70.3031297477	53.995307167	70.6790367577	56.8039003062	58.6606357932	67.1582305546	55.4466720466	77.5836049204	41.4628971182	51.3312572569	63.3152701492	63.808191692	58.7548111984	79.2261588593	49.4421919415	67.4469343934	43.5622680025	44.3328668741	66.8716283309	62.4339076776	54.2825588112	94.2403082206	65.3970575363	73.4267909981	72.625127561	81.0282511801	44.0128704984	55.9115664037	47.3175153759	73.0578470478	71.9272544358	72.9244676315	50.7532776271	79.7070501508	69.5148910936	65.7066974484	43.7362538605	45.5892530802	49.4339689384	62.1958428713	80.0905467029	60.3970446635	70.1910101279	66.0896312608	59.1724770165	50.7501142816	56.8125874185	34.5102670034	40.6570412393	67.2473647131	37.8502776623	71.8759565622	71.5800125224	49.7609844708	55.1540908466	58.4605698192
63.7201784597	61.862257337	74.682402665	59.0416034209	62.2683568484	69.0155179653	64.7599701068	64.813864746	68.0212898008	62.2208808045	66.5922899605	58.0256071161	59.4348574696	69.7219747474	61.3544694806	59.9365992384	64.1179108647	64.5815058756	59.8014587927	60.3881148545	60.8768536486	66.2253979228	71.7510754725	62.4376312022	65.3970575363	94.2403082206	65.2288293965	72.9920635191	61.1332660004	64.1834917862	65.578215018	60.6493145529	62.0095986356	63.355293126	76.2219635667	57.8722354733	68.5097246276	64.875955855	60.8854438349	57.0507945613	58.0106232183	58.6786836944	64.0302907883	59.9121262759	59.2245537828	62.3914025996	64.3336908033	62.9265799359	60.1661863204	69.5611824434	57.3683512752	58.8995459631	56.592151707	58.7746211398	66.3445125787	75.7029105718	56.5451564791	67.7116644026	65.1600510457
64.4118445384	54.969965399	73.4392367287	57.0945254061	61.8906802084	66.9075765713	67.3467497226	71.26534919	71.4582800012	57.2518855656	64.3533247023	44.1567201311	67.6132412598	63.9683778267	64.3830026356	66.2306143018	61.3589316878	53.4250204695	55.1713234176	46.9073453624	56.5703271515	57.8780456992	65.8338835442	53.913345126	73.4267909981	65.2288293965	94.2403082206	75.9859247666	73.006941667	46.9175920157	63.1004698924	54.7306386375	71.6395219342	70.0540456992	76.1961182804	47.3593875767	70.738178403	62.3749049926	72.3242015871	52.1328539171	51.413477986	69.4030191194	65.4761762551	65.024975378	62.9481037005	65.8717175499	57.5841055106	67.4522456456	47.6743146905	63.2023173009	43.6053551561	41.4438551402	67.55257587	41.2575954057	67.6095807638	78.4379157856	53.5445697474	66.2382073309	68.1880802355
72.8791023171	55.4136559304	82.5910938251	63.8142589006	67.4998484414	72.048029985	69.5000676925	66.3645621723	71.5309892762	72.6842837731	72.0576788863	56.8357021437	67.2545171293	78.8012137098	69.9581652208	68.800420673	68.5639561311	65.8215367201	62.7987219473	61.3415619004	58.7678460695	70.1314864607	76.8704800402	61.845664494	72.625127561	72.9920635191	75.9859247666	94.2403082206	65.5876566371	60.0034310321	69.7048247801	67.3568140005	66.074125758	74.1020820123	83.7116052206	61.3641818904	80.9684099649	70.8860251996	66.2215143717	58.5352103507	59.8766959846	67.4843815187	67.4539872395	63.4962750517	65.0789147461	69.7490104204	72.0606839865	72.6037918795	62.4008353087	68.6268733533	58.2763166929	59.4079163648	72.9509601067	54.1273610025	75.7792866726	83.0917173949	57.2024385553	71.7126742078	70.1858064064
66.761616727	40.4408694593	79.1274207927	69.3504927453	52.5986299273	79.5562058133	56.1561107902	56.9648427282	72.0483373087	51.4723842163	81.9808816256	46.2260704674	50.8629742906	64.8888608236	64.6295511985	55.507034417	78.6381779834	62.7156286438	59.0533279969	53.8157087905	41.5509094939	70.7470917519	69.7948690585	57.8067405728	81.0282511801	61.1332660004	73.006941667	65.5876566371	94.2403082206	41.7311264809	60.2968632475	45.9427870588	66.1932511474	64.8817509002	75.9237878311	48.3651221952	74.9164134863	75.4875279609	58.4405832354	50.9874732938	40.113714516	43.2938868578	57.7101559662	69.5184790195	58.7511071169	80.7461057363	61.3265194599	60.3988896224	60.956227003	55.3362171612	47.9451611163	44.4554801277	68.8331919982	44.5477909269	66.7755982401	71.3845091687	62.6147137387	50.1632574436	57.9206145256
57.4763745471	49.5009806104	67.1948474829	53.8005770996	56.6804701053	59.5441764945	57.9265921884	51.0314827549	56.6770101729	57.4957440359	55.2604242575	59.3902685495	57.3515688393	61.4965507554	45.364523411	51.6003184933	47.8671940792	62.8548622592	46.5594483417	61.1386209138	58.5845689679	55.3423973084	60.5103540002	45.922072569	44.0128704984	64.1834917862	46.9175920157	60.0034310321	41.7311264809	94.2403082206	61.1501193306	58.3694338217	43.019174577	50.0223627611	67.0900670303	42.1989210415	55.3471000878	58.3225431984	46.6312996162	53.4530139945	49.4353572898	50.2082596644	56.8765155182	45.2073892967	46.7073366293	52.3047397234	49.4263038397	60.3010095165	55.9774115887	57.9280756236	62.2010642089	70.2174655736	53.4924089703	60.0329143989	56.5094592309	62.3013511743	46.5789521121	63.7624355444	45.8699614861
61.2818522935	49.4082058751	75.2983510321	54.03224836	58.8824324267	62.0128295546	65.7929623258	59.2673851168	66.6560761702	52.1000229229	66.1550005774	56.1547041301	67.1886058866	72.7466858959	57.6342345183	58.2591818722	55.0303335203	73.2675966067	42.9788230734	69.5293551603	60.6713915651	60.0562410536	72.5909861721	58.7129008336	55.9115664037	65.578215018	63.1004698924	69.7048247801	60.2968632475	61.1501193306	94.2403082206	53.9470099096	52.8621248425	51.8773188159	75.4698249918	48.106611314	63.1436619402	65.3080708104	48.0624606658	60.8961375175	43.0019224395	49.0703341722	64.3388617414	56.7142548496	58.1377965556	62.5057448047	49.0178405483	69.9882240401	61.0444324714	63.6946155971	69.5874919958	64.8443499352	64.7160089801	68.1490927307	61.1527437456	76.9018592947	65.5005045664	58.2671982105	62.0392669697
49.6451512983	55.7345334039	58.7202514818	43.9278317844	50.7666226689	50.452633998	54.5722161041	56.637813975	55.6498887512	57.3213805242	46.1690390191	50.0452448407	53.424415108	56.6688883306	42.3709722822	59.0962283272	41.4299072463	46.2051035537	40.9322683097	48.826800291	55.3521703982	44.6824913281	55.2035224209	47.1583616616	47.3175153759	60.6493145529	54.7306386375	67.3568140005	45.9427870588	58.3694338217	53.9470099096	94.2403082206	54.6159388979	55.6887958992	62.4847921421	51.8901311917	50.0152504652	42.708081494	54.9592503743	50.2595208185	55.0879885742	57.6090990303	57.4625506834	44.4125450712	54.003345206	43.4068404491	47.6903052315	62.8527311401	45.172029023	60.7314848765	46.9126051056	52.1055009742	51.1637983895	48.0251722259	51.7794840775	63.9501303168	40.0386573685	61.9770861734	58.3337749335
60.807735496	48.037733427	69.0928406292	52.4410076354	57.6616444925	63.2047049031	55.7525324305	63.5080439524	71.234255062	55.989026236	65.7094290519	37.3031317233	55.313064867	58.6659852812	58.6510947915	64.2909191108	64.3057137779	45.381560406	51.6277060846	39.8143902865	52.1429633613	49.4456155871	54.5417255166	45.6276972115	73.0578470478	62.0095986356	71.6395219342	66.074125758	66.1932511474	43.019174577	52.8621248425	54.6159388979	94.2403082206	65.3401842215	68.4053796295	52.6720838821	64.2549937111	55.8353583879	70.2348705247	42.2671985277	50.9564982035	56.2362064253	62.5257403562	67.3536590845	54.3316244105	57.2056761849	54.6925869178	64.2684189316	43.9947262949	58.9008977752	33.1204029937	37.43987419	58.3898970666	35.438896475	62.105649142	70.4512458705	39.6007409147	56.6026314837	56.1550838312
68.3522241414	43.1255145895	71.9420301607	73.6120761313	60.4015763165	71.0209170281	62.8083774227	62.7055094015	61.082395069	61.0495677586	65.5603165269	56.9950505857	52.5199628228	61.6448482282	68.8692293426	55.4589921198	66.7517047232	51.8568996108	69.7017887387	48.2708982555	43.351528794	71.9712728714	66.9875600084	48.9515345249	71.9272544358	63.355293126	70.0540456992	74.1020820123	64.8817509002	50.0223627611	51.8773188159	55.6887958992	65.3401842215	94.2403082206	75.4199797373	39.6730228902	75.7507742527	67.5013008042	68.6921269868	48.1747798866	46.734752009	61.0587990436	65.5909703345	57.8843180616	52.7804799791	70.0416529715	74.596688071	60.4531022607	52.2499933478	65.1034894364	43.0947089522	44.7994928138	71.5626676487	44.7956142268	79.2614886696	76.2715920284	45.0881705435	62.687323419	57.9160397332
78.1105122274	56.8572041881	90.4409757163	72.4244600297	67.0713280164	84.3275480585	77.011677603	69.7573633991	79.8440141431	72.5055102985	82.4866226945	64.0021234927	66.6701545629	81.4928954046	72.6082010793	64.9324012137	77.3377925628	75.4449093424	65.0212642429	71.4049886831	59.3085774663	79.9700336706	84.5375429923	65.7291268876	72.9244676315	76.2219635667	76.1961182804	83.7116052206	75.9237878311	67.0900670303	75.4698249918	62.4847921421	68.4053796295	75.4199797373	94.2403082206	56.5548361065	80.8631835091	81.9668045415	62.6440741485	61.2399910142	53.2021071097	62.8549368164	70.568411088	68.8462244879	65.6813618894	80.7706359624	70.7091345204	72.4557868308	70.397704561	73.3482474449	68.326979323	67.0881763266	77.3637797294	65.5628979809	77.3885554327	86.0088481059	65.5297605273	70.7898769177	67.2317353726
43.4017973919	50.9279757035	56.8426841359	38.6249731017	37.3035265421	49.5857958408	43.337878997	46.0104751078	58.1680303838	54.1354244905	50.5176326098	32.670604667	48.3232354702	59.2461040784	48.5464367882	54.8582360554	45.8303362199	45.8364243971	42.2092792767	44.1689896295	46.9468904232	40.828695352	49.7777331025	41.5990033982	50.7532776271	57.8722354733	47.3593875767	61.3641818904	48.3651221952	42.1989210415	48.106611314	51.8901311917	52.6720838821	39.6730228902	56.5548361065	94.2403082206	53.8689333943	45.6493957189	37.3836652596	40.9117179634	48.1193626415	46.6248814465	50.2834724623	56.0944440856	51.0733724534	41.9922140074	47.7899793892	43.6305114046	45.5620664647	47.7222573657	41.3892252296	38.8299549037	38.7371651953	31.8710195714	44.1936687595	55.5637718221	43.5347503275	51.8776375931	46.899147673
73.9222955668	41.9058797894	83.6083993639	76.3017924869	60.3423116665	80.4088955502	66.1079207089	54.0096903653	70.4505867051	66.6435473613	80.7751610872	55.1155531373	54.2125229631	78.7342509662	77.3982017416	59.5935353192	80.996792077	60.9638123696	79.1845258387	52.8978150563	47.5391670023	77.8113320316	73.9385343054	57.5324437885	79.7070501508	68.5097246276	70.738178403	80.9684099649	74.9164134863	55.3471000878	63.1436619402	50.0152504652	64.2549937111	75.7507742527	80.8631835091	53.8689333943	94.2403082206	80.8014081793	57.9253956516	48.2922771223	50.3862193316	53.4054703818	62.5793635852	71.8910400206	61.8572306295	80.4925179832	80.3544108725	63.1705135876	66.8502443464	58.4696525262	46.5160484608	56.1690217194	71.3062840592	48.3397419648	80.5625678142	76.8097799778	50.0288877645	64.2158251586	60.7132224901
73.3382608187	38.237290549	83.7390313433	76.8332563179	55.9259579884	84.8613842085	73.450016575	47.7568785386	74.0210355575	64.1053547135	82.6863088391	61.6851034159	42.810624516	76.8611322621	74.8181354568	49.452620977	82.1038144503	73.2582111714	70.4607483558	71.438915889	42.7880270207	86.8910399503	82.2410476466	58.038987273	69.5148910936	64.875955855	62.3749049926	70.8860251996	75.4875279609	58.3225431984	65.3080708104	42.708081494	55.8353583879	67.5013008042	81.9668045415	45.6493957189	80.8014081793	94.2403082206	49.4338693929	54.5167746812	34.8863659564	41.613364397	58.6787584	64.9260130924	52.4058818355	88.0060810731	71.7389407146	55.8430411488	76.2527062133	63.4165910879	63.1199892189	63.763130613	71.3377103485	63.1442359991	74.777077333	74.207195854	64.3940615345	58.2329793172	57.0329670886
57.9213527569	46.7516224936	62.3683712456	50.9373087201	57.5851748229	57.4356436598	52.5056067626	60.5269788492	60.1651451788	53.3769851065	54.9045539034	41.9547930681	53.9971642828	52.7455737034	51.079914927	59.36233348	53.6282641541	45.3558120166	46.1571802798	41.1989476286	50.2309655941	51.503717746	53.6655136007	46.2518253177	65.7066974484	60.8854438349	72.3242015871	66.2215143717	58.4405832354	46.6312996162	48.0624606658	54.9592503743	70.2348705247	68.6921269868	62.6440741485	37.3836652596	57.9253956516	49.4338693929	94.2403082206	45.8514080084	49.1736376586	60.0800209159	58.4155926826	51.9357113163	53.3121628211	53.7876839297	54.0597300669	58.6699942647	38.0036269033	53.970536932	36.0344299411	34.503480372	60.1554349703	34.1349606897	60.2760114088	66.5403093434	44.9363589635	59.8503169357	65.3093261626
44.9588120295	43.019279565	61.7976535458	42.9918689676	51.2975097491	50.9151101305	50.0004934284	53.5772364025	49.0088719619	46.1712457761	56.592868304	52.3240255918	50.0481876947	50.3685482759	46.1477326441	46.5119172347	51.8499155169	65.8206003483	33.9779715953	66.3659417253	45.2250895026	51.5580164095	63.4951911174	66.7485993942	43.7362538605	57.0507945613	52.1328539171	58.5352103507	50.9874732938	53.4530139945	60.8961375175	50.2595208185	42.2671985277	48.1747798866	61.2399910142	40.9117179634	48.2922771223	54.5167746812	45.8514080084	94.2403082206	33.4199685775	36.6122245187	42.7216566676	38.5805890758	55.7110908926	47.9442891372	41.8298488679	55.4579643745	60.1606867229	59.9496965393	59.9756529245	60.3701680799	53.6478078814	54.4493021024	55.9030368983	60.4466829718	66.2076659465	58.8560547625	60.752914186
42.0349163839	46.8657326648	51.3244664122	38.4187414011	46.5270931932	39.6890634144	40.9124519231	46.2505549848	51.4541680659	44.3014238975	38.1853121723	29.6222136619	61.4485588077	56.8504785471	42.9367414751	57.0089869304	30.7444536328	38.8597765483	36.3800915783	34.6469932601	55.9527889448	36.1927597797	46.7945301575	35.6723685125	45.5892530802	58.0106232183	51.413477986	59.8766959846	40.113714516	49.4353572898	43.0019224395	55.0879885742	50.9564982035	46.734752009	53.2021071097	48.1193626415	50.3862193316	34.8863659564	49.1736376586	33.4199685775	94.2403082206	50.4711642484	53.8742916326	39.4444821959	45.7028717295	35.6213485054	46.4064936082	60.4261235347	36.728633823	53.2443575079	33.4103335319	37.8846009427	34.9968987494	28.0242662807	46.2134234492	62.6383936229	37.7440084488	51.577586051	52.1316745526
51.8136202505	51.4680709897	54.3290230802	41.4078017571	49.8853349734	47.3983593471	57.9017667068	61.8158050601	52.4669641599	60.6465649441	42.2394544617	38.0929884487	60.7730299793	49.867290485	44.3787683227	60.9079299611	35.6797454707	40.1772966871	42.2435035854	38.483901457	55.5674885667	40.201057308	50.6543043567	38.925244603	49.4339689384	58.6786836944	69.4030191194	67.4843815187	43.2938868578	50.2082596644	49.0703341722	57.6090990303	56.2362064253	61.0587990436	62.8549368164	46.6248814465	53.4054703818	41.613364397	60.0800209159	36.6122245187	50.4711642484	94.2403082206	62.3217968649	43.1183827038	50.4546281813	43.605882742	45.8751600648	60.6828819857	35.4245622449	51.136947802	40.6972054404	38.0249592969	55.3107027861	37.0720668338	48.9754800609	62.2564630677	31.9594972196	66.4185861677	53.0513600083
64.2886053764	49.1104658239	67.1872576666	56.6498355355	60.5808062681	60.5591878794	68.5438378291	60.8598956571	61.2835694659	59.2350377115	57.4663347973	45.0132149522	59.4369147522	61.9449367782	52.5922206646	55.0578162848	53.359246436	51.9786071238	56.9034845049	51.002752579	56.1664929935	52.9126948072	60.0196668328	44.7507727482	62.1958428713	64.0302907883	65.4761762551	67.4539872395	57.7101559662	56.8765155182	64.3388617414	57.4625506834	62.5257403562	65.5909703345	70.568411088	50.2834724623	62.5793635852	58.6787584	58.4155926826	42.7216566676	53.8742916326	62.3217968649	94.2403082206	60.9380085315	50.745189834	56.0406344128	52.2084373672	63.8632758869	50.6395013514	68.0737651491	45.8884664169	48.3445509033	61.5221994876	49.9179890117	61.212698362	75.6592672165	49.8626020112	59.439158456	53.7677947654
69.5599224562	51.6778483826	70.1955025323	63.9545276273	45.1835420448	66.4556601446	57.0709853648	56.0252465132	65.7522997696	54.9346168189	72.7912114482	38.747769689	47.4928055018	63.0811612161	57.0876303571	55.7290446695	76.4754075373	47.1613650341	68.7342690942	42.976417706	48.6950555472	60.5909545187	58.6005207411	48.937260098	80.0905467029	59.9121262759	65.024975378	63.4962750517	69.5184790195	45.2073892967	56.7142548496	44.4125450712	67.3536590845	57.8843180616	68.8462244879	56.0944440856	71.8910400206	64.9260130924	51.9357113163	38.5805890758	39.4444821959	43.1183827038	60.9380085315	94.2403082206	53.7232979537	63.6620199296	59.9670921	53.1375126021	48.1873246311	52.9374606801	38.9890683218	46.4211077202	61.1775192211	38.7625291348	63.7345881713	65.3715281737	47.6961562075	53.7971263136	48.534826882
60.5953700494	52.0760690208	67.3176410047	44.6297722967	46.6206160884	56.0891606451	53.5470191217	62.5991228108	60.7384513557	53.7357078148	61.7389441582	50.1817661138	60.5173941843	61.0083585826	50.1531520864	57.8940523275	54.0171040776	53.2143307566	43.2090937744	47.3419483166	49.1533141347	49.8529696425	55.7291761131	59.6627333145	60.3970446635	59.2245537828	62.9481037005	65.0789147461	58.7511071169	46.7073366293	58.1377965556	54.003345206	54.3316244105	52.7804799791	65.6813618894	51.0733724534	61.8572306295	52.4058818355	53.3121628211	55.7110908926	45.7028717295	50.4546281813	50.745189834	53.7232979537	94.2403082206	52.6957349073	48.5410362619	61.2880256949	51.3910824434	57.3937506575	43.7527255643	47.0338178882	54.9695180209	49.3425509865	58.4089033772	64.0477836724	52.4710916975	58.2113695332	67.299458218
74.9951868922	35.0893170947	82.2069699233	77.0679448827	54.9996868673	88.7490802331	66.4479220028	50.5202439066	72.8438920828	61.8242698536	81.9124974376	57.6947881115	45.4396005416	70.4823875005	72.1391565126	52.2891834238	78.5810397161	69.4781633227	67.6694320981	63.1047737142	41.298960392	84.5170083457	77.3247360529	56.2711342779	70.1910101279	62.3914025996	65.8717175499	69.7490104204	80.7461057363	52.3047397234	62.5057448047	43.4068404491	57.2056761849	70.0416529715	80.7706359624	41.9922140074	80.4925179832	88.0060810731	53.7876839297	47.9442891372	35.6213485054	43.605882742	56.0406344128	63.6620199296	52.6957349073	94.2403082206	73.2674777644	54.9558402813	68.0527902359	55.9306739694	58.698720224	56.3863544715	75.3722838544	55.6127050758	73.0648705984	71.9256684999	57.2029911636	54.1344609208	55.9647623975
68.3148398331	33.133973431	71.2267968759	77.4769422508	54.8477855838	73.7254611346	53.2248526857	46.5952626222	59.1460606273	64.6446832119	68.0269825878	55.5169191194	44.6365596601	65.7125617475	78.6571015533	48.8411525883	69.7195941845	56.0876788369	76.2526014344	49.3366275587	39.0754978069	72.8281612534	68.2926657797	47.8121130244	66.0896312608	64.3336908033	57.5841055106	72.0606839865	61.3265194599	49.4263038397	49.0178405483	47.6903052315	54.6925869178	74.596688071	70.7091345204	47.7899793892	80.3544108725	71.7389407146	54.0597300669	41.8298488679	46.4064936082	45.8751600648	52.2084373672	59.9670921	48.5410362619	73.2674777644	94.2403082206	53.9715773174	59.1269763849	53.2726773388	42.5418522592	47.9236236909	62.8167268566	40.5663251161	75.2297690509	67.2107639581	40.3752885768	56.807761663	51.8568114352
