Tissue	braincerebellum
N_samples	102
Chr	7
Gene	ENSG00000006747.10
SNP	rs73058753
Gene_list	ENSG00000006747.10	ENSG00000138964.12	ENSG00000185811.12	ENSG00000167613.11	ENSG00000104972.10	ENSG00000183160.8
Gene expression stats (Y^T * Y): 
94.2403082206	62.7844154933	56.621817106	57.4657257639	58.4576346215	57.9360506143
62.7844154933	94.2403082206	44.9149400447	62.22598353	64.1231674061	62.9633279265
56.621817106	44.9149400447	94.2403082206	49.4489838654	39.1792344179	43.6826749244
57.4657257639	62.22598353	49.4489838654	94.2403082206	50.0255123121	58.8774436586
58.4576346215	64.1231674061	39.1792344179	50.0255123121	94.2403082206	55.4951079719
57.9360506143	62.9633279265	43.6826749244	58.8774436586	55.4951079719	94.2403082206
Genotype stats (X^T * X): 	12.7941176471
Gene expression - Genotype stats (Y^T * X): 
-12.6060329332	-10.0175147379	-9.95688599488	-11.1152711772	-5.19739653977	-6.93479748372