Tissue	braincerebellum
N_samples	102
Chr	16
Gene	ENSG00000182601.6
SNP	rs4372694
Gene_list	ENSG00000116237.11	ENSG00000187664.8	ENSG00000182601.6	ENSG00000100285.9	ENSG00000106341.6	ENSG00000133424.16	ENSG00000136167.9	ENSG00000178538.5	ENSG00000136404.11	ENSG00000119411.10	ENSG00000236279.2	ENSG00000070808.11	ENSG00000198624.8	ENSG00000162757.3
Gene expression stats (Y^T * Y): 
94.2403082206	74.2974339877	63.251928403	60.9851036789	67.631199279	71.6062836418	51.9798111836	73.450016575	57.9446669413	74.3270901001	61.8304460295	61.9094158653	57.395161549	50.6462502082
74.2974339877	94.2403082206	57.040050346	64.7550659317	72.8303530226	80.1124373961	56.5769663623	76.8611322621	55.1898763036	68.4962850457	69.1342926063	65.9238022942	46.4416350794	53.5575797356
63.251928403	57.040050346	94.2403082206	59.4652139487	62.2150042031	60.9330435272	58.4316111869	62.1824131536	62.2066986505	62.4162658989	57.5760345696	57.1350951051	57.3257921038	59.1515677787
60.9851036789	64.7550659317	59.4652139487	94.2403082206	68.8688941403	59.7580635147	49.4409426344	70.4607483558	41.4862460194	53.5031673101	69.1635129454	54.8074010339	34.1799883166	37.2871013551
67.631199279	72.8303530226	62.2150042031	68.8688941403	94.2403082206	83.6867006528	66.6939550168	86.8910399503	58.1311417896	61.8248799436	77.2066720408	58.3099893244	43.4803377361	59.7520262673
71.6062836418	80.1124373961	60.9330435272	59.7580635147	83.6867006528	94.2403082206	68.3216954545	82.2410476466	61.9376959397	71.9925861224	73.398564907	65.8649176493	49.8109198308	63.2278360556
51.9798111836	56.5769663623	58.4316111869	49.4409426344	66.6939550168	68.3216954545	94.2403082206	69.2593237549	59.6226415132	54.7789639625	55.237976626	58.0954989796	39.6444446366	43.5586782321
73.450016575	76.8611322621	62.1824131536	70.4607483558	86.8910399503	82.2410476466	69.2593237549	94.2403082206	57.3765235658	63.4165910879	74.777077333	58.2329793172	40.8794399216	51.6950745351
57.9446669413	55.1898763036	62.2066986505	41.4862460194	58.1311417896	61.9376959397	59.6226415132	57.3765235658	94.2403082206	55.2915325362	47.6282995024	53.6321619061	48.6928358879	60.1067938072
74.3270901001	68.4962850457	62.4162658989	53.5031673101	61.8248799436	71.9925861224	54.7789639625	63.4165910879	55.2915325362	94.2403082206	63.2639799766	59.4251923519	60.7147198679	56.8420319778
61.8304460295	69.1342926063	57.5760345696	69.1635129454	77.2066720408	73.398564907	55.237976626	74.777077333	47.6282995024	63.2639799766	94.2403082206	64.4097792554	41.043900193	45.9236628841
61.9094158653	65.9238022942	57.1350951051	54.8074010339	58.3099893244	65.8649176493	58.0954989796	58.2329793172	53.6321619061	59.4251923519	64.4097792554	94.2403082206	52.3135348607	46.4194392097
57.395161549	46.4416350794	57.3257921038	34.1799883166	43.4803377361	49.8109198308	39.6444446366	40.8794399216	48.6928358879	60.7147198679	41.043900193	52.3135348607	94.2403082206	53.9522075451
50.6462502082	53.5575797356	59.1515677787	37.2871013551	59.7520262673	63.2278360556	43.5586782321	51.6950745351	60.1067938072	56.8420319778	45.9236628841	46.4194392097	53.9522075451	94.2403082206
Genotype stats (X^T * X): 	47.1470588235
Gene expression - Genotype stats (Y^T * X): 
9.71578079073	5.89823907108	21.0620141153	10.5241080125	13.8000190716	7.95947026953	9.55675579063	13.2832069138	14.4995853712	1.15765541108	9.87400403325	9.73925536686	3.80316460359	7.07506763891