Tissue	braincerebellum
N_samples	102
Chr	19
Gene	ENSG00000108107.8
SNP	rs11882138
Gene_list	ENSG00000115268.5	ENSG00000140988.11	ENSG00000108298.5	ENSG00000105193.4	ENSG00000063177.8	ENSG00000142541.12	ENSG00000108107.8	ENSG00000167526.9	ENSG00000198668.6	ENSG00000161016.11
Gene expression stats (Y^T * Y): 
94.2403082206	50.1067761139	53.1362516593	75.5722543417	59.4098263619	59.7116457988	56.5951983785	76.6683286152	-32.9399347623	56.3063357539
50.1067761139	94.2403082206	58.2477641679	61.4542924998	59.434729801	57.66785981	59.1119305392	49.9652146507	-48.1499519381	56.1940772681
53.1362516593	58.2477641679	94.2403082206	63.8746792452	61.7811166819	59.9460304064	56.6533650974	57.1930069514	-23.0944676445	60.5203711
75.5722543417	61.4542924998	63.8746792452	94.2403082206	60.2879274504	73.7092341559	58.5712734753	65.0202851717	-40.7518419903	67.9091502275
59.4098263619	59.434729801	61.7811166819	60.2879274504	94.2403082206	53.9272289851	68.1509423274	64.3071079825	-36.1953929327	59.0153529486
59.7116457988	57.66785981	59.9460304064	73.7092341559	53.9272289851	94.2403082206	57.5182718151	60.7813600502	-48.210790002	72.1255124721
56.5951983785	59.1119305392	56.6533650974	58.5712734753	68.1509423274	57.5182718151	94.2403082206	61.1491538065	-58.6777899672	57.1710236084
76.6683286152	49.9652146507	57.1930069514	65.0202851717	64.3071079825	60.7813600502	61.1491538065	94.2403082206	-32.8587758084	51.3666575454
-32.9399347623	-48.1499519381	-23.0944676445	-40.7518419903	-36.1953929327	-48.210790002	-58.6777899672	-32.8587758084	94.2403082206	-40.490240031
56.3063357539	56.1940772681	60.5203711	67.9091502275	59.0153529486	72.1255124721	57.1710236084	51.3666575454	-40.490240031	94.2403082206
Genotype stats (X^T * X): 	48.2709376471
Gene expression - Genotype stats (Y^T * X): 
-19.6743842874	-16.5816597285	-21.745312731	-17.0887130327	-17.8197587598	-18.6170725698	-21.0407773402	-17.0897750352	6.57099923329	-16.1552930506