Tissue	braincerebellum
N_samples	102
Chr	2
Gene	ENSG00000172016.11
SNP	rs364446
Gene_list	ENSG00000162438.7	ENSG00000169347.12	ENSG00000142789.15	ENSG00000179751.6	ENSG00000102837.6	ENSG00000168928.8	ENSG00000168925.6	ENSG00000172023.3	ENSG00000115386.5	ENSG00000172016.11	ENSG00000187021.10	ENSG00000158516.7	ENSG00000164266.6	ENSG00000153002.7
Gene expression stats (Y^T * Y): 
94.2403082206	85.6237154961	73.3390939196	84.315328862	15.6026231664	78.4516188194	82.6120905901	82.2932533326	77.1445631116	56.7479193047	80.8103983182	88.3379744425	75.0029367303	83.8641474762
85.6237154961	94.2403082206	85.0817790228	83.4490217826	26.0132188985	85.506104981	87.532083346	86.0350567702	86.9831655275	62.7231488893	81.6866106399	89.0286679336	79.3157499661	89.2343122099
73.3390939196	85.0817790228	94.2403082206	73.616717949	31.5430760481	89.142782314	85.6931481024	75.6353725331	84.5842715853	56.9543105451	69.7968457164	75.0382889419	73.7392699252	85.0309791454
84.315328862	83.4490217826	73.616717949	94.2403082206	22.1235419029	75.546781925	80.3884771932	77.6443830907	72.6074060738	57.4997548768	88.4584879364	87.6004019526	75.293660159	82.6674235505
15.6026231664	26.0132188985	31.5430760481	22.1235419029	94.2403082206	26.3615667521	21.8900428249	34.6974143935	36.1143203173	57.8852217466	22.5452732838	20.3404442766	32.2006945235	23.6966405553
78.4516188194	85.506104981	89.142782314	75.546781925	26.3615667521	94.2403082206	88.8358268277	79.1574883063	85.9990074103	59.6097160634	70.1854380982	79.1587128356	76.3221771678	87.0256652512
82.6120905901	87.532083346	85.6931481024	80.3884771932	21.8900428249	88.8358268277	94.2403082206	84.2276464145	86.8927264715	58.2591423136	74.9889317865	84.416656973	75.42046724	88.3245422351
82.2932533326	86.0350567702	75.6353725331	77.6443830907	34.6974143935	79.1574883063	84.2276464145	94.2403082206	87.0481814788	67.9765608542	77.6976702107	86.3512242081	76.911689145	82.0378618382
77.1445631116	86.9831655275	84.5842715853	72.6074060738	36.1143203173	85.9990074103	86.8927264715	87.0481814788	94.2403082206	68.4927896358	71.333320149	80.8704022773	78.73449858	84.786252373
56.7479193047	62.7231488893	56.9543105451	57.4997548768	57.8852217466	59.6097160634	58.2591423136	67.9765608542	68.4927896358	94.2403082206	61.2576231123	58.285562198	64.2699445736	57.3576388659
80.8103983182	81.6866106399	69.7968457164	88.4584879364	22.5452732838	70.1854380982	74.9889317865	77.6976702107	71.333320149	61.2576231123	94.2403082206	85.2134525352	73.2128349251	78.2649216908
88.3379744425	89.0286679336	75.0382889419	87.6004019526	20.3404442766	79.1587128356	84.416656973	86.3512242081	80.8704022773	58.285562198	85.2134525352	94.2403082206	77.2122915064	85.6960382983
75.0029367303	79.3157499661	73.7392699252	75.293660159	32.2006945235	76.3221771678	75.42046724	76.911689145	78.73449858	64.2699445736	73.2128349251	77.2122915064	94.2403082206	78.8449196761
83.8641474762	89.2343122099	85.0309791454	82.6674235505	23.6966405553	87.0256652512	88.3245422351	82.0378618382	84.786252373	57.3576388659	78.2649216908	85.6960382983	78.8449196761	94.2403082206
Genotype stats (X^T * X): 	57.8431372549
Gene expression - Genotype stats (Y^T * X): 
3.1931013072	7.92393146259	8.91875410171	7.97927596076	21.2575650005	8.04683404467	3.51996036167	3.59662239725	10.0133410873	25.8477072771	9.09559119084	3.94319090161	14.3694511725	6.94736869115