Tissue	braincerebellum
N_samples	102
Chr	7
Gene	ENSG00000122584.8
SNP	rs113225205
Gene_list	ENSG00000122584.8	ENSG00000273079.1	ENSG00000162981.12	ENSG00000008196.8	ENSG00000171617.9	ENSG00000158258.11
Gene expression stats (Y^T * Y): 
94.2403082206	56.9007307486	59.1053412634	57.9068964015	62.237494205	57.7128844452
56.9007307486	94.2403082206	58.6967529721	71.6869916371	62.6114569944	68.7843089837
59.1053412634	58.6967529721	94.2403082206	68.6221646424	60.8477563069	53.9446994693
57.9068964015	71.6869916371	68.6221646424	94.2403082206	61.8514019377	55.7731697719
62.237494205	62.6114569944	60.8477563069	61.8514019377	94.2403082206	57.6448703417
57.7128844452	68.7843089837	53.9446994693	55.7731697719	57.6448703417	94.2403082206
Genotype stats (X^T * X): 	27.5515198431
Gene expression - Genotype stats (Y^T * X): 
-18.6396171475	-7.6257685722	-17.3120226256	-12.0997322334	-9.34576980174	-8.74963690662