Tissue	braincerebellum
N_samples	102
Chr	6
Gene	ENSG00000204644.5
SNP	rs116068878
Gene_list	ENSG00000204644.5	ENSG00000128242.8	ENSG00000150510.11	ENSG00000122367.15	ENSG00000169247.7	ENSG00000172548.10	ENSG00000158715.5
Gene expression stats (Y^T * Y): 
94.2403082206	64.8422700857	57.2260254184	59.3027516865	56.762776072	61.0265052397	59.59569073
64.8422700857	94.2403082206	59.9437898866	65.6673796326	62.783872117	64.2551743372	66.4881259518
57.2260254184	59.9437898866	94.2403082206	56.1867729073	61.6553423199	69.1196517515	63.1020886507
59.3027516865	65.6673796326	56.1867729073	94.2403082206	63.3058928649	65.1769560011	63.9414035633
56.762776072	62.783872117	61.6553423199	63.3058928649	94.2403082206	68.4442154715	63.5194693884
61.0265052397	64.2551743372	69.1196517515	65.1769560011	68.4442154715	94.2403082206	60.8677154987
59.59569073	66.4881259518	63.1020886507	63.9414035633	63.5194693884	60.8677154987	94.2403082206
Genotype stats (X^T * X): 	13.5100955
Gene expression - Genotype stats (Y^T * X): 
-12.1553237603	-8.06681295391	-3.73651606876	-11.66804983	-7.21828656195	-4.66525064606	-5.7633337548