Tissue	braincerebellum
N_samples	102
Chr	10
Gene	ENSG00000099194.5
SNP	rs147620914
Gene_list	ENSG00000167191.7	ENSG00000173786.12	ENSG00000250722.1	ENSG00000244274.3	ENSG00000160307.5	ENSG00000134824.9	ENSG00000021300.9	ENSG00000165092.8	ENSG00000080822.12	ENSG00000099194.5	ENSG00000066468.16	ENSG00000107902.9	ENSG00000091513.10	ENSG00000113578.13	ENSG00000160781.11	ENSG00000112531.12
Gene expression stats (Y^T * Y): 
94.2403082206	37.018183884	73.6998672688	45.7494880064	60.7031651965	29.3814413161	68.393694272	68.829603252	45.2248958088	57.5044525417	61.7766436892	47.1804404346	31.2044618619	53.8895112294	41.7688659384	48.5133895974
37.018183884	94.2403082206	47.5442159909	69.2837962984	32.6408987403	30.3345993852	48.4034322525	14.1568168405	73.7554544535	60.3461735645	46.2837257927	70.3321073068	84.0120622423	60.7505959702	64.1637999133	40.0393805479
73.6998672688	47.5442159909	94.2403082206	54.0413771404	62.7234013792	25.0269709716	58.3532840848	66.5820742631	49.4796623315	63.6412653515	67.9437839324	45.6543950253	41.7139311376	54.1768488501	39.2448428864	53.9286636778
45.7494880064	69.2837962984	54.0413771404	94.2403082206	60.5763855795	23.8035207502	53.4642225658	33.1162835988	64.6591540945	62.1828420118	50.9229614657	68.550200901	65.1901108158	56.8331768439	67.9046348222	34.5917482416
60.7031651965	32.6408987403	62.7234013792	60.5763855795	94.2403082206	26.5433861152	63.4754411108	69.8324566334	37.9750598336	58.5342892783	62.1569840198	45.2310443073	21.8453088255	44.8799426954	53.9742252704	37.7664447254
29.3814413161	30.3345993852	25.0269709716	23.8035207502	26.5433861152	94.2403082206	38.8522188418	32.2009985265	27.2428814119	60.1356065973	35.2087555378	28.9594124907	26.8550662346	31.1297280828	29.6134210481	46.0447861926
68.393694272	48.4034322525	58.3532840848	53.4642225658	63.4754411108	38.8522188418	94.2403082206	49.7801565484	48.5682077023	60.2217237121	60.9259311237	66.7774740263	40.9523581506	65.2374257208	73.61551502	50.4189262105
68.829603252	14.1568168405	66.5820742631	33.1162835988	69.8324566334	32.2009985265	49.7801565484	94.2403082206	19.6327174735	56.8700254481	58.2881437087	20.5379455776	5.55158858669	33.9292529132	21.5095108316	44.4745497388
45.2248958088	73.7554544535	49.4796623315	64.6591540945	37.9750598336	27.2428814119	48.5682077023	19.6327174735	94.2403082206	59.8395067083	56.5108450978	70.5783493555	72.7807483336	61.1758056781	58.8560629858	48.4845536521
57.5044525417	60.3461735645	63.6412653515	62.1828420118	58.5342892783	60.1356065973	60.2217237121	56.8700254481	59.8395067083	94.2403082206	64.5016489013	59.5054571372	56.7198013652	63.6580084648	58.4414451441	61.2286944006
61.7766436892	46.2837257927	67.9437839324	50.9229614657	62.1569840198	35.2087555378	60.9259311237	58.2881437087	56.5108450978	64.5016489013	94.2403082206	54.7288847702	43.7338581779	57.8148517448	43.9562033636	58.0444183134
47.1804404346	70.3321073068	45.6543950253	68.550200901	45.2310443073	28.9594124907	66.7774740263	20.5379455776	70.5783493555	59.5054571372	54.7288847702	94.2403082206	66.1585275316	73.6025196371	77.8552332876	44.3476314293
31.2044618619	84.0120622423	41.7139311376	65.1901108158	21.8453088255	26.8550662346	40.9523581506	5.55158858669	72.7807483336	56.7198013652	43.7338581779	66.1585275316	94.2403082206	57.5463037609	54.4191940259	38.2222679913
53.8895112294	60.7505959702	54.1768488501	56.8331768439	44.8799426954	31.1297280828	65.2374257208	33.9292529132	61.1758056781	63.6580084648	57.8148517448	73.6025196371	57.5463037609	94.2403082206	66.309191119	49.6830799518
41.7688659384	64.1637999133	39.2448428864	67.9046348222	53.9742252704	29.6134210481	73.61551502	21.5095108316	58.8560629858	58.4414451441	43.9562033636	77.8552332876	54.4191940259	66.309191119	94.2403082206	36.3287546869
48.5133895974	40.0393805479	53.9286636778	34.5917482416	37.7664447254	46.0447861926	50.4189262105	44.4745497388	48.4845536521	61.2286944006	58.0444183134	44.3476314293	38.2222679913	49.6830799518	36.3287546869	94.2403082206
Genotype stats (X^T * X): 	15.4901960784
Gene expression - Genotype stats (Y^T * X): 
-8.76086714715	-10.2641795236	-8.13267385277	-5.03152319392	-5.70235472033	-10.997488567	-9.36844631091	-7.37426496858	-7.2418123005	-13.3191666362	-12.7752713812	-8.13531647869	-8.11219400491	-8.74530151491	-9.19898827698	-9.16650601035