Tissue	braincerebellum
N_samples	102
Chr	17
Gene	ENSG00000108604.11
SNP	rs3815358
Gene_list	ENSG00000112139.10	ENSG00000178233.13	ENSG00000010322.11	ENSG00000187193.8	ENSG00000108604.11	ENSG00000103264.11
Gene expression stats (Y^T * Y): 
94.2403082206	66.7882538262	76.7004058549	45.2516758678	60.7861869694	41.3608125916
66.7882538262	94.2403082206	65.7478851208	36.2201305415	74.2253634444	62.9294986099
76.7004058549	65.7478851208	94.2403082206	47.3856342473	65.7018602211	51.3729189564
45.2516758678	36.2201305415	47.3856342473	94.2403082206	59.3545975667	33.2426141073
60.7861869694	74.2253634444	65.7018602211	59.3545975667	94.2403082206	61.6183382449
41.3608125916	62.9294986099	51.3729189564	33.2426141073	61.6183382449	94.2403082206
Genotype stats (X^T * X): 	58.1663409902
Gene expression - Genotype stats (Y^T * X): 
10.8541099082	25.0896190134	11.6654793064	6.3929489395	27.966187151	15.7301863345