Tissue	braincerebellum
N_samples	102
Chr	3
Gene	ENSG00000114805.12
SNP	rs4679741
Gene_list	ENSG00000137203.6	ENSG00000273079.1	ENSG00000185052.7	ENSG00000163873.5	ENSG00000105738.6	ENSG00000138944.7	ENSG00000101670.7	ENSG00000008196.8	ENSG00000169213.6	ENSG00000171617.9	ENSG00000156395.8	ENSG00000151136.10	ENSG00000089250.14	ENSG00000158258.11	ENSG00000109452.8	ENSG00000114805.12
Gene expression stats (Y^T * Y): 
94.2403082206	63.8054572682	57.9906606377	63.7463651849	51.9335217502	63.1779962505	68.6436798786	73.5927032564	56.4463749688	65.9611460255	62.4430175563	68.717043098	56.1153798091	51.1784288035	57.2496866902	58.4562583172
63.8054572682	94.2403082206	65.880272734	71.9272240992	58.457854275	66.5260504473	74.3909688926	71.6869916371	75.3195159589	62.6114569944	69.5153373891	72.2150020965	72.5402681256	68.7843089837	73.5530525707	61.0531626357
57.9906606377	65.880272734	94.2403082206	71.5461339	58.5759713502	72.2415128294	69.8113752686	74.4502206509	67.6961509359	59.465947288	65.6751785408	76.9144695176	68.3186687764	55.227569981	63.7516884243	58.2670258815
63.7463651849	71.9272240992	71.5461339	94.2403082206	60.4268814402	73.2689025865	77.0457873518	69.2496828831	70.4288424222	64.5036535236	73.4304738919	82.3056025734	71.5570597972	56.9811919703	67.3855029917	59.0490937055
51.9335217502	58.457854275	58.5759713502	60.4268814402	94.2403082206	56.5242001962	62.1578199121	53.9696746898	52.9486315226	53.1886522149	51.4160883067	62.8563828698	62.4559616862	52.5466627438	55.4002184707	57.4876136873
63.1779962505	66.5260504473	72.2415128294	73.2689025865	56.5242001962	94.2403082206	76.1797753053	69.0857620587	76.1773501626	65.162115476	71.6577188984	79.4720009761	71.3038874696	56.7605688242	65.188678969	56.9554252132
68.6436798786	74.3909688926	69.8113752686	77.0457873518	62.1578199121	76.1797753053	94.2403082206	74.2072271085	70.6927450553	67.2379612082	76.1900302589	81.1206298411	74.4433409386	65.4645089092	71.7300759117	64.4925362438
73.5927032564	71.6869916371	74.4502206509	69.2496828831	53.9696746898	69.0857620587	74.2072271085	94.2403082206	68.6264882332	61.8514019377	70.7715067857	75.3510254521	73.2003220539	55.7731697719	69.6484057578	60.9590304847
56.4463749688	75.3195159589	67.6961509359	70.4288424222	52.9486315226	76.1773501626	70.6927450553	68.6264882332	94.2403082206	54.6628413572	68.322096494	71.0979649037	74.4868299369	60.7143582404	74.1549478734	58.6909790618
65.9611460255	62.6114569944	59.465947288	64.5036535236	53.1886522149	65.162115476	67.2379612082	61.8514019377	54.6628413572	94.2403082206	62.3552676183	65.7599011058	53.5162553107	57.6448703417	61.6040337574	59.7724629349
62.4430175563	69.5153373891	65.6751785408	73.4304738919	51.4160883067	71.6577188984	76.1900302589	70.7715067857	68.322096494	62.3552676183	94.2403082206	76.5473805159	72.5207846428	53.9645425342	63.685716231	56.6599604879
68.717043098	72.2150020965	76.9144695176	82.3056025734	62.8563828698	79.4720009761	81.1206298411	75.3510254521	71.0979649037	65.7599011058	76.5473805159	94.2403082206	78.9927873474	62.4693693364	69.0089816559	62.3435859643
56.1153798091	72.5402681256	68.3186687764	71.5570597972	62.4559616862	71.3038874696	74.4433409386	73.2003220539	74.4868299369	53.5162553107	72.5207846428	78.9927873474	94.2403082206	64.043050606	69.7696397959	58.8606214337
51.1784288035	68.7843089837	55.227569981	56.9811919703	52.5466627438	56.7605688242	65.4645089092	55.7731697719	60.7143582404	57.6448703417	53.9645425342	62.4693693364	64.043050606	94.2403082206	68.8341601126	57.8942195549
57.2496866902	73.5530525707	63.7516884243	67.3855029917	55.4002184707	65.188678969	71.7300759117	69.6484057578	74.1549478734	61.6040337574	63.685716231	69.0089816559	69.7696397959	68.8341601126	94.2403082206	57.5558651389
58.4562583172	61.0531626357	58.2670258815	59.0490937055	57.4876136873	56.9554252132	64.4925362438	60.9590304847	58.6909790618	59.7724629349	56.6599604879	62.3435859643	58.8606214337	57.8942195549	57.5558651389	94.2403082206
Genotype stats (X^T * X): 	44.9901960784
Gene expression - Genotype stats (Y^T * X): 
-14.785788951	-10.6226407042	-12.595736812	-12.6957805422	-11.0388238068	-5.58661803227	-13.0199160728	-15.7669783999	-3.64634625621	-12.7154290388	-11.0121661802	-14.5777381898	-16.6954978564	-16.7911672591	-8.48940283917	-20.4979717823