Tissue	braincerebellum
N_samples	102
Chr	1
Gene	ENSG00000163563.7
SNP	rs71632639
Gene_list	ENSG00000111348.4	ENSG00000169442.4	ENSG00000187116.9	ENSG00000103569.5	ENSG00000112303.9	ENSG00000163563.7	ENSG00000180871.3
Gene expression stats (Y^T * Y): 
94.2403082206	37.3952880979	49.4819176069	55.0172383695	52.771753248	58.1070169533	39.0005825826
37.3952880979	94.2403082206	46.6015023855	35.8023502161	40.6666507258	56.8443703868	35.1960243097
49.4819176069	46.6015023855	94.2403082206	69.8587716208	68.6130294204	60.1224604332	48.8165696888
55.0172383695	35.8023502161	69.8587716208	94.2403082206	68.938781697	59.9566504434	61.2959560187
52.771753248	40.6666507258	68.6130294204	68.938781697	94.2403082206	59.6942430627	58.3555198523
58.1070169533	56.8443703868	60.1224604332	59.9566504434	59.6942430627	94.2403082206	59.7964696522
39.0005825826	35.1960243097	48.8165696888	61.2959560187	58.3555198523	59.7964696522	94.2403082206
Genotype stats (X^T * X): 	13.3462202059
Gene expression - Genotype stats (Y^T * X): 
-3.96025241075	-10.6911981244	-5.62785960043	-3.61227443657	-3.98096398432	-11.3172284944	-5.02165695416