Tissue	braincerebellum
N_samples	102
Chr	7
Gene	ENSG00000105993.10
SNP	rs184288042
Gene_list	ENSG00000092199.13	ENSG00000086061.11	ENSG00000140319.6	ENSG00000139970.12	ENSG00000100591.3	ENSG00000185787.10	ENSG00000080824.14	ENSG00000112335.10	ENSG00000088986.6	ENSG00000015479.13	ENSG00000105993.10	ENSG00000116161.13
Gene expression stats (Y^T * Y): 
94.2403082206	58.5057041079	49.7980241388	49.1588939893	53.6574567668	53.6715298883	51.3654667859	51.1298460206	32.2918065307	54.551865439	58.3833266379	52.5752462197
58.5057041079	94.2403082206	28.2377573974	37.4383139209	72.6555146074	40.9220319145	80.4708791699	52.0913492521	62.6528050107	38.5536053541	57.3637517817	71.7684882805
49.7980241388	28.2377573974	94.2403082206	36.9759166882	36.0043635617	35.8053803235	33.0446336406	54.5133568093	36.6982303503	31.6732578722	59.0228689066	43.4784245874
49.1588939893	37.4383139209	36.9759166882	94.2403082206	42.044750267	79.8456798637	43.375748307	44.6501147302	32.6232003988	74.3475662683	64.1334465716	55.4426970489
53.6574567668	72.6555146074	36.0043635617	42.044750267	94.2403082206	43.083821351	66.8011471798	58.2884913772	51.641624664	40.9257661674	63.4382839668	65.7609344255
53.6715298883	40.9220319145	35.8053803235	79.8456798637	43.083821351	94.2403082206	46.5519371155	44.5454682936	26.3287700421	72.6945519931	58.2698140621	47.462467111
51.3654667859	80.4708791699	33.0446336406	43.375748307	66.8011471798	46.5519371155	94.2403082206	57.7426721844	55.5513662481	40.855674722	59.2384932358	72.6571811762
51.1298460206	52.0913492521	54.5133568093	44.6501147302	58.2884913772	44.5454682936	57.7426721844	94.2403082206	47.2301759888	47.4310313698	63.7219437215	53.7750715577
32.2918065307	62.6528050107	36.6982303503	32.6232003988	51.641624664	26.3287700421	55.5513662481	47.2301759888	94.2403082206	27.6855313443	56.8501916853	61.4831675369
54.551865439	38.5536053541	31.6732578722	74.3475662683	40.9257661674	72.6945519931	40.855674722	47.4310313698	27.6855313443	94.2403082206	60.1785361747	47.3550853765
58.3833266379	57.3637517817	59.0228689066	64.1334465716	63.4382839668	58.2698140621	59.2384932358	63.7219437215	56.8501916853	60.1785361747	94.2403082206	69.3414928287
52.5752462197	71.7684882805	43.4784245874	55.4426970489	65.7609344255	47.462467111	72.6571811762	53.7750715577	61.4831675369	47.3550853765	69.3414928287	94.2403082206
Genotype stats (X^T * X): 	6.02958934314
Gene expression - Genotype stats (Y^T * X): 
0.13760607062	-2.01151448389	-5.51385267108	-5.32158629788	-2.0230035066	-2.9705525479	-5.42045481332	-3.44838336967	-4.87918115166	-3.30477078886	-7.76007934579	-6.77743583451