Tissue	braincerebellum
N_samples	102
Chr	21
Gene	ENSG00000160200.13
SNP	rs234709
Gene_list	ENSG00000068078.13	ENSG00000100033.12	ENSG00000160200.13	ENSG00000213398.3	ENSG00000179604.8	ENSG00000119139.12	ENSG00000136802.7
Gene expression stats (Y^T * Y): 
94.2403082206	71.6540925984	63.5285141925	67.4820514313	71.2345497796	66.2910078535	78.0354283406
71.6540925984	94.2403082206	56.6910256252	58.1103049042	62.7919948281	55.8634248106	65.6773705576
63.5285141925	56.6910256252	94.2403082206	57.1359435929	59.1825526333	59.9285959598	56.75944681
67.4820514313	58.1103049042	57.1359435929	94.2403082206	70.3422512113	65.739284409	62.3640395825
71.2345497796	62.7919948281	59.1825526333	70.3422512113	94.2403082206	60.3776900691	73.311716759
66.2910078535	55.8634248106	59.9285959598	65.739284409	60.3776900691	94.2403082206	62.0737350569
78.0354283406	65.6773705576	56.75944681	62.3640395825	73.311716759	62.0737350569	94.2403082206
Genotype stats (X^T * X): 	60.0784313725
Gene expression - Genotype stats (Y^T * X): 
-11.2968724398	-7.70257811453	-23.3022122901	-2.85314954874	-11.9252506278	-3.33716824941	-10.6863803742