Tissue	braincerebellum
N_samples	102
Chr	18
Gene	ENSG00000152234.11
SNP	rs111780699
Gene_list	ENSG00000076344.11	ENSG00000127054.14	ENSG00000215788.5	ENSG00000131100.8	ENSG00000134333.9	ENSG00000152234.11	ENSG00000110955.4	ENSG00000175203.11	ENSG00000014641.13	ENSG00000171314.8	ENSG00000150991.10	ENSG00000113558.14	ENSG00000154518.5
Gene expression stats (Y^T * Y): 
94.2403082206	54.3255210136	64.7575373226	-39.3127668823	-38.0366589613	-63.049510067	-53.0512596276	-32.9937676963	-48.5314322907	-45.3779884213	-47.0082850272	-48.3922641497	-35.8476317037
54.3255210136	94.2403082206	61.3197825128	-42.3540188531	-36.3039458095	-61.8094946224	-57.90249688	-36.1210254605	-58.1033956777	-33.9467089274	-43.1626365205	-64.1136002744	-34.2541248003
64.7575373226	61.3197825128	94.2403082206	-27.0703481365	-32.441349846	-60.7138591221	-59.9344575497	-38.5555399982	-56.9931342903	-35.5902802358	-45.0959596595	-47.1750957976	-37.9118266982
-39.3127668823	-42.3540188531	-27.0703481365	94.2403082206	31.636537369	58.5084896119	49.3512509673	39.9663974549	44.3944486863	34.8468926133	38.5561988362	45.554851567	49.0005595235
-38.0366589613	-36.3039458095	-32.441349846	31.636537369	94.2403082206	57.3741519524	52.4531696926	47.3267404614	50.0636707834	59.4730574963	25.758590574	50.0843991522	41.7227615287
-63.049510067	-61.8094946224	-60.7138591221	58.5084896119	57.3741519524	94.2403082206	78.7864150676	64.1870088764	69.8701803516	57.8618386913	58.2739416767	71.947362618	61.8858669717
-53.0512596276	-57.90249688	-59.9344575497	49.3512509673	52.4531696926	78.7864150676	94.2403082206	61.9487023086	70.503118018	43.8858762938	55.1003068359	55.5353934394	48.8046041161
-32.9937676963	-36.1210254605	-38.5555399982	39.9663974549	47.3267404614	64.1870088764	61.9487023086	94.2403082206	47.2585104066	46.6960430301	45.2138700732	43.4495142473	46.8455031759
-48.5314322907	-58.1033956777	-56.9931342903	44.3944486863	50.0636707834	69.8701803516	70.503118018	47.2585104066	94.2403082206	44.3918914636	26.6257950442	55.6604051558	56.0011381968
-45.3779884213	-33.9467089274	-35.5902802358	34.8468926133	59.4730574963	57.8618386913	43.8858762938	46.6960430301	44.3918914636	94.2403082206	32.4177420434	43.4948874624	46.7534540537
-47.0082850272	-43.1626365205	-45.0959596595	38.5561988362	25.758590574	58.2739416767	55.1003068359	45.2138700732	26.6257950442	32.4177420434	94.2403082206	38.7010864773	31.4144412725
-48.3922641497	-64.1136002744	-47.1750957976	45.554851567	50.0843991522	71.947362618	55.5353934394	43.4495142473	55.6604051558	43.4948874624	38.7010864773	94.2403082206	43.1425920759
-35.8476317037	-34.2541248003	-37.9118266982	49.0005595235	41.7227615287	61.8858669717	48.8046041161	46.8455031759	56.0011381968	46.7534540537	31.4144412725	43.1425920759	94.2403082206
Genotype stats (X^T * X): 	24.2757427549
Gene expression - Genotype stats (Y^T * X): 
14.7660463475	6.45451515124	4.17005317143	-12.040446586	-8.08191158491	-14.9302185712	-9.44412167444	-10.1863008469	-3.80198554274	-15.6903261897	-12.7264411611	-4.06470598224	-6.65358645112