Tissue	braincerebellum
N_samples	102
Chr	19
Gene	ENSG00000167613.11
SNP	rs34395804
Gene_list	ENSG00000142583.13	ENSG00000006747.10	ENSG00000162511.7	ENSG00000140678.12	ENSG00000095970.12	ENSG00000138964.12	ENSG00000167613.11	ENSG00000186818.8	ENSG00000129667.8	ENSG00000183160.8	ENSG00000203747.5
Gene expression stats (Y^T * Y): 
94.2403082206	43.7456636146	38.8669895505	40.5940752079	28.9191315108	55.8943920078	58.3141949462	36.2246971912	54.4171758757	40.0385898296	52.1064371231
43.7456636146	94.2403082206	52.8798426711	49.3458457323	48.5333213513	62.7844154933	57.4657257639	51.6062178628	47.62516868	57.9360506143	47.4141136059
38.8669895505	52.8798426711	94.2403082206	66.3483396096	58.0951898825	58.2381542904	68.2636524323	58.3839069268	56.5880624098	58.1074464535	56.5789071619
40.5940752079	49.3458457323	66.3483396096	94.2403082206	57.5671096785	62.4065459944	57.7449715929	62.8695159847	55.6296721576	57.2690441026	42.7056263428
28.9191315108	48.5333213513	58.0951898825	57.5671096785	94.2403082206	51.7121665862	58.1430918121	53.1255034909	48.039197388	60.4126974084	39.9700700819
55.8943920078	62.7844154933	58.2381542904	62.4065459944	51.7121665862	94.2403082206	62.22598353	60.5725069758	59.727989936	62.9633279265	55.6741760298
58.3141949462	57.4657257639	68.2636524323	57.7449715929	58.1430918121	62.22598353	94.2403082206	57.9262829774	65.0170447166	58.8774436586	60.8710149311
36.2246971912	51.6062178628	58.3839069268	62.8695159847	53.1255034909	60.5725069758	57.9262829774	94.2403082206	58.3978147226	47.8149854354	41.3142707247
54.4171758757	47.62516868	56.5880624098	55.6296721576	48.039197388	59.727989936	65.0170447166	58.3978147226	94.2403082206	52.1080350952	53.7728529546
40.0385898296	57.9360506143	58.1074464535	57.2690441026	60.4126974084	62.9633279265	58.8774436586	47.8149854354	52.1080350952	94.2403082206	40.3276035566
52.1064371231	47.4141136059	56.5789071619	42.7056263428	39.9700700819	55.6741760298	60.8710149311	41.3142707247	53.7728529546	40.3276035566	94.2403082206
Genotype stats (X^T * X): 	16.6727778137
Gene expression - Genotype stats (Y^T * X): 
6.76786091911	6.20293490996	8.66463205929	6.70901558525	11.1662226433	7.89136464526	12.5983838742	7.77313470915	11.6255849399	7.16362425531	6.57718768961