Tissue	braincerebellum
N_samples	102
Chr	14
Gene	ENSG00000229164.5
SNP	rs226998
Gene_list	ENSG00000111218.7	ENSG00000162494.5	ENSG00000185052.7	ENSG00000229164.5	ENSG00000013016.10	ENSG00000196218.7	ENSG00000008196.8	ENSG00000163932.9	ENSG00000157404.11	ENSG00000180828.1	ENSG00000080644.11	ENSG00000151136.10	ENSG00000248485.1	ENSG00000128683.9
Gene expression stats (Y^T * Y): 
94.2403082206	47.2015010196	49.7350123637	61.7249068859	40.1858608285	54.4350654401	50.1875615741	55.1906636213	45.4601157525	51.6784579693	43.8681886652	41.9940078236	51.587826221	52.2747855761
47.2015010196	94.2403082206	74.1601730039	60.0425485802	61.9409204795	56.3028338761	75.5012153214	74.5875072085	62.4227491173	61.9921427641	59.1001310441	82.6758329796	66.9815010677	51.6496920302
49.7350123637	74.1601730039	94.2403082206	66.7908084936	78.2587855078	56.9669080372	74.4502206509	78.0985102131	80.8577524529	80.8837706527	61.0501613211	76.9144695176	82.3886330302	68.3499883797
61.7249068859	60.0425485802	66.7908084936	94.2403082206	60.9575738772	57.9199434509	62.0412985109	65.4139321709	60.5630324043	70.1711759238	57.280938423	57.195016002	67.6534836395	59.9382533831
40.1858608285	61.9409204795	78.2587855078	60.9575738772	94.2403082206	49.5912747232	65.2339704842	67.7551497396	75.0216119399	76.3322865176	50.8863221045	67.9357623449	74.142382477	68.2555945139
54.4350654401	56.3028338761	56.9669080372	57.9199434509	49.5912747232	94.2403082206	51.4844379132	61.2485462053	58.3592613694	57.8217348469	47.570291515	48.5306631527	63.0678303603	63.7840772923
50.1875615741	75.5012153214	74.4502206509	62.0412985109	65.2339704842	51.4844379132	94.2403082206	68.2603342533	67.1842251051	62.8334440542	53.325565376	75.3510254521	62.6999070942	48.8677827269
55.1906636213	74.5875072085	78.0985102131	65.4139321709	67.7551497396	61.2485462053	68.2603342533	94.2403082206	67.3528102119	67.9335911451	69.5750645538	76.1655152857	73.0251362372	63.9591485618
45.4601157525	62.4227491173	80.8577524529	60.5630324043	75.0216119399	58.3592613694	67.1842251051	67.3528102119	94.2403082206	84.038400223	57.8177827599	66.820448377	81.7933695809	80.939744622
51.6784579693	61.9921427641	80.8837706527	70.1711759238	76.3322865176	57.8217348469	62.8334440542	67.9335911451	84.038400223	94.2403082206	51.5793083448	63.3944435662	84.4346963617	83.1061951558
43.8681886652	59.1001310441	61.0501613211	57.280938423	50.8863221045	47.570291515	53.325565376	69.5750645538	57.8177827599	51.5793083448	94.2403082206	62.8057064555	54.1019271549	55.3898040431
41.9940078236	82.6758329796	76.9144695176	57.195016002	67.9357623449	48.5306631527	75.3510254521	76.1655152857	66.820448377	63.3944435662	62.8057064555	94.2403082206	67.1009212795	49.2637213465
51.587826221	66.9815010677	82.3886330302	67.6534836395	74.142382477	63.0678303603	62.6999070942	73.0251362372	81.7933695809	84.4346963617	54.1019271549	67.1009212795	94.2403082206	77.5611429995
52.2747855761	51.6496920302	68.3499883797	59.9382533831	68.2555945139	63.7840772923	48.8677827269	63.9591485618	80.939744622	83.1061951558	55.3898040431	49.2637213465	77.5611429995	94.2403082206
Genotype stats (X^T * X): 	51.4607843137
Gene expression - Genotype stats (Y^T * X): 
-19.0057463276	-8.85962253482	-17.204985808	-21.9642057285	-11.6660695791	1.75471217048	-8.6599058437	-10.7086663661	-10.8344030538	-16.2044297409	-7.80762718617	-9.45251965468	-11.6211230722	-9.10470584334