Tissue	braincerebellum
N_samples	102
Chr	17
Gene	ENSG00000186847.5
SNP	rs11078998
Gene_list	ENSG00000178372.6	ENSG00000134760.5	ENSG00000188508.6	ENSG00000189001.6	ENSG00000178934.4	ENSG00000186847.5	ENSG00000186081.7	ENSG00000172867.3	ENSG00000167768.4	ENSG00000203782.5	ENSG00000081277.7
Gene expression stats (Y^T * Y): 
94.2403082206	68.1955773065	76.7471413299	53.741731124	65.2497729972	68.6399115018	48.1130355064	77.9220009027	73.1789116404	78.2966523961	57.2513524537
68.1955773065	94.2403082206	65.7807131053	55.3390969786	56.4392743672	64.3229199949	51.5413660345	70.4985108883	70.8272881155	62.2233512712	50.034145956
76.7471413299	65.7807131053	94.2403082206	59.1888973192	66.5820286951	71.1699343462	56.5551102022	68.6976742101	73.9417455343	70.6310572379	57.7009055632
53.741731124	55.3390969786	59.1888973192	94.2403082206	60.8801582722	63.6065204009	66.6175087434	50.9870424555	55.6949882693	57.6085467526	62.0125969317
65.2497729972	56.4392743672	66.5820286951	60.8801582722	94.2403082206	68.0603883363	66.6563256409	55.8600942892	73.740019805	50.0067318089	59.9724733419
68.6399115018	64.3229199949	71.1699343462	63.6065204009	68.0603883363	94.2403082206	73.2384752823	64.8604541449	69.3092712198	61.5625026572	62.3368408563
48.1130355064	51.5413660345	56.5551102022	66.6175087434	66.6563256409	73.2384752823	94.2403082206	40.6965674601	63.0362960098	44.0758346208	58.825196918
77.9220009027	70.4985108883	68.6976742101	50.9870424555	55.8600942892	64.8604541449	40.6965674601	94.2403082206	68.1018450804	70.9575803705	53.7142604088
73.1789116404	70.8272881155	73.9417455343	55.6949882693	73.740019805	69.3092712198	63.0362960098	68.1018450804	94.2403082206	63.8627978259	56.0614157373
78.2966523961	62.2233512712	70.6310572379	57.6085467526	50.0067318089	61.5625026572	44.0758346208	70.9575803705	63.8627978259	94.2403082206	51.458894343
57.2513524537	50.034145956	57.7009055632	62.0125969317	59.9724733419	62.3368408563	58.825196918	53.7142604088	56.0614157373	51.458894343	94.2403082206
Genotype stats (X^T * X): 	20.5733578529
Gene expression - Genotype stats (Y^T * X): 
-7.31794587832	-10.1087253968	-5.20331774021	-7.81283150961	-7.33495904524	-13.5005577394	-6.89780347221	-9.77370781158	-6.15317066787	-8.02228230601	-6.6180752443