Tissue	braincerebellum
N_samples	102
Chr	19
Gene	ENSG00000099797.7
SNP	rs7246904
Gene_list	ENSG00000142089.11	ENSG00000110651.7	ENSG00000099797.7	ENSG00000101439.4	ENSG00000122756.10	ENSG00000140264.15	ENSG00000104960.11	ENSG00000087250.4	ENSG00000125148.6	ENSG00000168209.4	ENSG00000106211.8	ENSG00000109846.3	ENSG00000178719.12	ENSG00000173110.6	ENSG00000135916.11
Gene expression stats (Y^T * Y): 
94.2403082206	66.7321853744	59.0005826794	49.4806394468	35.4878318768	46.9222268393	49.0667758615	66.7339844792	76.7748439224	57.6473294314	66.9814933689	64.7977397863	32.2381685372	51.7969147055	62.7913459424
66.7321853744	94.2403082206	59.5367036835	70.938292197	55.7886314803	37.3770517848	32.0889566146	75.4416414752	62.3876569882	44.8256395166	55.4450869516	56.3461282082	60.1119361702	50.1751028253	82.2255385079
59.0005826794	59.5367036835	94.2403082206	63.6382193568	56.8710070049	57.8799077397	58.8707832299	64.0080319964	60.2590355636	60.6706285092	72.0351869471	62.1539646048	58.898334035	70.3987189313	60.1803086362
49.4806394468	70.938292197	63.6382193568	94.2403082206	47.8481334893	45.5714425839	30.8458196527	66.2936238679	60.0643635721	45.5475695951	53.1401000946	45.1334314802	63.0243206577	53.2185812028	74.8507783804
35.4878318768	55.7886314803	56.8710070049	47.8481334893	94.2403082206	21.4167764034	25.6786545143	61.485989653	42.8136447885	47.3035156111	35.6093682031	33.6797431204	56.7889855077	32.1570755426	55.0728469587
46.9222268393	37.3770517848	57.8799077397	45.5714425839	21.4167764034	94.2403082206	51.9114737373	46.9860506673	43.6286494771	32.2405000001	63.9124878352	48.1578798463	34.3313203486	58.6448237754	38.9196436756
49.0667758615	32.0889566146	58.8707832299	30.8458196527	25.6786545143	51.9114737373	94.2403082206	46.2599140955	55.5066282837	49.3289193916	53.6404247242	56.8430589137	9.61946744845	44.1931729197	24.2994395749
66.7339844792	75.4416414752	64.0080319964	66.2936238679	61.485989653	46.9860506673	46.2599140955	94.2403082206	66.8618010976	50.8896594043	56.3086598359	57.3791572851	55.8069519922	43.9180290372	65.7427896249
76.7748439224	62.3876569882	60.2590355636	60.0643635721	42.8136447885	43.6286494771	55.5066282837	66.8618010976	94.2403082206	72.6560122281	61.2167232254	65.0569845491	36.6223918484	49.6593648796	57.9725526656
57.6473294314	44.8256395166	60.6706285092	45.5475695951	47.3035156111	32.2405000001	49.3289193916	50.8896594043	72.6560122281	94.2403082206	54.1076503477	59.9182278583	28.005871894	48.4556192078	44.4756497322
66.9814933689	55.4450869516	72.0351869471	53.1401000946	35.6093682031	63.9124878352	53.6404247242	56.3086598359	61.2167232254	54.1076503477	94.2403082206	71.4664075483	39.490315717	75.8524480478	57.3569946219
64.7977397863	56.3461282082	62.1539646048	45.1334314802	33.6797431204	48.1578798463	56.8430589137	57.3791572851	65.0569845491	59.9182278583	71.4664075483	94.2403082206	18.3141821711	57.2790285453	51.4680897495
32.2381685372	60.1119361702	58.898334035	63.0243206577	56.7889855077	34.3313203486	9.61946744845	55.8069519922	36.6223918484	28.005871894	39.490315717	18.3141821711	94.2403082206	45.8390760547	59.2202185827
51.7969147055	50.1751028253	70.3987189313	53.2185812028	32.1570755426	58.6448237754	44.1931729197	43.9180290372	49.6593648796	48.4556192078	75.8524480478	57.2790285453	45.8390760547	94.2403082206	54.8925131766
62.7913459424	82.2255385079	60.1803086362	74.8507783804	55.0728469587	38.9196436756	24.2994395749	65.7427896249	57.9725526656	44.4756497322	57.3569946219	51.4680897495	59.2202185827	54.8925131766	94.2403082206
Genotype stats (X^T * X): 	18.1059603235
Gene expression - Genotype stats (Y^T * X): 
11.2351551648	8.72784466106	12.6942610383	2.36259917605	6.69305457455	10.9630536313	10.7218164084	8.32535743166	7.23429562386	8.70345246696	8.21397616044	12.709482223	2.56124853181	6.11251548031	7.20406282007