Tissue	braincerebellum
N_samples	102
Chr	20
Gene	ENSG00000130702.9
SNP	rs184691263
Gene_list	ENSG00000242173.4	ENSG00000008710.13	ENSG00000215788.5	ENSG00000141837.14	ENSG00000104852.10	ENSG00000130702.9	ENSG00000107281.5
Gene expression stats (Y^T * Y): 
94.2403082206	63.0936481667	42.7697766698	43.1733879643	54.3550175537	57.0588096346	44.6850569633
63.0936481667	94.2403082206	58.5080529166	54.9387852195	64.9038039995	65.1701880178	65.6585517061
42.7697766698	58.5080529166	94.2403082206	46.5648434478	65.1138395674	58.2712069038	48.0851058309
43.1733879643	54.9387852195	46.5648434478	94.2403082206	50.2069933067	57.8197835583	28.9080246841
54.3550175537	64.9038039995	65.1138395674	50.2069933067	94.2403082206	58.9565575439	59.7929293127
57.0588096346	65.1701880178	58.2712069038	57.8197835583	58.9565575439	94.2403082206	56.704846415
44.6850569633	65.6585517061	48.0851058309	28.9080246841	59.7929293127	56.704846415	94.2403082206
Genotype stats (X^T * X): 	33.8867591471
Gene expression - Genotype stats (Y^T * X): 
4.83868442692	7.62997466063	12.5262006448	15.0567955019	7.5340959585	17.819806408	5.75659014825