Tissue	braincerebellum
N_samples	102
Chr	14
Gene	ENSG00000213983.7
SNP	rs222700
Gene_list	ENSG00000184524.5	ENSG00000130254.7	ENSG00000213983.7	ENSG00000105711.6	ENSG00000124181.10	ENSG00000152154.6	ENSG00000108799.8	ENSG00000102924.7	ENSG00000104888.5	ENSG00000135439.7	ENSG00000101210.6	ENSG00000136854.13	ENSG00000082014.12	ENSG00000213088.5	ENSG00000145920.10	ENSG00000115415.14
Gene expression stats (Y^T * Y): 
94.2403082206	-45.0811044269	-59.1177860253	77.4420733068	-52.0741545563	-38.4263863519	-60.7588735762	54.474726575	59.8262354265	76.8764205837	73.250981446	40.3460655191	-31.1665493847	-48.2359799579	57.8845869727	35.6030560562
-45.0811044269	94.2403082206	58.1102197934	-46.2125884115	62.7896147927	55.9937558911	60.2088264407	-58.0017591397	-56.5021281462	-40.2870417338	-31.1165489659	-35.2480595147	39.1207885875	32.1077985271	-56.7602136685	-61.3444083699
-59.1177860253	58.1102197934	94.2403082206	-58.4634685261	65.8430427372	57.811018017	61.0781355676	-57.3305120744	-57.3645134665	-56.5715131612	-61.3369980749	-57.2655053028	58.9335934543	60.4892748747	-68.4044224303	-56.9781337547
77.4420733068	-46.2125884115	-58.4634685261	94.2403082206	-58.142203068	-40.5518636917	-54.9181725009	56.384004658	58.1624199207	70.3157848157	79.1233142257	50.1976223317	-37.7813607669	-43.1588719381	64.5525278443	39.5889362548
-52.0741545563	62.7896147927	65.8430427372	-58.142203068	94.2403082206	38.8324478627	63.522352895	-65.4692562503	-61.4145032522	-40.1727038507	-55.3262118555	-42.6501621481	54.3127924805	56.0714294374	-57.8058174212	-61.9296294942
-38.4263863519	55.9937558911	57.811018017	-40.5518636917	38.8324478627	94.2403082206	55.8337246077	-18.1775654578	-29.613979662	-31.7213094156	-33.5843516177	-24.8882143395	34.7348603801	28.9112785192	-49.4968649826	-42.4902886827
-60.7588735762	60.2088264407	61.0781355676	-54.9181725009	63.522352895	55.8337246077	94.2403082206	-44.862397676	-47.2275411435	-44.9983723936	-45.7388431436	-33.7666435275	47.1166159259	40.2934682687	-50.4327630649	-52.3172214339
54.474726575	-58.0017591397	-57.3305120744	56.384004658	-65.4692562503	-18.1775654578	-44.862397676	94.2403082206	73.2403969433	51.6405751759	52.4829633623	55.536368464	-36.3742416369	-50.5410764821	60.2455186579	60.8456198341
59.8262354265	-56.5021281462	-57.3645134665	58.1624199207	-61.4145032522	-29.613979662	-47.2275411435	73.2403969433	94.2403082206	58.8661860218	62.8768174593	63.8256049567	-47.1960917792	-38.5463738051	68.6348115828	54.0546267137
76.8764205837	-40.2870417338	-56.5715131612	70.3157848157	-40.1727038507	-31.7213094156	-44.9983723936	51.6405751759	58.8661860218	94.2403082206	68.6308220934	49.7122850657	-30.1583170819	-52.2338335512	70.9745514758	34.7846923759
73.250981446	-31.1165489659	-61.3369980749	79.1233142257	-55.3262118555	-33.5843516177	-45.7388431436	52.4829633623	62.8768174593	68.6308220934	94.2403082206	59.1775152085	-44.1907785751	-48.703882193	69.9832758504	35.4953879466
40.3460655191	-35.2480595147	-57.2655053028	50.1976223317	-42.6501621481	-24.8882143395	-33.7666435275	55.536368464	63.8256049567	49.7122850657	59.1775152085	94.2403082206	-37.9949844102	-39.8005308575	65.7724010442	47.3583916865
-31.1665493847	39.1207885875	58.9335934543	-37.7813607669	54.3127924805	34.7348603801	47.1166159259	-36.3742416369	-47.1960917792	-30.1583170819	-44.1907785751	-37.9949844102	94.2403082206	24.8344112454	-54.17213965	-34.6312315399
-48.2359799579	32.1077985271	60.4892748747	-43.1588719381	56.0714294374	28.9112785192	40.2934682687	-50.5410764821	-38.5463738051	-52.2338335512	-48.703882193	-39.8005308575	24.8344112454	94.2403082206	-50.2714378933	-49.1820738633
57.8845869727	-56.7602136685	-68.4044224303	64.5525278443	-57.8058174212	-49.4968649826	-50.4327630649	60.2455186579	68.6348115828	70.9745514758	69.9832758504	65.7724010442	-54.17213965	-50.2714378933	94.2403082206	51.5111016744
35.6030560562	-61.3444083699	-56.9781337547	39.5889362548	-61.9296294942	-42.4902886827	-52.3172214339	60.8456198341	54.0546267137	34.7846923759	35.4953879466	47.3583916865	-34.6312315399	-49.1820738633	51.5111016744	94.2403082206
Genotype stats (X^T * X): 	17.1852605882
Gene expression - Genotype stats (Y^T * X): 
-11.4027526215	6.56762183692	12.4707471452	-9.19497937628	8.84211300994	6.59394815197	7.81214471267	-9.71379877117	-9.84445909879	-9.68378895035	-9.99994580102	-9.36778603727	7.31547174472	14.1538275573	-9.81174307188	-4.59724882394