Tissue	braincerebellum
N_samples	102
Chr	9
Gene	ENSG00000196814.10
SNP	rs74925318
Gene_list	ENSG00000180739.12	ENSG00000099308.6	ENSG00000128242.8	ENSG00000179178.6	ENSG00000086205.12	ENSG00000186417.9	ENSG00000150510.11	ENSG00000122367.15	ENSG00000154493.13	ENSG00000196814.10	ENSG00000078269.9	ENSG00000176381.4
Gene expression stats (Y^T * Y): 
94.2403082206	65.5190242515	67.5938077967	69.0503338408	65.9243030705	64.2892811538	64.0737131113	69.853153289	59.8995832368	61.5136301816	79.489675636	72.8418686398
65.5190242515	94.2403082206	62.18609861	65.9750714453	57.7617678924	67.2191869575	61.5363554847	55.0894569471	65.2035897612	59.4417814672	62.8239393219	70.4540332848
67.5938077967	62.18609861	94.2403082206	69.2207885609	67.2058928175	61.5088801975	59.9437898866	65.6673796326	56.7836537519	60.2433504619	60.3905382249	67.6595239255
69.0503338408	65.9750714453	69.2207885609	94.2403082206	74.9200140278	69.8223858302	60.1316484646	69.6737668612	60.8081015202	59.5377540402	61.7502049105	74.7735866442
65.9243030705	57.7617678924	67.2058928175	74.9200140278	94.2403082206	72.9406028288	60.5405713282	66.0345398686	55.0436350464	59.6766965505	61.6492676147	72.7160563892
64.2892811538	67.2191869575	61.5088801975	69.8223858302	72.9406028288	94.2403082206	60.4363166169	65.3429190831	65.1050607294	60.0163674613	65.4028599269	70.5560805758
64.0737131113	61.5363554847	59.9437898866	60.1316484646	60.5405713282	60.4363166169	94.2403082206	56.1867729073	55.8729465098	60.5275548629	55.4125456129	58.6201231192
69.853153289	55.0894569471	65.6673796326	69.6737668612	66.0345398686	65.3429190831	56.1867729073	94.2403082206	53.8768550563	59.5841925978	68.54844484	66.7593776171
59.8995832368	65.2035897612	56.7836537519	60.8081015202	55.0436350464	65.1050607294	55.8729465098	53.8768550563	94.2403082206	58.8760557485	61.2512545334	62.8896592583
61.5136301816	59.4417814672	60.2433504619	59.5377540402	59.6766965505	60.0163674613	60.5275548629	59.5841925978	58.8760557485	94.2403082206	58.4780347882	57.2002538478
79.489675636	62.8239393219	60.3905382249	61.7502049105	61.6492676147	65.4028599269	55.4125456129	68.54844484	61.2512545334	58.4780347882	94.2403082206	71.9145181112
72.8418686398	70.4540332848	67.6595239255	74.7735866442	72.7160563892	70.5560805758	58.6201231192	66.7593776171	62.8896592583	57.2002538478	71.9145181112	94.2403082206
Genotype stats (X^T * X): 	14.6119823137
Gene expression - Genotype stats (Y^T * X): 
-7.7171471337	-7.81954175842	-7.18417402189	-9.23456339911	-9.16488714398	-7.63194781784	-5.78943882359	-4.86764780705	-6.00218385398	-12.3317511848	-7.29946263188	-8.44630764128