Tissue	braincerebellum
N_samples	102
Chr	1
Gene	ENSG00000116133.7
SNP	rs11588154
Gene_list	ENSG00000079459.8	ENSG00000116133.7	ENSG00000001630.11	ENSG00000186480.8	ENSG00000120437.7	ENSG00000052802.8
Gene expression stats (Y^T * Y): 
94.2403082206	59.9506149041	63.2855185241	69.5474548383	60.3917780334	68.9659775357
59.9506149041	94.2403082206	56.8065424629	69.0408346128	63.4976299659	60.193015084
63.2855185241	56.8065424629	94.2403082206	66.5862091516	56.3227818905	72.9982500032
69.5474548383	69.0408346128	66.5862091516	94.2403082206	66.4051353278	74.9012562745
60.3917780334	63.4976299659	56.3227818905	66.4051353278	94.2403082206	62.7494297952
68.9659775357	60.193015084	72.9982500032	74.9012562745	62.7494297952	94.2403082206
Genotype stats (X^T * X): 	40.6608486765
Gene expression - Genotype stats (Y^T * X): 
-17.9754160809	-23.0289086951	-15.8760791308	-19.0883367014	-10.3047945403	-16.3241799704