Tissue	braincerebellum
N_samples	102
Chr	1
Gene	ENSG00000179403.10
SNP	rs1240731
Gene_list	ENSG00000179403.10	ENSG00000105695.10	ENSG00000128283.6	ENSG00000100146.12	ENSG00000167755.9	ENSG00000126803.8
Gene expression stats (Y^T * Y): 
94.2403082206	58.997158888	59.8446138646	59.2756027983	56.6885953563	57.556180852
58.997158888	94.2403082206	79.8298021622	75.8488921946	85.5730425094	81.7188647324
59.8446138646	79.8298021622	94.2403082206	73.775826165	80.524266132	77.9555878789
59.2756027983	75.8488921946	73.775826165	94.2403082206	75.9779280378	77.7139325241
56.6885953563	85.5730425094	80.524266132	75.9779280378	94.2403082206	82.930976625
57.556180852	81.7188647324	77.9555878789	77.7139325241	82.930976625	94.2403082206
Genotype stats (X^T * X): 	25.9720573725
Gene expression - Genotype stats (Y^T * X): 
15.464564518	14.3810496516	14.7373584745	13.173085486	14.525446021	13.028579195