Tissue	braincerebellum
N_samples	102
Chr	3
Gene	ENSG00000160145.11
SNP	rs6794825
Gene_list	ENSG00000171189.12	ENSG00000150361.7	ENSG00000127951.5	ENSG00000112218.7	ENSG00000160145.11	ENSG00000053108.12	ENSG00000016402.8
Gene expression stats (Y^T * Y): 
94.2403082206	79.6543425408	75.9984808145	78.0284331231	58.3213773188	67.1328780219	75.3226052462
79.6543425408	94.2403082206	70.7768265189	76.3878755582	58.8814605224	66.3894549249	70.032117941
75.9984808145	70.7768265189	94.2403082206	69.9317793369	57.5193037496	64.5874769442	58.64577396
78.0284331231	76.3878755582	69.9317793369	94.2403082206	57.0772349143	63.0561852026	65.5432974846
58.3213773188	58.8814605224	57.5193037496	57.0772349143	94.2403082206	62.9905927727	57.4906489154
67.1328780219	66.3894549249	64.5874769442	63.0561852026	62.9905927727	94.2403082206	68.5883841623
75.3226052462	70.032117941	58.64577396	65.5432974846	57.4906489154	68.5883841623	94.2403082206
Genotype stats (X^T * X): 	23.9607843137
Gene expression - Genotype stats (Y^T * X): 
-8.40090192535	-8.96340124651	-8.96673228048	-10.1518094021	-15.4161998194	-10.656265594	-8.52738609135