Tissue	braincerebellum
N_samples	102
Chr	6
Gene	ENSG00000112214.6
SNP	rs11152994
Gene_list	ENSG00000101384.7	ENSG00000141052.13	ENSG00000049323.11	ENSG00000149596.6	ENSG00000128052.8	ENSG00000166831.4	ENSG00000112837.12	ENSG00000112214.6	ENSG00000144810.11	ENSG00000198523.5	ENSG00000187955.7	ENSG00000143140.6	ENSG00000145936.4
Gene expression stats (Y^T * Y): 
94.2403082206	62.4279767914	65.2939604885	60.950005973	-48.7327167293	59.128764186	63.2486599211	58.8051957167	43.2529799429	56.1271225236	53.1910669095	63.1341462524	52.6599880544
62.4279767914	94.2403082206	67.3843251767	68.9337757049	-53.2760840326	46.9207928243	64.7977883341	58.0521791377	43.7425899066	70.593769131	71.557658372	62.4737939913	62.2907077097
65.2939604885	67.3843251767	94.2403082206	66.4447799472	-57.4332254969	47.8241623755	63.1612548411	61.9645022	51.5101335935	67.1491201187	67.0286789827	60.1688885883	60.1696283233
60.950005973	68.9337757049	66.4447799472	94.2403082206	-55.6570939683	56.8188597698	66.4514986839	63.835676545	50.0959137741	70.2804372047	69.1095959289	63.4712181389	71.4653332175
-48.7327167293	-53.2760840326	-57.4332254969	-55.6570939683	94.2403082206	-40.7384932301	-53.1647500632	-56.6601433898	-40.384646339	-53.9427876144	-51.8931044954	-48.8773722321	-52.6410451924
59.128764186	46.9207928243	47.8241623755	56.8188597698	-40.7384932301	94.2403082206	48.6918999829	58.4938122366	32.4863958452	54.3832652691	48.8458329794	55.8778557108	48.9140894319
63.2486599211	64.7977883341	63.1612548411	66.4514986839	-53.1647500632	48.6918999829	94.2403082206	59.4628038436	49.3627917224	62.3940423269	63.8683824226	57.4025500703	59.2313203258
58.8051957167	58.0521791377	61.9645022	63.835676545	-56.6601433898	58.4938122366	59.4628038436	94.2403082206	58.0580701221	65.129965364	61.2740936688	57.7724680256	58.819078032
43.2529799429	43.7425899066	51.5101335935	50.0959137741	-40.384646339	32.4863958452	49.3627917224	58.0580701221	94.2403082206	43.4914039823	47.339945327	38.4693374569	38.6169117097
56.1271225236	70.593769131	67.1491201187	70.2804372047	-53.9427876144	54.3832652691	62.3940423269	65.129965364	43.4914039823	94.2403082206	69.5446860904	65.4964217564	65.0064450453
53.1910669095	71.557658372	67.0286789827	69.1095959289	-51.8931044954	48.8458329794	63.8683824226	61.2740936688	47.339945327	69.5446860904	94.2403082206	56.1993165002	60.5234879707
63.1341462524	62.4737939913	60.1688885883	63.4712181389	-48.8773722321	55.8778557108	57.4025500703	57.7724680256	38.4693374569	65.4964217564	56.1993165002	94.2403082206	67.3978251655
52.6599880544	62.2907077097	60.1696283233	71.4653332175	-52.6410451924	48.9140894319	59.2313203258	58.819078032	38.6169117097	65.0064450453	60.5234879707	67.3978251655	94.2403082206
Genotype stats (X^T * X): 	45.7532750196
Gene expression - Genotype stats (Y^T * X): 
-3.9017564079	-3.17413373014	-10.4568591027	-14.7085347118	3.51524834615	-12.9968478399	-3.55142537161	-20.3173428801	-2.79249835961	-14.3580688363	-8.56765788629	-5.35858782917	-11.2611040974