Tissue	braincerebellum
N_samples	102
Chr	1
Gene	ENSG00000177807.6
SNP	rs58527803
Gene_list	ENSG00000071575.7	ENSG00000126861.4	ENSG00000162407.8	ENSG00000153822.9	ENSG00000119139.12	ENSG00000182103.3	ENSG00000140479.12	ENSG00000106278.7	ENSG00000177807.6	ENSG00000170075.8
Gene expression stats (Y^T * Y): 
94.2403082206	40.2933802462	61.7976154891	57.211376364	45.5936975058	59.586930457	33.7338908547	62.9336378238	56.6003618172	49.4754032977
40.2933802462	94.2403082206	43.5676524018	49.4913324062	52.8598623254	35.1551107364	50.8507056423	42.8065564573	70.1052174008	45.7538544345
61.7976154891	43.5676524018	94.2403082206	48.269443871	59.3550184388	62.2899218834	39.303470523	77.8095319986	64.333622998	67.0843358811
57.211376364	49.4913324062	48.269443871	94.2403082206	39.540382044	42.849239273	34.7965649575	54.1226593018	59.5745265294	54.2440738404
45.5936975058	52.8598623254	59.3550184388	39.540382044	94.2403082206	42.1663819125	49.9759058395	58.6370806634	57.5907141808	42.9881474523
59.586930457	35.1551107364	62.2899218834	42.849239273	42.1663819125	94.2403082206	24.8739880219	61.3285277771	58.4815376418	49.7823546559
33.7338908547	50.8507056423	39.303470523	34.7965649575	49.9759058395	24.8739880219	94.2403082206	38.519845781	61.8808225005	41.5659974386
62.9336378238	42.8065564573	77.8095319986	54.1226593018	58.6370806634	61.3285277771	38.519845781	94.2403082206	62.0596855206	71.8576281003
56.6003618172	70.1052174008	64.333622998	59.5745265294	57.5907141808	58.4815376418	61.8808225005	62.0596855206	94.2403082206	58.102648313
49.4754032977	45.7538544345	67.0843358811	54.2440738404	42.9881474523	49.7823546559	41.5659974386	71.8576281003	58.102648313	94.2403082206
Genotype stats (X^T * X): 	4.75490196078
Gene expression - Genotype stats (Y^T * X): 
1.15375332712	3.57236119578	0.532270673641	3.94913229257	-0.00310029127224	2.24503688371	2.76364880462	1.30437041437	6.68833353731	4.28917828843