Tissue	braincerebellum
N_samples	102
Chr	2
Gene	ENSG00000075292.14
SNP	rs6546691
Gene_list	ENSG00000008441.12	ENSG00000100442.6	ENSG00000004534.10	ENSG00000075292.14	ENSG00000070669.12	ENSG00000013441.11
Gene expression stats (Y^T * Y): 
94.2403082206	-53.7025417808	-46.4730790875	-61.4652035353	-50.5267257988	-57.1461774583
-53.7025417808	94.2403082206	55.292730242	59.7266803175	57.431687401	67.3980748872
-46.4730790875	55.292730242	94.2403082206	57.7177407075	52.5709620567	45.8150423782
-61.4652035353	59.7266803175	57.7177407075	94.2403082206	57.9726714473	67.3008723498
-50.5267257988	57.431687401	52.5709620567	57.9726714473	94.2403082206	52.6821635462
-57.1461774583	67.3980748872	45.8150423782	67.3008723498	52.6821635462	94.2403082206
Genotype stats (X^T * X): 	39.2730068725
Gene expression - Genotype stats (Y^T * X): 
-10.8935998416	8.0727383988	3.64853912592	18.8915726387	8.49957374182	16.2230024576