Tissue	braincerebellum
N_samples	102
Chr	19
Gene	ENSG00000129991.8
SNP	rs62126329
Gene_list	ENSG00000129170.4	ENSG00000092054.12	ENSG00000159251.6	ENSG00000134571.6	ENSG00000129991.8	ENSG00000148677.6	ENSG00000111245.10	ENSG00000172399.5	ENSG00000118194.14
Gene expression stats (Y^T * Y): 
94.2403082206	55.3949112005	60.0768366694	64.0962895577	64.3636883644	75.6318332269	45.0935028963	66.3768472468	69.0485931647
55.3949112005	94.2403082206	50.5485535988	64.3642758309	63.7800701852	46.5774101906	84.0556674866	68.5861043903	56.4498588668
60.0768366694	50.5485535988	94.2403082206	67.7957567396	61.482984856	68.6417225058	39.3805315008	62.5123884803	68.664219703
64.0962895577	64.3642758309	67.7957567396	94.2403082206	73.0867158816	62.5352997835	54.006876	63.9742327861	71.8061930111
64.3636883644	63.7800701852	61.482984856	73.0867158816	94.2403082206	67.1527661246	58.1092996724	58.581505696	69.0992052262
75.6318332269	46.5774101906	68.6417225058	62.5352997835	67.1527661246	94.2403082206	37.9083467685	61.1577830411	70.9350958395
45.0935028963	84.0556674866	39.3805315008	54.006876	58.1092996724	37.9083467685	94.2403082206	54.6928579673	53.5275564053
66.3768472468	68.5861043903	62.5123884803	63.9742327861	58.581505696	61.1577830411	54.6928579673	94.2403082206	64.6145942061
69.0485931647	56.4498588668	68.664219703	71.8061930111	69.0992052262	70.9350958395	53.5275564053	64.6145942061	94.2403082206
Genotype stats (X^T * X): 	26.7653993431
Gene expression - Genotype stats (Y^T * X): 
14.1392136995	11.9816976723	18.2513156645	13.6413159261	18.3959351413	18.7664108235	8.99470228415	16.4210279557	20.4960530324