Tissue	braincerebellum
N_samples	102
Chr	7
Gene	ENSG00000105854.8
SNP	rs11768074
Gene_list	ENSG00000068078.13	ENSG00000110651.7	ENSG00000074800.9	ENSG00000129353.10	ENSG00000157150.4	ENSG00000008394.8	ENSG00000167191.7	ENSG00000093010.7	ENSG00000172458.4	ENSG00000165795.16	ENSG00000120885.15	ENSG00000183963.14	ENSG00000134769.17	ENSG00000085063.10	ENSG00000153902.9	ENSG00000266964.1	ENSG00000079215.9	ENSG00000131771.9	ENSG00000102760.12	ENSG00000250722.1	ENSG00000100979.10	ENSG00000160307.5	ENSG00000139644.8	ENSG00000100427.11	ENSG00000104112.4	ENSG00000167614.9	ENSG00000135404.7	ENSG00000108387.10	ENSG00000162407.8	ENSG00000168309.12	ENSG00000213398.3	ENSG00000179604.8	ENSG00000119139.12	ENSG00000165092.8	ENSG00000122378.9	ENSG00000137509.6	ENSG00000145284.7	ENSG00000152583.8	ENSG00000100605.12	ENSG00000105854.8	ENSG00000170989.8	ENSG00000164929.12	ENSG00000110887.3	ENSG00000168710.13	ENSG00000111275.8	ENSG00000155368.12	ENSG00000106278.7	ENSG00000152661.7	ENSG00000066468.16	ENSG00000166033.7	ENSG00000136802.7	ENSG00000105894.7	ENSG00000113140.6	ENSG00000155511.13	ENSG00000125462.12	ENSG00000018625.10	ENSG00000109472.9	ENSG00000159176.9	ENSG00000135919.8	ENSG00000132329.6
Gene expression stats (Y^T * Y): 
94.2403082206	60.9114001304	61.7371799998	61.9221610585	62.38755501	47.9137672558	54.0055860978	49.4636739724	67.1522932421	63.7931265035	48.1132844097	60.5789287239	52.0552636142	40.2277896321	64.6681950874	61.9687186993	61.0878455451	64.628758148	60.150621343	46.1570732142	52.5853188612	41.000118962	58.2318756381	71.3733752982	55.5323880789	70.2846698784	35.7986612999	50.8831254511	52.0883654692	59.5940524197	67.4820514313	71.2345497796	66.2910078535	55.0087616706	48.6609336012	54.6909630835	65.5454206187	58.6420060582	59.2457506864	65.3833489253	62.6329583804	49.415387902	69.4952296102	59.6595730571	69.4705206509	49.2237480058	55.6931914207	70.4648689356	49.4826768275	69.9080898438	78.0354283406	44.6852401067	61.6089714774	62.4398561319	67.4515320634	66.4596031286	52.3567929103	58.627614149	61.8214122826	65.598086047
60.9114001304	94.2403082206	77.9614429474	59.5929907166	60.2621919356	63.959647368	59.915585284	54.1661083946	64.9123339676	70.3874486109	68.7025592267	53.6897444513	62.0296070389	57.7590212635	57.1102179975	76.4719779249	53.9885548942	75.6382375167	62.3505549587	54.5979144184	62.3257660466	48.5683827629	64.5153956663	73.5992915648	50.18052097	77.6539256516	68.5839858309	53.8802031542	36.5363116609	68.2612848578	53.0895735434	57.9554979312	42.3729230376	50.9855004072	46.5851668363	42.2556305477	58.7503720861	67.2030675433	47.1782940446	66.5246784916	45.139120107	58.3526150523	62.5196127184	65.8341368601	76.9324368202	66.6393546299	39.9227340442	65.5849432592	43.9769762415	71.8210603511	63.27594347	47.8080122012	64.7713928943	56.4432874369	64.2027473594	77.0871700921	33.9730680721	69.7582068422	61.5305895117	60.4252874258
61.7371799998	77.9614429474	94.2403082206	46.7346535814	56.9407942862	65.8398100344	51.572266923	43.1314384206	58.7424654166	63.5873155304	62.7269493107	52.0725462083	66.8970438347	54.526332256	58.5214423343	70.2516501637	54.0963937633	66.4421437825	55.4035056105	42.9888091524	57.9387753903	43.9676327068	56.8791403052	66.788705173	49.3189761443	69.2362008291	63.7852272821	49.0073246824	47.9126963829	64.0779470159	51.5000004138	58.9484265596	44.3718806659	51.550003182	39.0158360188	41.9850187184	64.7720397684	68.5318890966	45.35254064	61.1336604167	48.7143040959	60.4414365827	68.484197823	68.8679660307	74.6647232641	69.9422250765	51.9799068072	64.1148177861	36.1224095674	67.5552338311	57.0847479775	48.2205976463	58.3901825543	58.529764909	62.3790810695	71.6737288571	41.5870990253	65.2294289503	69.1296748251	62.2217062708
61.9221610585	59.5929907166	46.7346535814	94.2403082206	57.813103228	41.9122019591	47.3803293168	57.8775852281	66.659898895	64.3415203884	40.1300486961	50.0477739378	44.8832444576	36.8145995522	53.0699380803	56.2483337314	52.0925027459	58.2653955309	45.8837014623	51.3116819922	47.6966603739	46.972802118	56.4165156509	62.4545539837	43.1269326438	64.6850763474	31.0770864266	50.0735830494	29.1655609843	60.1210867167	56.2955235967	54.3861237087	49.4107118449	50.6772410657	50.4741525312	48.4385353556	44.6974314304	44.4080098912	43.9264214515	58.2100130589	38.6106691711	46.504308348	45.9834158776	54.7678407513	52.1682241949	45.2264721137	34.3745655352	54.7737798254	42.0189088784	54.5976678335	60.5436361387	36.7991278561	52.7652805413	55.5377238212	58.3309775823	56.7644859047	31.738122431	51.0590961202	47.461085366	47.1512533645
62.38755501	60.2621919356	56.9407942862	57.813103228	94.2403082206	53.37346869	50.9174929117	62.6655863928	63.8698747126	77.3905606232	49.2343476555	65.4237243737	57.379765311	63.7760437225	65.0129259666	66.1216393958	77.9801030334	64.2895916184	69.9877060688	57.0185311945	62.8024920369	65.05242747	66.845956869	73.8750763819	67.0935101005	68.5563123422	51.6618731735	66.9055605176	58.5254821552	70.1720765022	59.8202010098	72.4258566028	51.0037042747	71.6706184101	52.2126410036	58.5713025032	72.2338002236	58.1080626266	58.3471731319	73.0663857035	51.0816193306	66.4575675137	63.4212840485	64.7511947	56.4478672427	51.9347657472	62.5658027571	59.744345436	56.062735085	75.8582664202	74.3954163669	62.8641258916	69.2345569555	77.9697476629	68.6247894461	68.0013520889	50.9926279014	60.4450830423	70.0316252694	67.5991627523
47.9137672558	63.959647368	65.8398100344	41.9122019591	53.37346869	94.2403082206	53.1896990756	44.6111885115	61.8028566108	63.9744189475	61.6756177525	46.3574710795	74.2006957104	59.1141867163	54.5836717812	64.8041627553	50.1651460118	57.6445220922	59.033834253	42.4244027966	50.2650849373	37.9087777123	56.2612944391	58.6090943945	53.0892520345	57.12439698	65.1910608761	38.4733683591	37.6984219648	57.8755469012	35.4677485052	48.7276870789	40.3585400207	54.4054620286	44.583468425	37.7571585948	61.6386175967	62.3137996999	38.5477767375	65.109673668	42.9858631834	68.9064372346	47.8788917452	68.5787063705	66.5322938479	73.0715430726	46.1808316497	59.2352254262	31.9995158637	61.7639790311	47.6174602901	42.5300976735	60.3206456592	52.5341360478	57.8214133958	61.418796127	49.0175187184	52.7853800917	67.1836745849	52.4535941789
54.0055860978	59.915585284	51.572266923	47.3803293168	50.9174929117	53.1896990756	94.2403082206	46.7411714106	72.9283528818	71.614163919	39.7521290026	49.5564138778	62.759671826	60.9260394376	49.5734643684	64.3268343321	65.2819756549	61.4385259531	55.3782723898	73.6998672688	49.5979804198	60.7031651965	59.026962611	70.6003542638	60.0177583235	62.0703713715	45.837630516	64.5440752967	40.1096132992	64.6993823361	59.4889166869	59.8218934317	56.3053144507	68.829603252	37.7914352106	50.9078656317	61.8849633534	52.5340389424	44.815606058	70.1676057038	30.1663871378	60.5748235871	54.6753552073	54.1888952224	56.0042312624	57.0612939317	47.9958069357	62.8600243955	61.7766436892	64.2092532863	52.296692538	59.4579902342	61.3635812707	58.9631522768	61.4744175054	56.1973848006	40.3879688448	73.8629121188	60.3864885553	59.7342146563
49.4636739724	54.1661083946	43.1314384206	57.8775852281	62.6655863928	44.6111885115	46.7411714106	94.2403082206	60.7672514734	62.6155159543	45.2152384317	51.1346046948	47.65087652	52.7035785768	52.7073100098	58.0486661373	56.4509796925	41.4405652811	46.8453142616	50.3149179587	54.3856708066	56.5720859543	59.2235469669	67.8167100433	52.6068118023	57.0973568432	44.282205167	53.9383166195	43.1031464432	55.2683498275	48.7859077332	57.8627134723	44.8292060585	54.4950852403	49.7085841247	48.7815760727	58.9172746133	44.2215059701	59.9624918524	64.0256363622	47.8068824793	53.1288147837	39.2256134299	44.4189720587	42.8683489072	45.0212929466	49.1315202017	42.8630742194	56.5618173277	54.1285416746	56.4703813472	50.0879914866	59.5894495688	55.3832564213	46.3212823209	47.2575832317	49.1417012074	48.57791402	54.5611783811	54.4641881058
67.1522932421	64.9123339676	58.7424654166	66.659898895	63.8698747126	61.8028566108	72.9283528818	60.7672514734	94.2403082206	73.6875954173	47.3158126279	56.1435680775	60.8336440948	53.1075357525	54.5691525456	72.8056378778	63.3031147108	66.3672227547	65.0868860992	65.6393632822	51.670380074	57.4031584717	58.9384028447	72.9813597732	59.6063349988	67.5919623248	42.7984651009	63.8029310736	45.5036207938	67.1007009894	62.8933078153	69.2461595437	67.4017131062	66.0778289017	55.209060327	59.1988481845	63.7786953824	59.1141033568	55.4322866392	73.0678764035	46.9883911673	60.4278917499	58.6248433915	62.3500877221	63.7401342767	56.9127270396	47.8732783017	75.2360184916	53.7712941282	69.9104134971	66.123459617	51.7662186925	67.1335758475	62.6001288111	66.9460756003	60.1278807368	49.5824943292	65.1588255868	63.7561860765	68.1052516602
63.7931265035	70.3874486109	63.5873155304	64.3415203884	77.3905606232	63.9744189475	71.614163919	62.6155159543	73.6875954173	94.2403082206	62.8283483503	65.7209374995	73.2524928675	69.6166642553	65.6508010857	72.1878893311	81.2555754285	71.9316908735	69.2579173761	70.699139101	66.9918891689	67.8368886856	70.2200680639	79.4408776463	69.8865304314	77.0951579576	58.4183971919	64.1046847223	53.5359976744	81.8858843222	61.2906604842	69.0856283249	58.994865362	78.5760592272	50.877559734	60.5371549411	71.2882555805	70.4736676637	52.8074231198	80.6322509388	46.1948000502	70.0779481287	59.7643583922	77.6297174976	66.5379430675	65.3768467122	59.7412599688	66.8107290626	62.2427297229	75.2162424179	69.7372137145	63.8114397765	78.6158538412	77.8213856841	74.2213584174	77.0682444322	50.3568660159	74.0355751374	72.2332842633	61.6618854504
48.1132844097	68.7025592267	62.7269493107	40.1300486961	49.2343476555	61.6756177525	39.7521290026	45.2152384317	47.3158126279	62.8283483503	94.2403082206	52.2281983167	57.1620330174	54.0589438899	47.8749807964	52.815624722	47.1100909051	57.2622345444	51.5164959982	43.9837160228	58.6101880549	22.6888871763	64.6179590938	50.7049112733	43.4128539094	51.6292421054	69.6796317039	24.5189908198	40.6057270033	51.2795309711	28.8792340324	44.5368915735	42.755771319	37.0685583652	38.8740072136	42.7730369487	50.1576560193	71.336656271	38.4817712307	56.7818175145	44.273621624	47.1737916683	36.9517148927	69.849920116	63.7364218612	54.7481000178	34.9108540231	55.9012206544	36.4717805635	56.7619936646	49.8738083945	34.4948801056	69.2590058733	46.1360384706	41.7484568065	68.5359516213	52.0078995905	51.4917983789	57.100192923	41.3216387163
60.5789287239	53.6897444513	52.0725462083	50.0477739378	65.4237243737	46.3574710795	49.5564138778	51.1346046948	56.1435680775	65.7209374995	52.2281983167	94.2403082206	48.7342487907	59.9994540735	56.6792197246	57.5993542312	58.2843333596	60.9879814075	69.2755397439	55.7398393341	55.7440204797	47.2639559362	55.1956783082	62.1402286968	63.0133081419	52.4864092043	46.0806850835	52.0218179858	48.7655999692	66.1296487369	54.7796945906	68.2941980757	50.4697426229	54.9318278797	44.4490978926	57.7394890174	57.3082204697	51.6941888955	49.6819592691	67.4547526116	51.0058017646	46.6219655326	45.021932505	48.4820511499	49.9624714675	41.9295669317	59.4228210652	57.3366798752	50.04136498	55.1245061506	70.1131880715	50.7808085727	74.7041003437	61.242946419	46.5834851092	55.9624917266	51.4935993466	60.9402921853	52.5737449327	56.7713848464
52.0552636142	62.0296070389	66.8970438347	44.8832444576	57.379765311	74.2006957104	62.759671826	47.65087652	60.8336440948	73.2524928675	57.1620330174	48.7342487907	94.2403082206	65.759477332	63.1946857034	65.2866070795	67.3409925191	61.2609565214	53.0613568995	48.9484461091	57.48325049	50.4409809836	62.9820926494	64.6695090815	62.8732845318	60.3240226249	63.6863531491	48.2244744147	51.9154738727	69.9330353977	48.9858102372	59.2060451015	50.0737497331	70.2751205954	36.0759463664	46.9235049969	70.6814232676	68.2468239452	40.8693281946	73.0081970423	43.5824833613	75.1187947849	54.7634031756	77.7834289583	64.7017792444	78.0846834729	64.0315455264	62.7584280277	43.3430266292	58.9013123261	53.3117083876	60.0417085171	69.9142622455	66.3133444537	58.186249144	69.3513348911	50.2903576522	60.4360567531	72.9747112126	54.2939996919
40.2277896321	57.7590212635	54.526332256	36.8145995522	63.7760437225	59.1141867163	60.9260394376	52.7035785768	53.1075357525	69.6166642553	54.0589438899	59.9994540735	65.759477332	94.2403082206	53.1279134855	57.8238110776	72.7898478506	52.1898898391	53.5956544741	62.7707328492	64.3903975451	58.3342880543	70.0441238367	62.4687030608	64.3982134292	51.2133615359	69.159684455	52.4220844	52.831338363	67.8262523056	46.709999312	60.7610668266	42.7402536606	71.1379979379	41.5303745199	61.9135551062	71.2804376893	57.2908402937	39.566188373	71.6197391601	43.4681218905	65.3536372168	45.4971629488	60.9800271106	51.6279032807	62.652868584	64.7848704399	50.0378617132	49.271666617	57.3673161824	52.750030987	72.1255062737	69.0903786887	71.5086423989	44.5560273066	60.2062862114	58.5917122521	59.6255421135	70.1183041528	54.7684524384
64.6681950874	57.1102179975	58.5214423343	53.0699380803	65.0129259666	54.5836717812	49.5734643684	52.7073100098	54.5691525456	65.6508010857	47.8749807964	56.6792197246	63.1946857034	53.1279134855	94.2403082206	67.5928428519	60.0651491868	65.4003471759	53.4825303019	42.9073962291	53.0675309763	47.4024191354	53.7288220616	61.3011252392	60.4959197939	66.4614802833	52.3152964769	52.9068694181	44.4795572634	69.3662790419	59.6250309794	63.8083325309	51.5939355763	60.6233599964	39.6243222357	52.8667097805	61.8049707452	49.1586067159	54.6692292318	59.8266455882	43.1414185311	60.7007157301	52.170038599	63.9600336117	59.6388823597	65.3004725786	59.0207534332	44.779092975	48.3118520934	56.3984210157	68.2970408188	50.3175969837	67.3210796945	65.37018605	62.4298450714	60.4380311387	41.5569044929	52.7001234251	65.6667297679	63.1809001894
61.9687186993	76.4719779249	70.2516501637	56.2483337314	66.1216393958	64.8041627553	64.3268343321	58.0486661373	72.8056378778	72.1878893311	52.815624722	57.5993542312	65.2866070795	57.8238110776	67.5928428519	94.2403082206	57.2613495222	75.8476689081	65.5682404234	53.5743982326	60.2347619655	61.0954651807	55.4190379864	74.4875232628	56.6800297808	71.8360426806	62.6916689478	64.9114420213	42.2995737653	74.2127973554	66.7755987904	68.0087699709	52.7246776235	66.0910334759	43.9223909848	50.0904367272	58.5445438153	51.430633891	51.6941121984	65.3260547936	38.4277718441	63.6545525352	61.3017057078	61.5691672045	68.8803959499	70.4044579715	48.246271942	60.5736559934	47.3792775825	64.1564514441	64.8187473845	53.4853627586	66.0905880006	61.2311568742	69.2875973916	63.4705451407	35.0177890955	63.6932082213	65.4219762537	71.9731268556
61.0878455451	53.9885548942	54.0963937633	52.0925027459	77.9801030334	50.1651460118	65.2819756549	56.4509796925	63.3031147108	81.2555754285	47.1100909051	58.2843333596	67.3409925191	72.7898478506	60.0651491868	57.2613495222	94.2403082206	55.1453068815	55.695056221	67.8258688865	69.1255414922	69.6513616425	73.5147533364	76.6699666516	73.7848655834	65.579569074	52.0445326019	65.4544609946	72.4512923958	69.1972956884	65.2927846591	68.3847066847	61.9988035862	84.1118151088	38.6045346429	66.634090318	79.3352230406	62.6389267415	45.457364447	78.6665055739	56.3355613607	70.341169275	60.8212297831	69.3847389172	51.6692712512	52.7437843759	77.3907066375	63.1810883198	64.0765319735	70.2064457334	67.6786985463	78.4558108518	71.0800555223	86.8995279427	63.3529068929	71.8825374218	58.9715157177	62.948658951	77.9764757645	55.3910793044
64.628758148	75.6382375167	66.4421437825	58.2653955309	64.2895916184	57.6445220922	61.4385259531	41.4405652811	66.3672227547	71.9316908735	57.2622345444	60.9879814075	61.2609565214	52.1898898391	65.4003471759	75.8476689081	55.1453068815	94.2403082206	72.6644570444	49.138957143	49.1385905173	42.5547195416	58.5710315087	64.4951864844	54.1033049862	73.2600666302	57.4131902789	51.2945008775	33.0856755571	73.2146146708	57.5611551289	66.8631212916	46.8612273176	57.2256388181	41.48830629	42.8007230444	55.8792364793	60.2098244888	50.0088521213	61.6428375228	33.8217277852	50.7145586144	62.2064234759	68.4046473901	74.5386156643	63.076120717	38.6367840896	66.0561128656	36.5768249723	69.0727127839	70.1964812967	43.3485408709	66.7343501631	58.3346503654	69.2797445214	73.388215018	34.6911465648	65.0781043186	56.3219837652	67.9806494887
60.150621343	62.3505549587	55.4035056105	45.8837014623	69.9877060688	59.033834253	55.3782723898	46.8453142616	65.0868860992	69.2579173761	51.5164959982	69.2755397439	53.0613568995	53.5956544741	53.4825303019	65.5682404234	55.695056221	72.6644570444	94.2403082206	53.7482335047	39.426280522	46.341975037	54.0386451115	58.3989154279	58.9066751435	57.1018009585	45.7519183538	56.2160828744	33.8420691038	66.9565943141	42.313549607	61.8644587047	42.2798759446	56.5357772188	50.8852782545	43.3422762492	60.8680398961	60.1827255238	59.7902405606	65.8882574498	44.0559709441	50.7035190648	61.1484426699	59.0415893078	66.463747461	50.3588849334	40.8045572285	67.7529129124	43.2761804724	70.6931109971	68.5819309595	36.6187101636	66.1757512763	56.2036956864	61.8674547576	64.667222128	47.0454552489	63.1517071758	50.7984820262	67.2436656859
46.1570732142	54.5979144184	42.9888091524	51.3116819922	57.0185311945	42.4244027966	73.6998672688	50.3149179587	65.6393632822	70.699139101	43.9837160228	55.7398393341	48.9484461091	62.7707328492	42.9073962291	53.5743982326	67.8258688865	49.138957143	53.7482335047	94.2403082206	54.5461444859	62.7234013792	61.6076918883	62.9258075579	67.1587892478	51.4513387047	42.5720817005	65.8638707283	41.9367160377	60.7150644522	49.9810375924	51.2813255927	57.4219185826	66.5820742631	42.1213518481	49.8527515954	57.3552935571	48.2030841221	43.7947268138	70.6257930452	32.4215455462	57.0301307721	44.0129950333	54.6770923207	43.6712069749	39.5275638671	46.5396277147	58.1404046927	67.9437839324	58.955905881	50.40807186	61.2512203004	64.9960119435	62.7859582051	47.4916952518	54.4784325938	43.0274886448	70.4338168308	54.7417092523	49.2464556257
52.5853188612	62.3257660466	57.9387753903	47.6966603739	62.8024920369	50.2650849373	49.5979804198	54.3856708066	51.670380074	66.9918891689	58.6101880549	55.7440204797	57.48325049	64.3903975451	53.0675309763	60.2347619655	69.1255414922	49.1385905173	39.426280522	54.5461444859	94.2403082206	54.3510770215	73.9915781137	71.6925792221	62.5104928436	62.7300556383	60.8551608748	49.0573437596	64.862258705	62.9554998792	57.9228543832	60.3482571039	47.9324901465	64.9867473535	28.2439672284	54.80446061	61.4622922569	56.9772027688	30.4401743306	65.6415529553	54.8207648862	57.4040426845	47.7773579291	57.7663890313	52.5455101278	51.2678093228	59.6094520062	53.4901961296	45.0486494144	55.2330082013	54.4024141507	74.7323767499	66.2511411439	72.1975158938	52.5770494393	65.9996971358	54.062705706	52.8208912344	73.6125183726	42.1773633489
41.000118962	48.5683827629	43.9676327068	46.972802118	65.05242747	37.9087777123	60.7031651965	56.5720859543	57.4031584717	67.8368886856	22.6888871763	47.2639559362	50.4409809836	58.3342880543	47.4024191354	61.0954651807	69.6513616425	42.5547195416	46.341975037	62.7234013792	54.3510770215	94.2403082206	45.140259416	70.2758950632	63.0963693485	61.3442586307	41.5246945423	80.7734994102	43.9009587337	61.1836118589	60.159627702	52.3374617508	39.8609499917	69.8324566334	40.1399215417	49.176418584	55.905086169	36.2094291291	41.5373701999	64.945578472	30.0736892551	62.4932559209	52.6065240832	40.2866992197	36.0799818329	46.5920508186	56.3762788251	42.5372487374	62.1569840198	56.5484293432	47.4494247943	71.8090459567	52.6348945752	62.7719758829	62.4235453437	49.1859648066	25.6685897811	57.8621402176	56.1178031485	53.2177362801
58.2318756381	64.5153956663	56.8791403052	56.4165156509	66.845956869	56.2612944391	59.026962611	59.2235469669	58.9384028447	70.2200680639	64.6179590938	55.1956783082	62.9820926494	70.0441238367	53.7288220616	55.4190379864	73.5147533364	58.5710315087	54.0386451115	61.6076918883	73.9915781137	45.140259416	94.2403082206	69.4750089089	63.1832934111	62.1622223757	63.2436178441	46.2678901773	58.3002396971	64.4969926187	47.7211289627	61.3994662903	49.7953958049	65.5394169781	41.7623780163	56.1941382858	72.2927971535	68.3129285401	44.8701514512	74.0667129497	60.3129097389	60.1130749551	52.9320962153	70.4971961803	63.7101951793	53.8304567427	55.704262403	65.4383381541	48.3933558961	66.3318724487	60.7875245377	64.7350562581	70.5643732317	73.432401296	52.7370853659	75.5940937877	66.0220314865	60.4998628468	72.9190926001	50.6297062737
71.3733752982	73.5992915648	66.788705173	62.4545539837	73.8750763819	58.6090943945	70.6003542638	67.8167100433	72.9813597732	79.4408776463	50.7049112733	62.1402286968	64.6695090815	62.4687030608	61.3011252392	74.4875232628	76.6699666516	64.4951864844	58.3989154279	62.9258075579	71.6925792221	70.2758950632	69.4750089089	94.2403082206	69.3330991499	79.4223306389	53.09378937	68.061572914	60.8068751731	72.6729609619	69.0630568012	72.3685364618	58.2762075538	71.071336279	49.4671293833	57.2286495865	73.0877605482	61.5415261482	54.1255741995	79.815321685	57.95102662	69.3499486947	65.8216662226	62.3126427482	63.703734415	58.7051745043	66.009819795	64.6102952731	59.958291689	74.2447941977	73.7761436202	69.5588566822	69.1048742427	75.1073282269	72.7687676321	71.2226360965	50.0344684821	68.7246492405	75.2045770965	65.1326539108
55.5323880789	50.18052097	49.3189761443	43.1269326438	67.0935101005	53.0892520345	60.0177583235	52.6068118023	59.6063349988	69.8865304314	43.4128539094	63.0133081419	62.8732845318	64.3982134292	60.4959197939	56.6800297808	73.7848655834	54.1033049862	58.9066751435	67.1587892478	62.5104928436	63.0963693485	63.1832934111	69.3330991499	94.2403082206	54.2056489386	51.1223538869	61.6970435094	56.2675874011	63.6370851493	54.9966981058	60.7498921283	54.1133794756	70.3987883925	39.9990581327	54.9313190254	67.7125574305	57.8562048461	46.2221715455	76.190757543	48.8350394271	64.5053311748	54.4547763622	60.8325216748	50.8458314328	51.9674706422	66.0488288816	54.7650040891	57.0578182312	61.9988040147	60.3595692835	68.6756165138	71.6168869295	69.5622178241	57.1309389292	59.9167943191	58.8101846456	58.6632403346	70.0054149669	56.0324584371
70.2846698784	77.6539256516	69.2362008291	64.6850763474	68.5563123422	57.12439698	62.0703713715	57.0973568432	67.5919623248	77.0951579576	51.6292421054	52.4864092043	60.3240226249	51.2133615359	66.4614802833	71.8360426806	65.579569074	73.2600666302	57.1018009585	51.4513387047	62.7300556383	61.3442586307	62.1622223757	79.4223306389	54.2056489386	94.2403082206	55.4884868679	61.4369082022	43.5879813203	71.6615517124	64.0301373345	61.250712978	47.9612633118	60.4311451854	43.9926502914	47.1778789042	65.7828621695	64.1180310923	48.500280337	67.9003984387	50.1376933402	60.3401907834	69.3608048773	66.1696199077	73.1914442022	64.6589698411	51.1682998343	59.7777056481	49.4736717807	75.6885054577	65.6054114681	58.7557003177	61.2734885218	67.0435788266	83.2140688993	77.2529124449	32.7841070814	71.1922003626	68.298350763	61.5306704748
35.7986612999	68.5839858309	63.7852272821	31.0770864266	51.6618731735	65.1910608761	45.837630516	44.282205167	42.7984651009	58.4183971919	69.6796317039	46.0806850835	63.6863531491	69.159684455	52.3152964769	62.6916689478	52.0445326019	57.4131902789	45.7519183538	42.5720817005	60.8551608748	41.5246945423	63.2436178441	53.09378937	51.1223538869	55.4884868679	94.2403082206	35.6394478831	41.9872677546	59.3198171328	41.027724759	43.9206325983	34.3766615405	51.933970381	29.0869054353	45.2470339225	54.4013037526	59.2432791941	31.6270017108	57.9191100639	40.6569460228	57.7364369589	42.2364639201	62.5516173767	62.9926968787	71.2948893514	46.1330498399	46.4465395049	33.0086261131	54.6427929852	43.6079523255	56.2624020386	63.996142167	53.7995325539	47.3911070048	67.6465891499	44.8845730393	55.6738918887	64.9376387528	44.4895542904
50.8831254511	53.8802031542	49.0073246824	50.0735830494	66.9055605176	38.4733683591	64.5440752967	53.9383166195	63.8029310736	64.1046847223	24.5189908198	52.0218179858	48.2244744147	52.4220844	52.9068694181	64.9114420213	65.4544609946	51.2945008775	56.2160828744	65.8638707283	49.0573437596	80.7734994102	46.2678901773	68.061572914	61.6970435094	61.4369082022	35.6394478831	94.2403082206	42.4388198642	58.2974268309	62.571106564	58.8820383967	44.8264105782	65.919049866	38.101956817	45.9298688243	57.5649244926	38.0956164977	52.8766161863	62.7606299725	35.690258788	58.5413479427	66.5741599242	42.749240278	39.6718139291	46.1182270815	52.0316134377	53.2121422632	66.263436977	60.2621339772	52.5790310778	60.9366611933	56.0293083961	61.9847552992	58.9899767183	53.1268794064	26.1343461029	67.1963333295	50.8181538197	60.0835529416
52.0883654692	36.5363116609	47.9126963829	29.1655609843	58.5254821552	37.6984219648	40.1096132992	43.1031464432	45.5036207938	53.5359976744	40.6057270033	48.7655999692	51.9154738727	52.831338363	44.4795572634	42.2995737653	72.4512923958	33.0856755571	33.8420691038	41.9367160377	64.862258705	43.9009587337	58.3002396971	60.8068751731	56.2675874011	43.5879813203	41.9872677546	42.4388198642	94.2403082206	45.136950332	56.0590345011	61.5215282799	59.3550184388	63.6982760158	12.8087919845	62.9829367603	66.4436765995	46.3892580769	24.9938336824	58.3652965564	66.162433977	53.0861947069	46.551777697	53.8030513081	36.5337892139	37.1574567082	77.8095319986	50.5592348975	46.414299021	46.7543901908	53.7177183898	68.6311649142	56.0857138726	74.6597483806	37.9140865464	53.8174707212	52.9711816389	39.7635239553	73.1922531965	39.3823528638
59.5940524197	68.2612848578	64.0779470159	60.1210867167	70.1720765022	57.8755469012	64.6993823361	55.2683498275	67.1007009894	81.8858843222	51.2795309711	66.1296487369	69.9330353977	67.8262523056	69.3662790419	74.2127973554	69.1972956884	73.2146146708	66.9565943141	60.7150644522	62.9554998792	61.1836118589	64.4969926187	72.6729609619	63.6370851493	71.6615517124	59.3198171328	58.2974268309	45.136950332	94.2403082206	62.2023528517	69.5595650132	54.5062164128	73.9840683536	50.511135416	57.5442859748	65.455530025	60.4942678081	48.9841845541	73.7109551301	45.310661598	61.2021610714	57.6996173131	70.1833143803	68.4542178317	65.7613279329	57.618268007	61.6460488414	42.9060552972	62.437385779	66.9723535656	62.7965175692	73.4883974377	73.982801135	67.6236724454	70.1036980724	44.1468795879	66.1995103893	67.2952571147	66.3910551405
67.4820514313	53.0895735434	51.5000004138	56.2955235967	59.8202010098	35.4677485052	59.4889166869	48.7859077332	62.8933078153	61.2906604842	28.8792340324	54.7796945906	48.9858102372	46.709999312	59.6250309794	66.7755987904	65.2927846591	57.5611551289	42.313549607	49.9810375924	57.9228543832	60.159627702	47.7211289627	69.0630568012	54.9966981058	64.0301373345	41.027724759	62.571106564	56.0590345011	62.2023528517	94.2403082206	70.3422512113	65.739284409	66.6368725303	32.9545600748	58.3656527108	55.0815215389	40.2251674534	37.5861640129	57.8988578081	41.9171063047	52.2606009808	58.9256854404	45.8276618283	46.3385501099	49.7719945032	59.5782276771	55.8419324859	45.6050392484	52.0361534567	62.3640395825	61.5178873894	55.9700181903	65.2714626857	59.439795795	52.4622689207	34.2575085747	54.8194569656	60.0218704189	60.4740042661
71.2345497796	57.9554979312	58.9484265596	54.3861237087	72.4258566028	48.7276870789	59.8218934317	57.8627134723	69.2461595437	69.0856283249	44.5368915735	68.2941980757	59.2060451015	60.7610668266	63.8083325309	68.0087699709	68.3847066847	66.8631212916	61.8644587047	51.2813255927	60.3482571039	52.3374617508	61.3994662903	72.3685364618	60.7498921283	61.250712978	43.9206325983	58.8820383967	61.5215282799	69.5595650132	70.3422512113	94.2403082206	60.3776900691	69.0715431415	46.3496929899	62.3012030577	66.5372370949	54.3438954078	53.2374820718	69.1883683604	48.2301727334	56.9556712575	62.4941620556	57.6683199965	56.2880453557	52.7514822089	62.5901871074	64.3161824089	48.2221453914	62.7346485587	73.311716759	60.1659314034	70.5160063525	70.7965150602	58.256983578	60.7455428587	50.7610963349	57.3604284451	67.3622031937	72.0045196703
66.2910078535	42.3729230376	44.3718806659	49.4107118449	51.0037042747	40.3585400207	56.3053144507	44.8292060585	67.4017131062	58.994865362	42.755771319	50.4697426229	50.0737497331	42.7402536606	51.5939355763	52.7246776235	61.9988035862	46.8612273176	42.2798759446	57.4219185826	47.9324901465	39.8609499917	49.7953958049	58.2762075538	54.1133794756	47.9612633118	34.3766615405	44.8264105782	59.3550184388	54.5062164128	65.739284409	60.3776900691	94.2403082206	64.5062853155	37.5895943386	67.2308233686	58.3355394764	47.728099548	48.695181826	63.2300739509	48.8842119898	49.3425186023	42.0029013492	58.6206797335	49.3482026658	44.2765008626	58.6370806634	66.7689241238	57.4519577548	51.1321603008	62.0737350569	49.8304223272	61.1354118112	66.2248819459	44.633185278	45.9234442667	50.16533306	53.1935952639	62.1526454271	52.3728545501
55.0087616706	50.9855004072	51.550003182	50.6772410657	71.6706184101	54.4054620286	68.829603252	54.4950852403	66.0778289017	78.5760592272	37.0685583652	54.9318278797	70.2751205954	71.1379979379	60.6233599964	66.0910334759	84.1118151088	57.2256388181	56.5357772188	66.5820742631	64.9867473535	69.8324566334	65.5394169781	71.071336279	70.3987883925	60.4311451854	51.933970381	65.919049866	63.6982760158	73.9840683536	66.6368725303	69.0715431415	64.5062853155	94.2403082206	34.2815701779	65.9599526493	72.8371763219	52.1733878567	45.8218223531	74.765422165	45.4544545882	69.5948291235	56.9391308195	64.2515957864	54.6338772613	59.921700965	70.7700034396	62.7587481885	58.2881437087	60.5836121755	59.5471215263	75.9410798848	69.0798833492	85.0766981652	61.2837846033	63.1310469126	50.7903195858	64.0157005311	74.0700266208	56.9282908823
48.6609336012	46.5851668363	39.0158360188	50.4741525312	52.2126410036	44.583468425	37.7914352106	49.7085841247	55.209060327	50.877559734	38.8740072136	44.4490978926	36.0759463664	41.5303745199	39.6243222357	43.9223909848	38.6045346429	41.48830629	50.8852782545	42.1213518481	28.2439672284	40.1399215417	41.7623780163	49.4671293833	39.9990581327	43.9926502914	29.0869054353	38.101956817	12.8087919845	50.511135416	32.9545600748	46.3496929899	37.5895943386	34.2815701779	94.2403082206	29.5988213804	47.2345458536	42.8552242815	57.9372087792	57.3903382531	26.7380594103	49.1302698311	33.9925450592	41.1301282184	43.6204462944	38.1597646319	31.977736587	45.1001018698	30.4930274179	51.8766921264	51.3691812104	25.3139988566	46.1273812195	36.493070511	45.3540705449	37.9509651533	41.1550999639	39.8666253104	37.5363394258	58.6221733076
54.6909630835	42.2556305477	41.9850187184	48.4385353556	58.5713025032	37.7571585948	50.9078656317	48.7815760727	59.1988481845	60.5371549411	42.7730369487	57.7394890174	46.9235049969	61.9135551062	52.8667097805	50.0904367272	66.634090318	42.8007230444	43.3422762492	49.8527515954	54.80446061	49.176418584	56.1941382858	57.2286495865	54.9313190254	47.1778789042	45.2470339225	45.9298688243	62.9829367603	57.5442859748	58.3656527108	62.3012030577	67.2308233686	65.9599526493	29.5988213804	94.2403082206	59.6679751765	46.79447197	39.4078034686	64.7615847455	52.933335801	51.3088313364	41.6765899149	49.5521935258	44.574402053	45.3373401728	63.0133626142	58.6041045385	53.5251348965	49.7647784482	58.409415911	60.3983181276	60.4696585669	68.5873734632	42.3360255974	49.1807182504	49.0606636423	51.3690950493	65.5843733489	49.1724149582
65.5454206187	58.7503720861	64.7720397684	44.6974314304	72.2338002236	61.6386175967	61.8849633534	58.9172746133	63.7786953824	71.2882555805	50.1576560193	57.3082204697	70.6814232676	71.2804376893	61.8049707452	58.5445438153	79.3352230406	55.8792364793	60.8680398961	57.3552935571	61.4622922569	55.905086169	72.2927971535	73.0877605482	67.7125574305	65.7828621695	54.4013037526	57.5649244926	66.4436765995	65.455530025	55.0815215389	66.5372370949	58.3355394764	72.8371763219	47.2345458536	59.6679751765	94.2403082206	68.6111530229	55.4469972032	79.2184646964	68.6961485716	71.0974806921	67.6967869837	69.5874905844	65.1913673282	63.1524257815	77.2801043764	67.5901485728	54.9702973003	74.271417217	68.6865844638	68.5582650386	68.9575648148	78.9754557965	61.1908547238	68.860906812	71.08252923	64.5473472113	81.2684331469	65.1682392602
58.6420060582	67.2030675433	68.5318890966	44.4080098912	58.1080626266	62.3137996999	52.5340389424	44.2215059701	59.1141033568	70.4736676637	71.336656271	51.6941888955	68.2468239452	57.2908402937	49.1586067159	51.430633891	62.6389267415	60.2098244888	60.1827255238	48.2030841221	56.9772027688	36.2094291291	68.3129285401	61.5415261482	57.8562048461	64.1180310923	59.2432791941	38.0956164977	46.3892580769	60.4942678081	40.2251674534	54.3438954078	47.728099548	52.1733878567	42.8552242815	46.79447197	68.6111530229	94.2403082206	45.5824958364	70.8925417038	53.7415545393	55.931289669	60.5441598162	76.079463259	70.8291998335	60.006842325	46.2443735627	68.3471724392	38.7729458182	70.850742341	57.8119098617	46.1712354818	65.2605524232	58.0523045637	57.4148091983	76.7506181681	62.1453556771	63.5316679075	66.4970171595	50.9821209452
59.2457506864	47.1782940446	45.35254064	43.9264214515	58.3471731319	38.5477767375	44.815606058	59.9624918524	55.4322866392	52.8074231198	38.4817712307	49.6819592691	40.8693281946	39.566188373	54.6692292318	51.6941121984	45.457364447	50.0088521213	59.7902405606	43.7947268138	30.4401743306	41.5373701999	44.8701514512	54.1255741995	46.2221715455	48.500280337	31.6270017108	52.8766161863	24.9938336824	48.9841845541	37.5861640129	53.2374820718	48.695181826	45.8218223531	57.9372087792	39.4078034686	55.4469972032	45.5824958364	94.2403082206	57.7239371221	35.2031145447	45.8161666077	47.4877221805	43.5216522369	49.9291253015	43.8124790334	38.5831164436	50.7250911738	57.0608219249	60.3888143099	63.5181789909	29.5436098967	53.5290261432	46.5522526607	46.6255140167	42.1007711344	45.7321466067	50.3206889791	42.3054964355	63.2321929673
65.3833489253	66.5246784916	61.1336604167	58.2100130589	73.0663857035	65.109673668	70.1676057038	64.0256363622	73.0678764035	80.6322509388	56.7818175145	67.4547526116	73.0081970423	71.6197391601	59.8266455882	65.3260547936	78.6665055739	61.6428375228	65.8882574498	70.6257930452	65.6415529553	64.945578472	74.0667129497	79.815321685	76.190757543	67.9003984387	57.9191100639	62.7606299725	58.3652965564	73.7109551301	57.8988578081	69.1883683604	63.2300739509	74.765422165	57.3903382531	64.7615847455	79.2184646964	70.8925417038	57.7239371221	94.2403082206	57.0056912458	74.2329726997	60.0620476125	68.8649213792	62.7172922801	62.0168469402	67.6535455741	71.8587271326	61.6013759185	77.2747709543	67.2687085467	69.8374310521	77.8287049256	75.5105599407	64.853969135	71.3185855264	61.7229617263	69.2334761975	76.3825096338	66.8836172519
62.6329583804	45.139120107	48.7143040959	38.6106691711	51.0816193306	42.9858631834	30.1663871378	47.8068824793	46.9883911673	46.1948000502	44.273621624	51.0058017646	43.5824833613	43.4681218905	43.1414185311	38.4277718441	56.3355613607	33.8217277852	44.0559709441	32.4215455462	54.8207648862	30.0736892551	60.3129097389	57.95102662	48.8350394271	50.1376933402	40.6569460228	35.690258788	66.162433977	45.310661598	41.9171063047	48.2301727334	48.8842119898	45.4544545882	26.7380594103	52.933335801	68.6961485716	53.7415545393	35.2031145447	57.0056912458	94.2403082206	38.47698064	53.188828092	49.3509982924	55.3490915902	35.3987076037	63.4814053121	57.6517875388	36.5816323119	49.2672700241	60.9913241422	48.695665179	52.1745712304	63.305442486	39.8289894622	59.38444395	63.8740951529	41.5074477876	60.0878133132	37.125280486
49.415387902	58.3526150523	60.4414365827	46.504308348	66.4575675137	68.9064372346	60.5748235871	53.1288147837	60.4278917499	70.0779481287	47.1737916683	46.6219655326	75.1187947849	65.3536372168	60.7007157301	63.6545525352	70.341169275	50.7145586144	50.7035190648	57.0301307721	57.4040426845	62.4932559209	60.1130749551	69.3499486947	64.5053311748	60.3401907834	57.7364369589	58.5413479427	53.0861947069	61.2021610714	52.2606009808	56.9556712575	49.3425186023	69.5948291235	49.1302698311	51.3088313364	71.0974806921	55.931289669	45.8161666077	74.2329726997	38.47698064	94.2403082206	53.1749291489	64.7947866008	56.2052466591	68.2644811966	64.457113808	55.8867882905	53.7057821842	66.1480024587	53.2479120555	63.4368893249	62.153146145	66.5706240808	62.1283002975	59.1127783596	48.7420438773	58.2867122361	75.112493077	57.6885614363
69.4952296102	62.5196127184	68.484197823	45.9834158776	63.4212840485	47.8788917452	54.6753552073	39.2256134299	58.6248433915	59.7643583922	36.9517148927	45.021932505	54.7634031756	45.4971629488	52.170038599	61.3017057078	60.8212297831	62.2064234759	61.1484426699	44.0129950333	47.7773579291	52.6065240832	52.9320962153	65.8216662226	54.4547763622	69.3608048773	42.2364639201	66.5741599242	46.551777697	57.6996173131	58.9256854404	62.4941620556	42.0029013492	56.9391308195	33.9925450592	41.6765899149	67.6967869837	60.5441598162	47.4877221805	60.0620476125	53.188828092	53.1749291489	94.2403082206	57.8062481121	65.7243889909	54.7125533577	49.3201575939	63.4709794388	40.7073917624	71.5231003769	59.9195009302	48.3746453759	50.6629969177	59.9815716905	68.0864244848	69.9068723029	40.7999876981	65.0683955865	60.1896442512	65.3319950303
59.6595730571	65.8341368601	68.8679660307	54.7678407513	64.7511947	68.5787063705	54.1888952224	44.4189720587	62.3500877221	77.6297174976	69.849920116	48.4820511499	77.7834289583	60.9800271106	63.9600336117	61.5691672045	69.3847389172	68.4046473901	59.0415893078	54.6770923207	57.7663890313	40.2866992197	70.4971961803	62.3126427482	60.8325216748	66.1696199077	62.5516173767	42.749240278	53.8030513081	70.1833143803	45.8276618283	57.6683199965	58.6206797335	64.2515957864	41.1301282184	49.5521935258	69.5874905844	76.079463259	43.5216522369	68.8649213792	49.3509982924	64.7947866008	57.8062481121	94.2403082206	72.0626017821	68.2529059175	54.4909346368	65.068787511	42.7191177223	67.090024029	61.8951580048	50.5066549829	71.2487961749	69.9237045751	62.0833620794	78.0520430999	54.2605914399	62.3492640426	74.4899506042	52.7991654677
69.4705206509	76.9324368202	74.6647232641	52.1682241949	56.4478672427	66.5322938479	56.0042312624	42.8683489072	63.7401342767	66.5379430675	63.7364218612	49.9624714675	64.7017792444	51.6279032807	59.6388823597	68.8803959499	51.6692712512	74.5386156643	66.463747461	43.6712069749	52.5455101278	36.0799818329	63.7101951793	63.703734415	50.8458314328	73.1914442022	62.9926968787	39.6718139291	36.5337892139	68.4542178317	46.3385501099	56.2880453557	49.3482026658	54.6338772613	43.6204462944	44.574402053	65.1913673282	70.8291998335	49.9291253015	62.7172922801	55.3490915902	56.2052466591	65.7243889909	72.0626017821	94.2403082206	68.0791125135	42.3638764837	69.9059220355	34.7136275829	71.5580820697	64.2054381053	43.4705610277	62.334327685	57.7204311793	69.8415749969	76.625544027	48.8677484789	65.3109095824	65.6419622949	59.5850022257
49.2237480058	66.6393546299	69.9422250765	45.2264721137	51.9347657472	73.0715430726	57.0612939317	45.0212929466	56.9127270396	65.3768467122	54.7481000178	41.9295669317	78.0846834729	62.652868584	65.3004725786	70.4044579715	52.7437843759	63.076120717	50.3588849334	39.5275638671	51.2678093228	46.5920508186	53.8304567427	58.7051745043	51.9674706422	64.6589698411	71.2948893514	46.1182270815	37.1574567082	65.7613279329	49.7719945032	52.7514822089	44.2765008626	59.921700965	38.1597646319	45.3373401728	63.1524257815	60.006842325	43.8124790334	62.0168469402	35.3987076037	68.2644811966	54.7125533577	68.2529059175	68.0791125135	94.2403082206	51.4841201158	53.0995850679	34.1210479402	60.2397243844	46.6576051719	50.3441621476	63.6829970089	56.3422071172	62.3130517329	63.9785725333	40.2708619083	64.1832541511	68.9146616646	59.432262288
