Tissue	braincerebellum
N_samples	102
Chr	15
Gene	ENSG00000188779.6
SNP	rs4776989
Gene_list	ENSG00000105642.11	ENSG00000187664.8	ENSG00000101463.5	ENSG00000132821.7	ENSG00000161381.9	ENSG00000187595.10	ENSG00000188779.6	ENSG00000139438.5	ENSG00000175040.4
Gene expression stats (Y^T * Y): 
94.2403082206	57.919515027	59.2236403006	59.4593400161	59.4348574696	67.2545171293	61.4485588077	72.8733317614	71.1112294868
57.919515027	94.2403082206	64.796521765	52.5015271432	69.7219747474	78.8012137098	56.8504785471	67.7506943271	78.1272138182
59.2236403006	64.796521765	94.2403082206	55.6303642461	59.9365992384	68.800420673	57.0089869304	66.8207791201	66.3717246653
59.4593400161	52.5015271432	55.6303642461	94.2403082206	51.5815128201	63.9136551739	61.2736593041	59.3780047718	64.4302920411
59.4348574696	69.7219747474	59.9365992384	51.5815128201	94.2403082206	72.9920635191	58.0106232183	62.9265799359	75.7029105718
67.2545171293	78.8012137098	68.800420673	63.9136551739	72.9920635191	94.2403082206	59.8766959846	72.6037918795	83.0917173949
61.4485588077	56.8504785471	57.0089869304	61.2736593041	58.0106232183	59.8766959846	94.2403082206	60.4261235347	62.6383936229
72.8733317614	67.7506943271	66.8207791201	59.3780047718	62.9265799359	72.6037918795	60.4261235347	94.2403082206	77.3178634786
71.1112294868	78.1272138182	66.3717246653	64.4302920411	75.7029105718	83.0917173949	62.6383936229	77.3178634786	94.2403082206
Genotype stats (X^T * X): 	54.0174260784
Gene expression - Genotype stats (Y^T * X): 
10.0578135407	17.8412777907	15.1397281069	18.3694959021	8.54146490636	17.4995990579	23.4992660334	12.6015898679	11.1054388662