Tissue	braincerebellum
N_samples	102
Chr	15
Gene	ENSG00000137841.7
SNP	rs1898884
Gene_list	ENSG00000077420.11	ENSG00000140678.12	ENSG00000204472.8	ENSG00000011600.7	ENSG00000137841.7	ENSG00000138964.12	ENSG00000180353.6	ENSG00000186517.9	ENSG00000081237.14
Gene expression stats (Y^T * Y): 
94.2403082206	54.8298541345	56.4906751191	54.0144624257	58.4225735607	47.4047084412	41.6294269681	46.4338605084	46.3254627997
54.8298541345	94.2403082206	44.9530025637	66.5573666382	57.0710336384	62.4065459944	47.9199081825	40.8404017815	40.0748205256
56.4906751191	44.9530025637	94.2403082206	65.7313666041	65.9547377801	52.5600432796	52.3373656795	54.7837807064	50.1723982481
54.0144624257	66.5573666382	65.7313666041	94.2403082206	63.9578774665	50.9064081286	51.6864130702	41.8071523133	48.0785522735
58.4225735607	57.0710336384	65.9547377801	63.9578774665	94.2403082206	64.1708360717	56.7106261056	58.6216674544	58.6043901502
47.4047084412	62.4065459944	52.5600432796	50.9064081286	64.1708360717	94.2403082206	52.4991419527	45.0251000481	37.668906407
41.6294269681	47.9199081825	52.3373656795	51.6864130702	56.7106261056	52.4991419527	94.2403082206	50.6564300974	57.6032313748
46.4338605084	40.8404017815	54.7837807064	41.8071523133	58.6216674544	45.0251000481	50.6564300974	94.2403082206	49.5877420654
46.3254627997	40.0748205256	50.1723982481	48.0785522735	58.6043901502	37.668906407	57.6032313748	49.5877420654	94.2403082206
Genotype stats (X^T * X): 	42.5196078431
Gene expression - Genotype stats (Y^T * X): 
16.2780746082	8.58712753832	17.6721409177	11.8727165979	23.9861444221	16.3035398288	13.01303056	17.2335186305	10.2650971973