Tissue	braincerebellum
N_samples	102
Chr	5
Gene	ENSG00000146063.14
SNP	rs2545101
Gene_list	ENSG00000125817.7	ENSG00000129250.7	ENSG00000128283.6	ENSG00000124374.8	ENSG00000033327.8	ENSG00000071054.11	ENSG00000198121.9	ENSG00000187164.13	ENSG00000064393.11	ENSG00000169554.12	ENSG00000146063.14
Gene expression stats (Y^T * Y): 
94.2403082206	60.7314587707	54.1806110041	58.0465473425	55.781895799	54.6852268923	66.7940533445	57.2687020609	69.8963595151	63.1764278129	58.6304272625
60.7314587707	94.2403082206	58.8173488174	63.2371297476	62.2225529084	76.5494438582	76.1673340071	71.2493678282	78.7256262601	64.6739886723	64.5843883281
54.1806110041	58.8173488174	94.2403082206	66.6814029405	60.3276517017	57.0638418662	69.5817293567	67.4358824349	61.8578830857	67.841757587	61.4152088271
58.0465473425	63.2371297476	66.6814029405	94.2403082206	62.7779860679	49.3499908299	71.6372209318	65.3072142958	72.3100647912	61.6210902618	64.5516938353
55.781895799	62.2225529084	60.3276517017	62.7779860679	94.2403082206	65.0017342664	70.7512761353	58.4102207614	69.1653618067	63.2948068578	60.8965613843
54.6852268923	76.5494438582	57.0638418662	49.3499908299	65.0017342664	94.2403082206	71.2104447716	66.5068310548	75.3130394408	71.7468908172	59.5586087764
66.7940533445	76.1673340071	69.5817293567	71.6372209318	70.7512761353	71.2104447716	94.2403082206	80.5207837383	77.103628356	67.584930564	57.6797472237
57.2687020609	71.2493678282	67.4358824349	65.3072142958	58.4102207614	66.5068310548	80.5207837383	94.2403082206	71.0895975332	69.8354441364	56.9927223437
69.8963595151	78.7256262601	61.8578830857	72.3100647912	69.1653618067	75.3130394408	77.103628356	71.0895975332	94.2403082206	76.3395882578	63.8457085163
63.1764278129	64.6739886723	67.841757587	61.6210902618	63.2948068578	71.7468908172	67.584930564	69.8354441364	76.3395882578	94.2403082206	61.3107327331
58.6304272625	64.5843883281	61.4152088271	64.5516938353	60.8965613843	59.5586087764	57.6797472237	56.9927223437	63.8457085163	61.3107327331	94.2403082206
Genotype stats (X^T * X): 	40.6944598431
Gene expression - Genotype stats (Y^T * X): 
21.3001113918	25.1188736273	18.0177832735	19.2542556879	20.9455870689	21.9475285584	19.8862067183	18.4161615227	24.8671321744	18.4770493163	29.4521610316