Tissue	braincerebellum
N_samples	102
Chr	11
Gene	ENSG00000149591.12
SNP	rs7934690
Gene_list	ENSG00000130176.3	ENSG00000111341.5	ENSG00000133392.12	ENSG00000026025.9	ENSG00000142910.11	ENSG00000101335.5	ENSG00000126458.3	ENSG00000163453.7	ENSG00000107796.8	ENSG00000011465.12	ENSG00000164692.13	ENSG00000149591.12	ENSG00000189058.4	ENSG00000115414.14
Gene expression stats (Y^T * Y): 
94.2403082206	69.2064169354	80.3625274823	43.6127879579	49.4411894811	69.7962373963	52.4030640264	52.4849367704	68.2744362951	48.1424915334	53.9436958942	58.0384795648	25.8300916303	46.1548026202
69.2064169354	94.2403082206	73.4491416657	60.6881966376	47.9543488833	76.5203927126	55.6137199681	68.8813978293	72.2458592531	68.1616466435	67.9625912399	69.9020951459	42.7615179225	52.9912352897
80.3625274823	73.4491416657	94.2403082206	51.3396479419	49.9809865328	83.1644372643	58.9294489961	64.5705934429	79.6886341162	54.8278042928	56.5684580951	68.8191009999	36.8619917397	52.2771473112
43.6127879579	60.6881966376	51.3396479419	94.2403082206	42.661485707	67.5542789769	51.3217205097	64.8361995729	70.0413836695	71.1983250475	59.2970606415	74.2617647891	58.6908526398	71.762088742
49.4411894811	47.9543488833	49.9809865328	42.661485707	94.2403082206	57.5660018921	66.6861506918	53.3390603975	56.4451195829	46.5117480206	42.5762084016	56.7642105817	28.7481175393	36.2307750708
69.7962373963	76.5203927126	83.1644372643	67.5542789769	57.5660018921	94.2403082206	64.3297993203	78.6837681448	88.4316565655	72.4107719497	63.9748898211	78.3446451119	47.9565172904	66.8724262883
52.4030640264	55.6137199681	58.9294489961	51.3217205097	66.6861506918	64.3297993203	94.2403082206	62.1937669415	59.9832734871	51.0369723424	51.691340894	62.852571128	41.3506757161	48.1569493452
52.4849367704	68.8813978293	64.5705934429	64.8361995729	53.3390603975	78.6837681448	62.1937669415	94.2403082206	73.4320684961	69.6990087857	60.3145519969	68.0644754063	52.7709371837	64.9209048502
68.2744362951	72.2458592531	79.6886341162	70.0413836695	56.4451195829	88.4316565655	59.9832734871	73.4320684961	94.2403082206	72.1177500094	65.3709603737	81.3513712892	47.0740681524	68.150126797
48.1424915334	68.1616466435	54.8278042928	71.1983250475	46.5117480206	72.4107719497	51.0369723424	69.6990087857	72.1177500094	94.2403082206	71.2185377861	63.79548863	50.5979369199	61.9171680594
53.9436958942	67.9625912399	56.5684580951	59.2970606415	42.5762084016	63.9748898211	51.691340894	60.3145519969	65.3709603737	71.2185377861	94.2403082206	59.2880464937	38.164806665	61.4529168146
58.0384795648	69.9020951459	68.8191009999	74.2617647891	56.7642105817	78.3446451119	62.852571128	68.0644754063	81.3513712892	63.79548863	59.2880464937	94.2403082206	57.8709179522	63.1817705315
25.8300916303	42.7615179225	36.8619917397	58.6908526398	28.7481175393	47.9565172904	41.3506757161	52.7709371837	47.0740681524	50.5979369199	38.164806665	57.8709179522	94.2403082206	45.5791553046
46.1548026202	52.9912352897	52.2771473112	71.762088742	36.2307750708	66.8724262883	48.1569493452	64.9209048502	68.150126797	61.9171680594	61.4529168146	63.1817705315	45.5791553046	94.2403082206
Genotype stats (X^T * X): 	33.6723563235
Gene expression - Genotype stats (Y^T * X): 
14.4354478627	13.6022257027	19.6965899972	11.2486117672	14.4154928077	17.9384316126	9.20960479983	15.2177960217	19.5669606166	13.8930204986	11.7311427855	17.6390238643	6.6248535029	13.217588753