Tissue	braincerebellum
N_samples	102
Chr	19
Gene	ENSG00000188039.9
SNP	rs773878
Gene_list	ENSG00000188039.9	ENSG00000148482.7	ENSG00000180347.9	ENSG00000114738.6	ENSG00000211448.7	ENSG00000172987.8
Gene expression stats (Y^T * Y): 
94.2403082206	69.7843920425	67.8656260973	56.7515895115	58.262981827	66.62457039
69.7843920425	94.2403082206	71.721028382	55.4291808923	50.1558091899	61.4564592106
67.8656260973	71.721028382	94.2403082206	35.785466804	45.8369625824	61.5189990632
56.7515895115	55.4291808923	35.785466804	94.2403082206	51.0481934245	46.68220804
58.262981827	50.1558091899	45.8369625824	51.0481934245	94.2403082206	57.7989850043
66.62457039	61.4564592106	61.5189990632	46.68220804	57.7989850043	94.2403082206
Genotype stats (X^T * X): 	33.3693171471
Gene expression - Genotype stats (Y^T * X): 
-19.0083557182	-20.190506551	-12.6313840195	-14.6615598262	-11.3312721293	-11.9847163341