Tissue	braincerebellum
N_samples	102
Chr	2
Gene	ENSG00000115756.8
SNP	rs10197851
Gene_list	ENSG00000185883.6	ENSG00000104964.10	ENSG00000115756.8	ENSG00000105649.5	ENSG00000160014.12	ENSG00000172757.8	ENSG00000126214.16
Gene expression stats (Y^T * Y): 
94.2403082206	65.3035531441	68.0710423038	70.1670800895	63.8961682344	68.0568787873	54.8455453355
65.3035531441	94.2403082206	61.6098866392	50.5377179897	52.2439411484	57.9854717078	49.1965914401
68.0710423038	61.6098866392	94.2403082206	57.6394897935	57.5098912714	57.3741255664	64.9701950034
70.1670800895	50.5377179897	57.6394897935	94.2403082206	66.6462867152	70.055307537	40.2757682713
63.8961682344	52.2439411484	57.5098912714	66.6462867152	94.2403082206	64.3103094911	56.867929153
68.0568787873	57.9854717078	57.3741255664	70.055307537	64.3103094911	94.2403082206	48.0560513874
54.8455453355	49.1965914401	64.9701950034	40.2757682713	56.867929153	48.0560513874	94.2403082206
Genotype stats (X^T * X): 	50.9901960784
Gene expression - Genotype stats (Y^T * X): 
-20.6061376842	-12.9970860044	-27.9012438382	-21.8168960779	-18.2635467545	-20.7447335298	-11.6087108979