Tissue	braincerebellum
N_samples	102
Chr	8
Gene	ENSG00000161016.11
SNP	rs7829963
Gene_list	ENSG00000130255.8	ENSG00000108298.5	ENSG00000105193.4	ENSG00000063177.8	ENSG00000142541.12	ENSG00000108107.8	ENSG00000229117.4	ENSG00000083845.4	ENSG00000149806.6	ENSG00000148303.12	ENSG00000161016.11
Gene expression stats (Y^T * Y): 
94.2403082206	55.8572904291	73.7781815728	54.7367786734	64.4435980539	43.4037926692	55.9262784484	53.1926757123	65.6156438736	45.3621752328	57.8434339914
55.8572904291	94.2403082206	63.8746792452	61.7811166819	59.9460304064	56.6533650974	65.2502427036	72.5718802933	58.5267853501	74.4878790926	60.5203711
73.7781815728	63.8746792452	94.2403082206	60.2879274504	73.7092341559	58.5712734753	72.7479300115	64.9271653048	76.8590697948	57.3823682509	67.9091502275
54.7367786734	61.7811166819	60.2879274504	94.2403082206	53.9272289851	68.1509423274	52.658283861	71.8093168339	55.2846658328	59.9009641641	59.0153529486
64.4435980539	59.9460304064	73.7092341559	53.9272289851	94.2403082206	57.5182718151	63.8519618367	57.6918750817	71.0499791475	61.2758740284	72.1255124721
43.4037926692	56.6533650974	58.5712734753	68.1509423274	57.5182718151	94.2403082206	49.5940785138	50.312566946	52.3981660315	42.1320174658	57.1710236084
55.9262784484	65.2502427036	72.7479300115	52.658283861	63.8519618367	49.5940785138	94.2403082206	69.0194703912	62.8931139594	59.6418173571	60.9519468828
53.1926757123	72.5718802933	64.9271653048	71.8093168339	57.6918750817	50.312566946	69.0194703912	94.2403082206	62.7022530193	72.072678626	57.9089316216
65.6156438736	58.5267853501	76.8590697948	55.2846658328	71.0499791475	52.3981660315	62.8931139594	62.7022530193	94.2403082206	51.2584939194	66.05360357
45.3621752328	74.4878790926	57.3823682509	59.9009641641	61.2758740284	42.1320174658	59.6418173571	72.072678626	51.2584939194	94.2403082206	58.9040862842
57.8434339914	60.5203711	67.9091502275	59.0153529486	72.1255124721	57.1710236084	60.9519468828	57.9089316216	66.05360357	58.9040862842	94.2403082206
Genotype stats (X^T * X): 	50.9901960784
Gene expression - Genotype stats (Y^T * X): 
3.28381691941	1.22714163868	5.57802498734	1.3905980001	3.10172709978	3.72260431644	3.79542599467	-1.69454373593	4.71902730521	-1.45345499305	31.3570822033