Tissue	braincerebellum
N_samples	102
Chr	19
Gene	ENSG00000130748.6
SNP	rs9749194
Gene_list	ENSG00000164853.8	ENSG00000243449.2	ENSG00000182327.7	ENSG00000181029.7	ENSG00000260001.2	ENSG00000179271.1	ENSG00000179965.7	ENSG00000179862.5	ENSG00000234965.1	ENSG00000130748.6	ENSG00000235034.2	ENSG00000167685.10	ENSG00000156381.4	ENSG00000184709.7	ENSG00000131188.7
Gene expression stats (Y^T * Y): 
94.2403082206	56.8590748047	47.0457592352	39.3595337566	47.5194694423	44.4322563902	52.721953054	47.2040675253	58.7285561435	61.535402903	60.9184123641	51.2310536752	54.3772559192	57.0013311678	43.6289487333
56.8590748047	94.2403082206	60.473290391	59.4426205232	53.7699804948	61.9455241694	66.0929715805	44.5973204489	68.4259719443	75.4777694538	73.6479632761	58.3652180383	55.5504360658	67.3842485773	62.1952690323
47.0457592352	60.473290391	94.2403082206	33.6152481308	52.9542064847	32.0104105478	58.7076769911	46.9084216236	58.1167994036	61.53632585	58.6989343437	45.2861152427	55.8311661937	62.6767412839	53.0521627162
39.3595337566	59.4426205232	33.6152481308	94.2403082206	42.8302798227	57.0204055835	48.4222023602	30.5607845442	56.0717171086	63.1159718793	50.601712134	34.1717165	50.389441131	41.3617216726	46.2022237098
47.5194694423	53.7699804948	52.9542064847	42.8302798227	94.2403082206	41.382089259	37.794356451	52.7980158615	63.2264506521	65.1496621967	64.0483966752	48.3730427554	54.1891802831	53.4775941517	48.5159039231
44.4322563902	61.9455241694	32.0104105478	57.0204055835	41.382089259	94.2403082206	52.7337956707	31.6904741646	56.7431453329	63.8190155151	53.4216208406	45.360043025	49.8356577982	46.5533953343	43.1170743102
52.721953054	66.0929715805	58.7076769911	48.4222023602	37.794356451	52.7337956707	94.2403082206	50.5758242906	71.1572224591	66.1931845121	61.0805962517	51.419872178	57.1051758658	58.460439737	64.0952883713
47.2040675253	44.5973204489	46.9084216236	30.5607845442	52.7980158615	31.6904741646	50.5758242906	94.2403082206	53.4407665544	58.0777738072	50.1051771901	35.2552157353	46.00553734	46.6920541805	50.0736277956
58.7285561435	68.4259719443	58.1167994036	56.0717171086	63.2264506521	56.7431453329	71.1572224591	53.4407665544	94.2403082206	78.5335023043	74.1872608778	57.3318858492	68.1138423359	63.3228418013	53.7879836585
61.535402903	75.4777694538	61.53632585	63.1159718793	65.1496621967	63.8190155151	66.1931845121	58.0777738072	78.5335023043	94.2403082206	77.3089951487	59.9390141827	68.4922169235	67.3632428619	60.6580773257
60.9184123641	73.6479632761	58.6989343437	50.601712134	64.0483966752	53.4216208406	61.0805962517	50.1051771901	74.1872608778	77.3089951487	94.2403082206	65.6736718308	57.7242196274	71.9393573132	54.9269936896
51.2310536752	58.3652180383	45.2861152427	34.1717165	48.3730427554	45.360043025	51.419872178	35.2552157353	57.3318858492	59.9390141827	65.6736718308	94.2403082206	35.1318232323	58.7738540161	34.9370028393
54.3772559192	55.5504360658	55.8311661937	50.389441131	54.1891802831	49.8356577982	57.1051758658	46.00553734	68.1138423359	68.4922169235	57.7242196274	35.1318232323	94.2403082206	50.5263952538	51.6401422368
57.0013311678	67.3842485773	62.6767412839	41.3617216726	53.4775941517	46.5533953343	58.460439737	46.6920541805	63.3228418013	67.3632428619	71.9393573132	58.7738540161	50.5263952538	94.2403082206	45.8847481319
43.6289487333	62.1952690323	53.0521627162	46.2022237098	48.5159039231	43.1170743102	64.0952883713	50.0736277956	53.7879836585	60.6580773257	54.9269936896	34.9370028393	51.6401422368	45.8847481319	94.2403082206
Genotype stats (X^T * X): 	52.0382885196
Gene expression - Genotype stats (Y^T * X): 
12.1372314906	12.9748781698	22.8248397882	10.9292719937	8.99755521527	6.06466479989	13.2972768199	5.74524887121	9.81257347364	21.7046012341	7.45731865247	4.251307413	22.8113639332	11.7890149026	15.7829043687