Tissue	braincerebellum
N_samples	102
Chr	15
Gene	ENSG00000129009.8
SNP	rs351219
Gene_list	ENSG00000010379.11	ENSG00000167244.13	ENSG00000166482.7	ENSG00000108821.9	ENSG00000167779.3	ENSG00000129009.8	ENSG00000164692.13	ENSG00000106809.6	ENSG00000116774.7	ENSG00000164707.11	ENSG00000145423.4	ENSG00000168542.8	ENSG00000000971.11	ENSG00000115457.5
Gene expression stats (Y^T * Y): 
94.2403082206	76.0305667775	65.827411978	62.5291323805	65.7010096531	68.6079590201	60.6386370266	76.9359114466	62.3659980825	70.8141412196	54.334235329	59.5864014315	58.7956431744	53.8724662697
76.0305667775	94.2403082206	68.9941055671	68.99761373	67.3255780756	75.8720542418	63.2766625731	77.177755785	73.7339573238	70.2158472619	56.1593714277	68.0699934063	68.9974450911	62.9841225998
65.827411978	68.9941055671	94.2403082206	61.4999294443	62.6542500208	59.4059621728	61.7294707025	72.9897466094	58.4723794361	65.4585116437	49.2251376814	58.9084034147	63.8286149188	57.826507927
62.5291323805	68.99761373	61.4999294443	94.2403082206	56.8736275467	65.3464891433	52.1491974655	68.4254642326	78.5185759811	58.5203473023	59.7844705352	86.1470365083	72.4813591748	69.1240300935
65.7010096531	67.3255780756	62.6542500208	56.8736275467	94.2403082206	65.4892048203	63.9086350977	66.4546162278	50.869290528	54.9464891817	38.2446351999	52.639123261	60.8149936692	56.3815106642
68.6079590201	75.8720542418	59.4059621728	65.3464891433	65.4892048203	94.2403082206	61.6114157102	74.9453152359	64.33634532	64.4887101833	61.7417457983	65.5444450005	64.3385553466	58.0902853043
60.6386370266	63.2766625731	61.7294707025	52.1491974655	63.9086350977	61.6114157102	94.2403082206	67.1359425048	38.3612697995	67.0185696318	34.6835760513	41.7070025138	58.8976893021	46.356981165
76.9359114466	77.177755785	72.9897466094	68.4254642326	66.4546162278	74.9453152359	67.1359425048	94.2403082206	64.8928709071	81.7397029901	71.9801329119	63.7768972076	66.3737393567	58.9336094942
62.3659980825	73.7339573238	58.4723794361	78.5185759811	50.869290528	64.33634532	38.3612697995	64.8928709071	94.2403082206	51.2552572772	61.2877246357	83.0199637957	63.893859357	67.7066142904
70.8141412196	70.2158472619	65.4585116437	58.5203473023	54.9464891817	64.4887101833	67.0185696318	81.7397029901	51.2552572772	94.2403082206	55.7791686237	49.7073594062	58.6683606657	51.6452761328
54.334235329	56.1593714277	49.2251376814	59.7844705352	38.2446351999	61.7417457983	34.6835760513	71.9801329119	61.2877246357	55.7791686237	94.2403082206	65.9129757286	45.6142102337	48.5461784284
59.5864014315	68.0699934063	58.9084034147	86.1470365083	52.639123261	65.5444450005	41.7070025138	63.7768972076	83.0199637957	49.7073594062	65.9129757286	94.2403082206	69.4119259063	66.3205810616
58.7956431744	68.9974450911	63.8286149188	72.4813591748	60.8149936692	64.3385553466	58.8976893021	66.3737393567	63.893859357	58.6683606657	45.6142102337	69.4119259063	94.2403082206	62.8562024099
53.8724662697	62.9841225998	57.826507927	69.1240300935	56.3815106642	58.0902853043	46.356981165	58.9336094942	67.7066142904	51.6452761328	48.5461784284	66.3205810616	62.8562024099	94.2403082206
Genotype stats (X^T * X): 	57.2941176471
Gene expression - Genotype stats (Y^T * X): 
-15.5237110437	-19.2764333893	-9.13616219544	-14.362036516	-16.745001906	-30.3041801514	-19.7086031128	-18.2616382925	-11.9670350538	-13.3936720602	-18.5672905714	-14.4801871317	-14.4916503338	-12.6831232931