Tissue	braincerebellum
N_samples	102
Chr	17
Gene	ENSG00000180340.5
SNP	rs11651646
Gene_list	ENSG00000129277.9	ENSG00000159212.8	ENSG00000180340.5	ENSG00000112175.6	ENSG00000187720.10	ENSG00000104313.13	ENSG00000127083.7	ENSG00000152580.8	ENSG00000164303.6
Gene expression stats (Y^T * Y): 
94.2403082206	62.081825366	57.399019284	72.7797482524	52.7818521403	63.1368872928	63.5811879319	50.2367774385	54.5338804895
62.081825366	94.2403082206	62.1875481364	77.6040040766	69.9427913454	70.5748652006	75.9806092162	54.7744898161	60.4406365462
57.399019284	62.1875481364	94.2403082206	68.5943314448	58.99821451	63.6860484815	60.6383958559	59.7839392608	58.3672830516
72.7797482524	77.6040040766	68.5943314448	94.2403082206	72.554655342	82.7934757153	81.5104207343	65.0457878452	73.8200289366
52.7818521403	69.9427913454	58.99821451	72.554655342	94.2403082206	69.3387533365	71.7226147886	57.6828442006	66.8669994648
63.1368872928	70.5748652006	63.6860484815	82.7934757153	69.3387533365	94.2403082206	73.6003234473	58.2037251601	69.1316135536
63.5811879319	75.9806092162	60.6383958559	81.5104207343	71.7226147886	73.6003234473	94.2403082206	58.9376975227	66.8068578231
50.2367774385	54.7744898161	59.7839392608	65.0457878452	57.6828442006	58.2037251601	58.9376975227	94.2403082206	54.2987693042
54.5338804895	60.4406365462	58.3672830516	73.8200289366	66.8669994648	69.1316135536	66.8068578231	54.2987693042	94.2403082206
Genotype stats (X^T * X): 	9.01960784314
Gene expression - Genotype stats (Y^T * X): 
-5.45548488544	-5.90058303556	-9.07787737818	-8.5079515743	-8.70386410964	-7.5784050635	-6.58456886508	-7.06842097273	-8.35738966745