Tissue	braincerebellum
N_samples	102
Chr	18
Gene	ENSG00000197971.10
SNP	rs3829622
Gene_list	ENSG00000129250.7	ENSG00000151552.7	ENSG00000129538.9	ENSG00000150867.9	ENSG00000158865.8	ENSG00000204655.7	ENSG00000180354.11	ENSG00000184007.13	ENSG00000078804.8	ENSG00000184221.8	ENSG00000105695.10	ENSG00000105290.7	ENSG00000128283.6	ENSG00000167641.6	ENSG00000168314.13	ENSG00000146122.12	ENSG00000173786.12	ENSG00000049089.9	ENSG00000092529.18	ENSG00000010282.10	ENSG00000244274.3	ENSG00000154945.6	ENSG00000167755.9	ENSG00000064787.8	ENSG00000102934.5	ENSG00000124920.9	ENSG00000176485.6	ENSG00000172508.6	ENSG00000124374.8	ENSG00000197971.10	ENSG00000187764.7	ENSG00000172005.6	ENSG00000197430.6	ENSG00000080822.12	ENSG00000071054.11	ENSG00000107829.9	ENSG00000203485.8	ENSG00000070214.11	ENSG00000198121.9	ENSG00000187164.13	ENSG00000107902.9	ENSG00000167123.14	ENSG00000091513.10	ENSG00000126878.8	ENSG00000104419.10	ENSG00000148826.6	ENSG00000064393.11	ENSG00000107331.12	ENSG00000113578.13	ENSG00000169554.12	ENSG00000160781.11	ENSG00000132702.8	ENSG00000136541.10	ENSG00000144283.17	ENSG00000117266.11	ENSG00000115468.7	ENSG00000176720.3
Gene expression stats (Y^T * Y): 
94.2403082206	55.0503039336	45.0912198947	53.4871498596	53.7941987273	52.3373356083	76.8228281527	74.4023439431	70.352285925	48.6655122477	48.9154987423	46.6451750162	58.8173488174	58.6477500484	67.3005867425	67.5043777564	44.1918220565	57.9400718257	56.5051843113	56.1297994579	44.053464021	62.9717991498	48.8654304894	77.8498713744	51.772785928	52.1788580523	56.2113151823	55.4259768545	63.2371297476	68.2538575404	55.3695146665	53.4451199987	50.9159605897	48.9819685128	76.5494438582	56.1756014803	57.9229536458	48.6851607399	76.1673340071	71.2493678282	59.282982091	45.3700801258	49.3986095899	75.3996918934	60.9372902662	57.2546561489	78.7256262601	42.2948767312	64.3601330464	64.6739886723	61.6108969145	41.6466603684	62.5815232944	67.6994018193	53.7869960121	58.4264282633	43.2210295043
55.0503039336	94.2403082206	73.6629837188	67.2534810642	65.190469492	79.5674897877	52.4986942733	69.5754063209	56.1573425302	54.8615952278	74.8107753902	65.5643969527	67.9480164025	76.1525137117	60.3487213824	57.4722020897	68.618209178	64.6616250429	74.66177451	66.8479449219	67.0019017665	51.6621723357	73.8494473818	63.3628138635	71.6494195536	74.6269404791	66.9728927672	74.8297501428	49.8260369268	64.3531971395	61.4819103347	63.5383879207	57.8266517536	62.3681648668	51.6686910586	45.1995361735	66.6565739358	62.9868620271	62.2525847542	65.4755422962	64.6647915322	72.8236272411	80.4058607485	67.9825073875	66.8575936128	69.72092695	51.7366938925	45.8794352627	52.1093262477	54.454493125	49.7000978692	52.9772936777	74.8639775275	60.1469931397	78.4473298269	63.7886313094	48.2772029855
45.0912198947	73.6629837188	94.2403082206	61.5903387265	51.4009544737	80.5624392932	52.0220942536	61.3613882865	57.8023278757	47.6229173386	76.8575916548	63.5199223981	60.2404026091	75.697316458	63.9390074601	52.0294188245	81.3794825178	55.9938645111	74.6773574364	61.4146822071	70.5242688796	34.64080425	67.0685434877	61.5697273272	75.3878939594	71.2704250739	73.3283693731	75.9508564583	41.0088775718	61.877903752	52.4726541465	69.8840001788	62.3970411077	67.2202319571	45.8812592976	34.4118524411	67.1932336774	59.4389691317	58.5963845352	53.1633189552	65.2017657324	72.524202992	78.4416718185	63.2111904563	74.3614382026	58.5110917888	40.1195263194	46.7788281068	56.0329412315	45.1732465059	55.9737041212	58.1104237659	68.5780778488	55.7448094593	69.387878013	65.334147378	51.1609881958
53.4871498596	67.2534810642	61.5903387265	94.2403082206	69.1668372141	78.7200967962	55.6380449001	66.6182841683	50.5179447573	47.3245203949	79.6133485528	55.8322352863	76.7647096286	69.4743088245	60.3593724367	68.8773862902	67.3267788934	70.6237143196	70.9075626129	53.0369258469	45.2932672873	45.7056691275	80.2445600963	60.4985859487	76.6682446771	83.3041149778	72.5175512885	75.0330181594	59.1220677169	65.0477806321	60.9934120344	72.6907904945	75.1865234589	70.1237795227	56.575522795	48.33598453	68.766157887	78.6385755893	67.0017471364	67.4204298617	59.6994193069	59.577883189	74.9748400395	49.4195455027	68.516888996	79.1010135736	54.5821471731	50.8487607902	45.1715008681	63.1940171745	45.7842688685	71.1026415646	79.5893838672	50.1152680289	66.6647390336	70.9821373218	58.4184027847
53.7941987273	65.190469492	51.4009544737	69.1668372141	94.2403082206	65.0825285393	56.1790275621	66.378939165	51.7976847274	49.6396078776	66.3208971593	48.7339431854	73.2233339717	67.2135331444	57.0080964268	67.1826605753	57.3898912851	74.8089130382	62.2432375607	58.1961937338	40.2403224821	64.9714089678	74.3429748508	59.712188686	67.9162010413	71.3694545488	60.8640376131	68.1145388498	70.7736241	61.9689481515	65.5535189964	54.6534878203	53.7301291805	56.0207630037	54.6158675536	57.0329373514	70.5206101754	70.3866709521	65.193825549	63.6851374462	60.563989883	48.1398532518	66.0127331536	57.1167630024	58.3587967294	78.1570510816	67.1191923329	44.1315831715	52.3106899205	66.7833810222	49.7332828661	58.6873152819	73.180399856	58.5526191835	70.2524231034	65.128436744	43.5627071792
52.3373356083	79.5674897877	80.5624392932	78.7200967962	65.0825285393	94.2403082206	57.5478377412	68.250890607	61.0059468983	52.1191386668	86.0430651042	65.9334194964	71.6206022223	79.1723543758	70.1235719285	63.0953108049	82.3687017595	71.1440871833	82.4375055155	65.7180833094	67.1153253811	46.732214186	81.4349040861	67.3319906552	80.0151369927	86.3358063143	75.6872950419	85.3981811509	52.735914101	72.0898423511	67.0966909077	74.0019655376	71.611388484	75.7098609459	55.6341928818	44.9341250111	72.5949512935	71.8480848772	65.0150444379	67.5253517487	67.2907007246	78.1968953412	87.26295108	66.5845325469	75.3252478915	76.3106288927	50.6278546453	54.4624434822	58.2648396758	57.9218812786	55.9457417891	70.2773611197	83.370886897	65.4768283891	81.4096350638	71.1887693173	59.7762453773
76.8228281527	52.4986942733	52.0220942536	55.6380449001	56.1790275621	57.5478377412	94.2403082206	74.2448919615	77.4409754851	55.6963340458	51.740070382	49.2652991891	55.9133625866	60.5564592491	81.2931556354	65.8018794531	53.7995545569	58.0360600029	59.5025253248	60.9903737789	47.3226233026	61.2143480329	51.4391712827	84.0790326789	54.6477002483	52.0347631801	57.1276635629	61.1486602465	65.9827397056	75.5223106776	53.9064696797	61.1967117479	48.1843855803	61.3490132608	67.8589640215	62.2983097369	59.1964622481	52.4387600442	77.9429572709	72.8927024963	67.1219439881	52.4617241465	53.1618232192	68.320573704	68.242369661	60.2847739789	74.0960535892	38.9935615875	68.9917230269	59.9370115995	69.6403172163	51.7232049457	63.9112594324	69.1241489046	51.2074786957	53.9383046892	48.7517787065
74.4023439431	69.5754063209	61.3613882865	66.6182841683	66.378939165	68.250890607	74.2448919615	94.2403082206	66.5452003733	47.1334330441	65.3200195997	58.0063647419	69.2566969244	71.6652946144	68.6141431797	66.6903791873	60.0496442198	64.2163577733	65.7138666675	58.5186717965	50.2098494077	66.9541201173	67.632776356	73.8654999122	64.3103712853	67.4562936119	68.0973728633	68.7958622403	64.0899900658	71.8795863859	59.8293224642	57.1334539671	58.4343553334	61.7074675665	67.1383916204	56.1377942382	67.9950037159	61.635081872	75.5562236581	73.872123714	65.8115052847	57.8946438126	66.2462585684	73.390868485	74.0516497361	68.0540733465	73.5698040703	40.762619248	61.1502521113	68.3675141067	56.0301296768	55.1777137176	71.9421361737	66.7221094491	65.8933002769	65.5584197924	51.2772696752
70.352285925	56.1573425302	57.8023278757	50.5179447573	51.7976847274	61.0059468983	77.4409754851	66.5452003733	94.2403082206	59.7658955145	53.1130047516	63.0054931132	53.9852988901	63.2538036354	86.1633295047	64.118666602	59.5603449206	50.7326821535	59.8689592209	64.7585818228	66.5477912975	50.8531337059	46.1724491994	85.7035451579	51.9597083412	49.4210162498	50.5905272194	59.8466045644	58.691623934	84.4207249311	51.4675406392	58.368179891	47.9399934178	62.0419708979	60.9705112351	57.0442913002	55.2944052703	49.2094394661	76.5492923381	71.0014601632	71.0239279759	61.2104538907	53.3794035463	73.1829292081	69.6646523239	57.2084394622	65.7288349766	49.6008493944	61.1563968078	52.9792831069	80.0224523645	52.2349635553	65.9808163406	74.3984798505	56.2104421069	52.632916397	45.6484975192
48.6655122477	54.8615952278	47.6229173386	47.3245203949	49.6396078776	52.1191386668	55.6963340458	47.1334330441	59.7658955145	94.2403082206	46.1410348705	52.3748822773	44.6114054615	61.5210752133	61.5608225791	50.7727622051	49.6508036058	52.6596343817	53.9339501034	58.1422115827	56.5571724691	44.6082298397	41.2367413075	63.4128065354	57.1628428003	46.122804555	43.6870992772	49.2303355316	40.5639800042	58.9015746431	45.0016876058	53.1870789894	40.399477856	50.9422360774	45.1895402483	42.6484309557	54.5703505296	40.5527595292	52.7762830099	56.3886790202	60.8827394155	52.0617585158	49.0336739652	57.1338184733	48.8477248649	54.8928390751	49.9824478829	40.4041870745	57.8508922823	54.4943453682	61.4836533994	49.2574881445	52.7732823471	50.7249597264	46.170617304	43.1745886532	42.601514316
48.9154987423	74.8107753902	76.8575916548	79.6133485528	66.3208971593	86.0430651042	51.740070382	65.3200195997	53.1130047516	46.1410348705	94.2403082206	62.3332696965	79.8298021622	79.4472071391	63.3041758468	65.4975838189	83.0342051224	74.0842914617	79.3613836551	59.383185925	57.238740534	44.6303615891	85.5730425094	60.347268548	84.8660084163	86.2278890675	76.5770544887	85.0673287953	55.8793205781	64.429169758	61.1325006048	77.9489278337	74.6866043932	72.1483119904	50.4967805375	42.0951239381	70.9848989494	74.8671879266	63.7667169813	64.9421763219	61.5037367393	71.4801525091	85.6896619949	57.9407689968	75.6613514584	77.3055012516	50.9723923368	49.0124140728	50.2913492482	57.9121409229	49.9823026703	70.9077356139	79.4943660454	56.5064954533	72.8720241173	72.3349444753	56.2736523478
46.6451750162	65.5643969527	63.5199223981	55.8322352863	48.7339431854	65.9334194964	49.2652991891	58.0063647419	63.0054931132	52.3748822773	62.3332696965	94.2403082206	51.816878442	60.0754955558	63.1504850352	52.2555801577	67.623980611	51.3666816798	62.094466081	57.1553257505	67.1331768767	36.8740058686	60.4858144828	60.4896790761	60.6721496569	55.9194858851	59.0584712292	60.7270320493	41.4693150986	66.7904462123	53.7180391658	57.574851184	46.7144939768	51.9287200499	40.1818462967	41.2272038815	52.2202824263	52.9421748423	57.9263499729	56.829510093	64.9352895085	60.0074454168	67.5589666744	56.1168359996	64.4426339543	52.8751226462	41.0545232996	51.4227485638	48.2096259962	41.3921706215	59.9041263623	48.294536088	67.9792553576	59.5113486458	59.4300730027	49.0965269184	49.9403129106
58.8173488174	67.9480164025	60.2404026091	76.7647096286	73.2233339717	71.6206022223	55.9133625866	69.2566969244	53.9852988901	44.6114054615	79.8298021622	51.816878442	94.2403082206	73.8632090032	58.6334197457	69.3354054718	65.0301612197	73.7992215689	70.8345365681	53.1941217107	43.5622519979	52.4877106468	80.524266132	62.1337745286	76.0308579779	80.3385426083	70.2079995672	75.7541273745	66.6814029405	63.3654868193	60.1611754744	67.3533435322	71.4455083128	60.0429040897	57.0638418662	52.823624448	71.4949182894	73.0661018281	69.5817293567	67.4358824349	58.0548967597	55.8375495227	71.2706541612	58.7489364632	70.2128296812	81.7338027019	61.8578830857	44.9968711308	43.9912596354	67.841757587	45.251279346	63.1285403784	72.9023856776	55.5027722081	67.024643056	67.2606912197	52.2595515669
58.6477500484	76.1525137117	75.697316458	69.4743088245	67.2135331444	79.1723543758	60.5564592491	71.6652946144	63.2538036354	61.5210752133	79.4472071391	60.0754955558	73.8632090032	94.2403082206	69.3380313708	69.3746504616	75.8472112381	74.5973301471	76.7534493353	68.3712253699	59.6451848737	49.4513255037	73.8953252366	69.2568270643	79.7122107436	76.3876508487	71.8036619532	82.4449997319	54.6784211528	69.1790779984	61.7906802756	68.3400937212	68.0571337619	66.4473138755	57.0273148524	45.73721029	78.3406222097	66.1827606142	67.2145984214	67.638463729	70.3510956683	72.9390691572	74.5042916952	70.8624467286	72.2235088169	78.013397235	59.8448802361	43.9260075615	58.827434992	67.5200836747	59.585332027	65.8129163825	73.0312948119	65.078537125	73.3441068415	68.6362129299	51.3129620404
67.3005867425	60.3487213824	63.9390074601	60.3593724367	57.0080964268	70.1235719285	81.2931556354	68.6141431797	86.1633295047	61.5608225791	63.3041758468	63.1504850352	58.6334197457	69.3380313708	94.2403082206	65.9992787873	71.2173772589	56.5820315236	67.166706761	69.1853679168	63.1750434705	52.8048384193	56.2569513554	87.4987797051	60.3773526441	59.5539480669	59.9797163594	70.8536069294	58.3072934665	88.1311708247	60.0017080483	66.7977633308	55.6720167009	68.6352431769	62.2561164054	55.9100520529	63.8070122342	56.1754094014	77.9533739248	74.7527907112	73.0310532069	69.0546936129	63.3919612504	72.1503046505	73.83863012	63.198698247	63.3206449346	53.138096269	64.7657100597	55.6676231789	80.9724461122	61.4229659462	73.9320748421	74.8165808916	62.4540791687	58.9344009062	56.440850738
67.5043777564	57.4722020897	52.0294188245	68.8773862902	67.1826605753	63.0953108049	65.8018794531	66.6903791873	64.118666602	50.7727622051	65.4975838189	52.2555801577	69.3354054718	69.3746504616	65.9992787873	94.2403082206	61.9183593988	71.9678365321	63.1091095138	65.8933602591	40.6978973521	58.8261124018	63.7053661927	66.5966116965	65.6690382458	64.7863205035	61.4877990866	68.2704535837	63.6072775878	66.5638373739	62.8486548712	64.7643013291	67.46023716	64.8954594462	64.5686713424	53.4691519722	64.1595367147	71.8357302546	71.2951927792	71.5889135109	65.7234413883	52.3623586279	60.4511271869	62.2671298444	64.0971672877	68.6566829979	72.4400803641	40.7578544225	62.5488332753	66.6726468664	56.3058262599	54.1502855782	73.0125023333	60.392982069	57.8746431569	68.2239482548	51.4434184774
44.1918220565	68.618209178	81.3794825178	67.3267788934	57.3898912851	82.3687017595	53.7995545569	60.0496442198	59.5603449206	49.6508036058	83.0342051224	67.623980611	65.0301612197	75.8472112381	71.2173772589	61.9183593988	94.2403082206	63.82763233	73.3540136332	65.0656761836	69.2837962984	40.8784329439	72.4221162667	61.6116792351	78.1673054071	74.086721203	72.645095849	81.5288125508	45.8433624673	67.7457904131	60.1940965282	74.47752282	65.7583111478	73.7554544535	46.5421520124	36.2892094656	64.7076766186	67.4042425823	58.0745878426	57.6928544001	70.3321073068	75.3071971893	84.0120622423	61.0594365223	73.9397790896	61.6221393962	44.7282873049	50.421253555	60.7505959702	49.9398413537	64.1637999133	65.1574739922	75.9917531529	60.6491842407	69.6285379648	67.8733237091	54.4422557704
57.9400718257	64.6616250429	55.9938645111	70.6237143196	74.8089130382	71.1440871833	58.0360600029	64.2163577733	50.7326821535	52.6596343817	74.0842914617	51.3666816798	73.7992215689	74.5973301471	56.5820315236	71.9678365321	63.82763233	94.2403082206	71.9930978261	61.9890459063	43.1654419821	56.6254131579	76.919752807	58.4941669822	78.3734288182	76.500164393	64.5077874924	79.1486837482	61.9794766346	57.9895320925	69.6686298459	62.6841270246	68.1874565897	62.1404927256	54.8588533978	50.559866326	73.7023004652	68.591088036	60.7074054479	62.7454099536	62.1788695037	59.7153064859	68.8857246559	55.1540046583	57.0844598351	77.630581914	63.4857574668	46.627626373	56.0774271162	66.249533654	50.0763964633	63.837687011	71.7101086827	55.4651888504	64.7898624616	63.2641381718	48.782200792
56.5051843113	74.66177451	74.6773574364	70.9075626129	62.2432375607	82.4375055155	59.5025253248	65.7138666675	59.8689592209	53.9339501034	79.3613836551	62.094466081	70.8345365681	76.7534493353	67.166706761	63.1091095138	73.3540136332	71.9930978261	94.2403082206	71.7288041574	65.5752511423	48.7265448718	75.6450561878	68.5248051457	75.8406723125	80.3694154692	72.0574111871	83.6061997266	47.9263178965	70.1280897311	69.4357766075	71.6252410773	67.4271662768	71.383020901	58.8675329229	47.8231380964	69.2357957182	66.5116625042	67.0759070821	65.4223731814	64.5049723241	73.7804909495	78.0933955398	63.7375905095	74.0286721982	73.523394215	51.7958086106	50.4655745774	58.1271883567	54.7454705882	57.3404319642	64.4411949921	75.5011309517	64.8287978843	74.2900337367	64.2849517306	51.4622907649
56.1297994579	66.8479449219	61.4146822071	53.0369258469	58.1961937338	65.7180833094	60.9903737789	58.5186717965	64.7585818228	58.1422115827	59.383185925	57.1553257505	53.1941217107	68.3712253699	69.1853679168	65.8933602591	65.0656761836	61.9890459063	71.7288041574	94.2403082206	65.0085726501	47.236111594	55.9988736305	67.152620203	59.3374307962	57.6095427575	56.0830905602	72.2618910499	39.6163561405	65.9429478265	65.5337656686	62.9384767718	47.9837331709	63.8997569184	51.9880185719	45.5185820028	55.6660568675	51.8052482402	54.3192132852	61.6645334677	73.489418645	67.6334227817	64.984493091	62.3633808177	65.7267385395	57.6495571514	50.0163262031	50.5163281548	64.1174255651	45.2304655814	72.2665590653	55.9141344402	63.4696418746	62.1613520886	64.0892002412	57.0789724296	39.5866080448
44.053464021	67.0019017665	70.5242688796	45.2932672873	40.2403224821	67.1153253811	47.3226233026	50.2098494077	66.5477912975	56.5571724691	57.238740534	67.1331768767	43.5622519979	59.6451848737	63.1750434705	40.6978973521	69.2837962984	43.1654419821	65.5752511423	65.0085726501	94.2403082206	30.1982340929	49.1761132358	59.2499596886	55.4877400073	53.2251938823	54.9980104933	61.2321119852	28.3338195463	62.0631040143	49.6858737316	59.9588308516	43.2468386024	64.6591540945	44.6187349029	30.0313332921	44.6841435838	44.9326531662	45.8814916174	44.8820756496	68.550200901	66.4498931089	65.1901108158	63.0160848014	62.9991307784	45.3904887976	33.3444710006	52.2543419867	56.8331768439	37.8440897041	67.9046348222	46.9505511863	58.8626404075	57.4183621357	57.8255587553	44.927654594	37.3478661996
62.9717991498	51.6621723357	34.64080425	45.7056691275	64.9714089678	46.732214186	61.2143480329	66.9541201173	50.8531337059	44.6082298397	44.6303615891	36.8740058686	52.4877106468	49.4513255037	52.8048384193	58.8261124018	40.8784329439	56.6254131579	48.7265448718	47.236111594	30.1982340929	94.2403082206	50.2817803212	59.076824272	46.8463292716	47.9717517311	47.8204821554	50.1615713458	61.9249773706	57.4859215341	55.9003585638	39.0957390871	37.791415632	39.1495154399	64.2707290374	58.6531345471	56.2346320524	48.0145438818	62.8589637011	60.9534610397	50.6568939077	38.8033254232	46.5430507347	60.0039428579	44.7936556102	56.1049618946	75.4522402575	35.5348906216	65.3992806555	64.8947555748	47.8774224997	38.933163452	56.0361515768	50.6609698345	56.2162918389	54.6563259632	40.2391668754
48.8654304894	73.8494473818	67.0685434877	80.2445600963	74.3429748508	81.4349040861	51.4391712827	67.632776356	46.1724491994	41.2367413075	85.5730425094	60.4858144828	80.524266132	73.8953252366	56.2569513554	63.7053661927	72.4221162667	76.919752807	75.6450561878	55.9988736305	49.1761132358	50.2817803212	94.2403082206	56.2925318702	80.627610456	86.5605064279	73.9491056336	80.4098671308	60.0552977453	59.5883610675	67.4652232679	67.9798474185	68.3123597817	68.0123724064	54.2646109805	48.9891503003	71.996674235	76.7058406376	62.4818321913	63.7268684302	61.9770141295	60.3596882998	82.0658891269	54.9935206634	68.4594479947	81.7844133293	54.846988616	49.2582597484	47.8960242001	64.9277173136	45.0084069281	65.7447766187	79.0212843052	54.3680631149	73.4489513184	66.597709008	52.0260469614
77.8498713744	63.3628138635	61.5697273272	60.4985859487	59.712188686	67.3319906552	84.0790326789	73.8654999122	85.7035451579	63.4128065354	60.347268548	60.4896790761	62.1337745286	69.2568270643	87.4987797051	66.5966116965	61.6116792351	58.4941669822	68.5248051457	67.152620203	59.2499596886	59.076824272	56.2925318702	94.2403082206	59.5540342159	59.805090406	61.2944337914	66.0007670638	64.5191274453	87.6587516889	58.7886649663	66.422588376	56.14798038	62.8433371385	69.7312543516	64.8851770944	65.0430240429	57.2092156056	84.3282090914	79.7725531153	72.0263991578	65.1565364004	60.6205843657	76.6531175027	74.0291922046	65.7351735034	71.710662115	52.8048237786	64.0599431851	61.124619725	79.1497181449	59.1722638795	72.0095328082	76.1239121716	62.1980999529	59.1258446622	54.5010715673
51.772785928	71.6494195536	75.3878939594	76.6682446771	67.9162010413	80.0151369927	54.6477002483	64.3103712853	51.9597083412	57.1628428003	84.8660084163	60.6721496569	76.0308579779	79.7122107436	60.3773526441	65.6690382458	78.1673054071	78.3734288182	75.8406723125	59.3374307962	55.4877400073	46.8463292716	80.627610456	59.5540342159	94.2403082206	82.4932191729	76.4466229669	79.8764069918	56.679473341	60.5260548729	59.8457092416	74.1860602567	72.8014809134	70.1751482925	51.8361353553	42.173791326	74.3237337952	70.7394524863	59.6795570912	60.8459023094	63.6266594141	66.8445794892	78.302313329	59.8505754115	67.6991946589	73.5084745332	53.9199467558	48.5063204769	55.9049209354	61.4321198583	50.6769408443	68.9418962505	74.7691840345	54.018785181	68.2539537766	71.5926627389	54.6170341238
52.1788580523	74.6269404791	71.2704250739	83.3041149778	71.3694545488	86.3358063143	52.0347631801	67.4562936119	49.4210162498	46.122804555	86.2278890675	55.9194858851	80.3385426083	76.3876508487	59.5539480669	64.7863205035	74.086721203	76.500164393	80.3694154692	57.6095427575	53.2251938823	47.9717517311	86.5605064279	59.805090406	82.4932191729	94.2403082206	74.1693073454	84.2212547014	57.2703463254	64.2551610864	67.3635305691	71.1078831768	76.3280762268	69.1865606689	56.2852789628	44.1705185619	74.8831393824	77.2330847373	63.404813944	65.5602686293	59.3126944565	68.5406664217	81.5471905069	58.9074879944	69.6670749689	81.2441305071	52.1145215803	53.0659043181	48.0870921572	62.1127701493	45.8635299282	71.9771146875	81.9756371328	55.3410680957	75.5618934227	67.8872079505	54.0977042303
56.2113151823	66.9728927672	73.3283693731	72.5175512885	60.8640376131	75.6872950419	57.1276635629	68.0973728633	50.5905272194	43.6870992772	76.5770544887	59.0584712292	70.2079995672	71.8036619532	59.9797163594	61.4877990866	72.645095849	64.5077874924	72.0574111871	56.0830905602	54.9980104933	47.8204821554	73.9491056336	61.2944337914	76.4466229669	74.1693073454	94.2403082206	72.8000463952	48.9264446241	60.827474888	54.7962038778	72.2228695054	65.5011894249	64.9181630965	56.9098310402	39.9868654795	67.6846409348	66.456632923	63.5743216059	58.2286160763	61.036932611	59.5819343087	76.3517741009	62.1004914993	76.234584497	69.1328431058	53.4229739343	43.515310452	59.1468921909	57.6482738095	51.2768948667	66.0546061476	71.0795707823	53.4198110827	64.7952685809	73.687412805	59.7516752396
55.4259768545	74.8297501428	75.9508564583	75.0330181594	68.1145388498	85.3981811509	61.1486602465	68.7958622403	59.8466045644	49.2303355316	85.0673287953	60.7270320493	75.7541273745	82.4449997319	70.8536069294	68.2704535837	81.5288125508	79.1486837482	83.6061997266	72.2618910499	61.2321119852	50.1615713458	80.4098671308	66.0007670638	79.8764069918	84.2212547014	72.8000463952	94.2403082206	54.9979594983	70.7071966512	69.1158841212	72.7482044768	72.2982629302	70.4784972072	55.5102352196	46.2521448202	74.4696187795	70.3937599236	64.8495977438	65.6203304753	68.9797662838	76.2307778044	80.9617891394	63.740457862	73.2892630055	78.4653902869	55.5000609865	50.508854212	58.3886419334	59.5827599544	58.3481549812	70.2628151475	80.5181414782	64.8238271891	76.6736735131	68.5222966315	53.8986930397
63.2371297476	49.8260369268	41.0088775718	59.1220677169	70.7736241	52.735914101	65.9827397056	64.0899900658	58.691623934	40.5639800042	55.8793205781	41.4693150986	66.6814029405	54.6784211528	58.3072934665	63.6072775878	45.8433624673	61.9794766346	47.9263178965	39.6163561405	28.3338195463	61.9249773706	60.0552977453	64.5191274453	56.679473341	57.2703463254	48.9264446241	54.9979594983	94.2403082206	61.8488230723	41.652315892	54.6873871915	50.2212840316	44.1078146331	49.3499908299	66.609283344	61.8412452332	59.5633208877	71.6372209318	65.3072142958	55.3628672131	42.9131582729	49.8340214638	52.6004869696	56.0290105178	66.6852411762	72.3100647912	34.4306572967	53.2958818343	61.6210902618	50.1377687939	49.2183787709	65.2331081669	57.7980396258	52.8776742703	57.3920742626	40.6313004972
68.2538575404	64.3531971395	61.877903752	65.0477806321	61.9689481515	72.0898423511	75.5223106776	71.8795863859	84.4207249311	58.9015746431	64.429169758	66.7904462123	63.3654868193	69.1790779984	88.1311708247	66.5638373739	67.7457904131	57.9895320925	70.1280897311	65.9429478265	62.0631040143	57.4859215341	59.5883610675	87.6587516889	60.5260548729	64.2551610864	60.827474888	70.7071966512	61.8488230723	94.2403082206	61.6735355787	65.1484199451	59.9570293962	64.3817336989	64.3528531477	61.9352851641	64.7686452172	58.9694179266	79.8422126364	77.418520676	72.94807325	70.1097229283	64.8086736815	71.8145378946	72.5654219991	67.4190951358	66.1251786598	62.0017325524	59.4450891147	58.7864757781	78.4344570643	63.8322724122	77.6132435991	75.0889129087	68.5787771925	59.5691182106	58.1077725057
55.3695146665	61.4819103347	52.4726541465	60.9934120344	65.5535189964	67.0966909077	53.9064696797	59.8293224642	51.4675406392	45.0016876058	61.1325006048	53.7180391658	60.1611754744	61.7906802756	60.0017080483	62.8486548712	60.1940965282	69.6686298459	69.4357766075	65.5337656686	49.6858737316	55.9003585638	67.4652232679	58.7886649663	59.8457092416	67.3635305691	54.7962038778	69.1158841212	41.652315892	61.6735355787	94.2403082206	54.9140943615	55.338608263	57.1689204014	64.0287875945	47.0851248161	65.3240195319	62.1948574473	57.6769416705	57.1247979023	59.2616749243	54.0815262531	64.996754535	56.2009414842	57.3073740516	65.3797417679	53.9684130308	51.2452737038	52.8611684389	56.9348398529	52.765775682	55.2239097824	67.3427771489	54.9633287593	65.8305980653	60.5551280212	54.5404397861
53.4451199987	63.5383879207	69.8840001788	72.6907904945	54.6534878203	74.0019655376	61.1967117479	57.1334539671	58.368179891	53.1870789894	77.9489278337	57.574851184	67.3533435322	68.3400937212	66.7977633308	64.7643013291	74.47752282	62.6841270246	71.6252410773	62.9384767718	59.9588308516	39.0957390871	67.9798474185	66.422588376	74.1860602567	71.1078831768	72.2228695054	72.7482044768	54.6873871915	65.1484199451	54.9140943615	94.2403082206	68.7970757287	70.2631431239	51.8778322074	46.8440990671	59.7924935273	69.7117692586	63.6895099626	63.2051544643	65.3588712749	68.3607091498	74.0236599142	52.4560354725	72.1674606248	64.512620931	50.5005251967	45.376051869	57.9993320108	45.6256254534	60.7358793115	69.0805064807	69.5400944368	53.4811672334	54.7007725921	67.6628537109	56.7176235576
50.9159605897	57.8266517536	62.3970411077	75.1865234589	53.7301291805	71.611388484	48.1843855803	58.4343553334	47.9399934178	40.399477856	74.6866043932	46.7144939768	71.4455083128	68.0571337619	55.6720167009	67.46023716	65.7583111478	68.1874565897	67.4271662768	47.9837331709	43.2468386024	37.791415632	68.3123597817	56.14798038	72.8014809134	76.3280762268	65.5011894249	72.2982629302	50.2212840316	59.9570293962	55.338608263	68.7970757287	94.2403082206	63.0614340256	55.9777188897	34.9030829926	65.5943607134	73.0851008345	63.4212597372	61.7206111786	52.9149493428	60.7723381868	64.7280149982	49.3501982255	59.6817314433	66.941535003	49.9384989594	46.0271520481	42.7641929398	58.2945013015	41.3281335477	60.4691891059	73.2114847941	48.3380519893	53.6364909948	58.359524035	58.4809974223
48.9819685128	62.3681648668	67.2202319571	70.1237795227	56.0207630037	75.7098609459	61.3490132608	61.7074675665	62.0419708979	50.9422360774	72.1483119904	51.9287200499	60.0429040897	66.4473138755	68.6352431769	64.8954594462	73.7554544535	62.1404927256	71.383020901	63.8997569184	64.6591540945	39.1495154399	68.0123724064	62.8433371385	70.1751482925	69.1865606689	64.9181630965	70.4784972072	44.1078146331	64.3817336989	57.1689204014	70.2631431239	63.0614340256	94.2403082206	57.9076920283	38.7263799408	56.9817750851	68.208311096	59.2473154053	61.7862366727	70.5783493555	61.6238647691	72.7807483336	59.5555661495	71.1269943381	61.8836151657	50.6908571233	46.4632139294	61.1758056781	52.8551264677	58.8560629858	59.8580333273	72.4263753695	61.8150841758	61.0157342785	59.3224323457	47.8303193924
76.5494438582	51.6686910586	45.8812592976	56.575522795	54.6158675536	55.6341928818	67.8589640215	67.1383916204	60.9705112351	45.1895402483	50.4967805375	40.1818462967	57.0638418662	57.0273148524	62.2561164054	64.5686713424	46.5421520124	54.8588533978	58.8675329229	51.9880185719	44.6187349029	64.2707290374	54.2646109805	69.7312543516	51.8361353553	56.2852789628	56.9098310402	55.5102352196	49.3499908299	64.3528531477	64.0287875945	51.8778322074	55.9777188897	57.9076920283	94.2403082206	47.1125687746	56.1712588937	57.9958768526	71.2104447716	66.5068310548	57.0954669808	44.1154177369	49.9730898204	70.5609103138	55.4913065669	57.341543127	75.3130394408	45.2120434786	61.5729981692	71.7468908172	52.842877861	41.2074601975	62.2576344906	61.918107408	53.8033770189	51.5924218138	54.2090638064
56.1756014803	45.1995361735	34.4118524411	48.33598453	57.0329373514	44.9341250111	62.2983097369	56.1377942382	57.0442913002	42.6484309557	42.0951239381	41.2272038815	52.823624448	45.73721029	55.9100520529	53.4691519722	36.2892094656	50.559866326	47.8231380964	45.5185820028	30.0313332921	58.6531345471	48.9891503003	64.8851770944	42.173791326	44.1705185619	39.9868654795	46.2521448202	66.609283344	61.9352851641	47.0851248161	46.8440990671	34.9030829926	38.7263799408	47.1125687746	94.2403082206	53.2635353318	50.7094362898	64.4589650728	62.2870921646	56.6038263101	38.9123047019	43.6580322922	50.9061900055	48.9880595632	60.2101584429	60.2692261403	37.7934088586	50.3566226288	51.8710305443	52.8067708216	47.3738886459	54.0553378348	53.8720938255	49.7571126336	44.6989534522	41.4878191673
57.9229536458	66.6565739358	67.1932336774	68.766157887	70.5206101754	72.5949512935	59.1964622481	67.9950037159	55.2944052703	54.5703505296	70.9848989494	52.2202824263	71.4949182894	78.3406222097	63.8070122342	64.1595367147	64.7076766186	73.7023004652	69.2357957182	55.6660568675	44.6841435838	56.2346320524	71.996674235	65.0430240429	74.3237337952	74.8831393824	67.6846409348	74.4696187795	61.8412452332	64.7686452172	65.3240195319	59.7924935273	65.5943607134	56.9817750851	56.1712588937	53.2635353318	94.2403082206	63.1796620007	69.3024725512	63.9873801837	60.8111793989	58.8355018531	65.9608897607	65.6623114726	66.7161630596	76.0489287962	60.5767945582	46.3574079356	54.3070324015	66.9925498042	50.3542239054	63.8131121713	71.5825985984	58.1354114282	71.9470976662	70.5234621818	58.0751050712
48.6851607399	62.9868620271	59.4389691317	78.6385755893	70.3866709521	71.8480848772	52.4387600442	61.635081872	49.2094394661	40.5527595292	74.8671879266	52.9421748423	73.0661018281	66.1827606142	56.1754094014	71.8357302546	67.4042425823	68.591088036	66.5116625042	51.8052482402	44.9326531662	48.0145438818	76.7058406376	57.2092156056	70.7394524863	77.2330847373	66.456632923	70.3937599236	59.5633208877	58.9694179266	62.1948574473	69.7117692586	73.0851008345	68.208311096	57.9958768526	50.7094362898	63.1796620007	94.2403082206	64.5403620074	64.3367624446	58.6419260773	56.1285052407	73.6459696692	49.0137632514	62.6003855214	70.4546374959	55.6546221273	46.5382951486	49.8529061165	60.9691454279	46.6943560446	60.9372126613	76.6640549308	52.3971995226	60.265472076	62.5694621853	52.511072033
76.1673340071	62.2525847542	58.5963845352	67.0017471364	65.193825549	65.0150444379	77.9429572709	75.5562236581	76.5492923381	52.7762830099	63.7667169813	57.9263499729	69.5817293567	67.2145984214	77.9533739248	71.2951927792	58.0745878426	60.7074054479	67.0759070821	54.3192132852	45.8814916174	62.8589637011	62.4818321913	84.3282090914	59.6795570912	63.404813944	63.5743216059	64.8495977438	71.6372209318	79.8422126364	57.6769416705	63.6895099626	63.4212597372	59.2473154053	71.2104447716	64.4589650728	69.3024725512	64.5403620074	94.2403082206	80.5207837383	63.3972558728	57.6898046665	59.3062315829	73.4492387448	72.6594261208	69.9138523334	77.103628356	45.6580658552	58.1684443689	67.584930564	62.7297122584	54.1872381093	75.9943662298	70.4391619258	60.1557770645	62.91046719	59.0773467897
71.2493678282	65.4755422962	53.1633189552	67.4204298617	63.6851374462	67.5253517487	72.8927024963	73.872123714	71.0014601632	56.3886790202	64.9421763219	56.829510093	67.4358824349	67.638463729	74.7527907112	71.5889135109	57.6928544001	62.7454099536	65.4223731814	61.6645334677	44.8820756496	60.9534610397	63.7268684302	79.7725531153	60.8459023094	65.5602686293	58.2286160763	65.6203304753	65.3072142958	77.418520676	57.1247979023	63.2051544643	61.7206111786	61.7862366727	66.5068310548	62.2870921646	63.9873801837	64.3367624446	80.5207837383	94.2403082206	62.5705812583	59.6303418696	62.4630870951	68.9119346581	66.1208196899	67.6872196854	71.0895975332	49.5336666056	57.8759976483	69.8354441364	62.0273116802	53.924701626	76.8285454113	70.2063643577	66.1162969439	62.7395566686	50.9160894827
59.282982091	64.6647915322	65.2017657324	59.6994193069	60.563989883	67.2907007246	67.1219439881	65.8115052847	71.0239279759	60.8827394155	61.5037367393	64.9352895085	58.0548967597	70.3510956683	73.0310532069	65.7234413883	70.3321073068	62.1788695037	64.5049723241	73.489418645	68.550200901	50.6568939077	61.9770141295	72.0263991578	63.6266594141	59.3126944565	61.036932611	68.9797662838	55.3628672131	72.94807325	59.2616749243	65.3588712749	52.9149493428	70.5783493555	57.0954669808	56.6038263101	60.8111793989	58.6419260773	63.3972558728	62.5705812583	94.2403082206	66.1519123081	66.1585275316	70.3058862226	69.0742668172	61.7396043809	61.8549479867	51.0011436702	73.6025196371	60.1199360706	77.8552332876	57.4678164443	68.3978311135	64.9512527513	61.5828292119	55.9399276116	48.5787331134
45.3700801258	72.8236272411	72.524202992	59.577883189	48.1398532518	78.1968953412	52.4617241465	57.8946438126	61.2104538907	52.0617585158	71.4801525091	60.0074454168	55.8375495227	72.9390691572	69.0546936129	52.3623586279	75.3071971893	59.7153064859	73.7804909495	67.6334227817	66.4498931089	38.8033254232	60.3596882998	65.1565364004	66.8445794892	68.5406664217	59.5819343087	76.2307778044	42.9131582729	70.1097229283	54.0815262531	68.3607091498	60.7723381868	61.6238647691	44.1154177369	38.9123047019	58.8355018531	56.1285052407	57.6898046665	59.6303418696	66.1519123081	94.2403082206	71.3352548705	61.4290480397	61.9286669063	59.2004207409	42.0220055316	54.3907034398	54.5348113593	42.0261421033	61.9520913422	64.1834876201	67.121878075	60.5407904502	67.2553933899	53.9015353149	53.114125982
49.3986095899	80.4058607485	78.4416718185	74.9748400395	66.0127331536	87.26295108	53.1618232192	66.2462585684	53.3794035463	49.0336739652	85.6896619949	67.5589666744	71.2706541612	74.5042916952	63.3919612504	60.4511271869	84.0120622423	68.8857246559	78.0933955398	64.984493091	65.1901108158	46.5430507347	82.0658891269	60.6205843657	78.302313329	81.5471905069	76.3517741009	80.9617891394	49.8340214638	64.8086736815	64.996754535	74.0236599142	64.7280149982	72.7807483336	49.9730898204	43.6580322922	65.9608897607	73.6459696692	59.3062315829	62.4630870951	66.1585275316	71.3352548705	94.2403082206	59.489950232	73.7905027549	70.6037191224	46.9876094804	50.029119709	57.5463037609	52.8213111838	54.4191940259	66.0791086442	79.704048758	59.4094579878	78.1448391509	69.7432234093	51.0082024684
75.3996918934	67.9825073875	63.2111904563	49.4195455027	57.1167630024	66.5845325469	68.320573704	73.390868485	73.1829292081	57.1338184733	57.9407689968	56.1168359996	58.7489364632	70.8624467286	72.1503046505	62.2671298444	61.0594365223	55.1540046583	63.7375905095	62.3633808177	63.0160848014	60.0039428579	54.9935206634	76.6531175027	59.8505754115	58.9074879944	62.1004914993	63.740457862	52.6004869696	71.8145378946	56.2009414842	52.4560354725	49.3501982255	59.5555661495	70.5609103138	50.9061900055	65.6623114726	49.0137632514	73.4492387448	68.9119346581	70.3058862226	61.4290480397	59.489950232	94.2403082206	66.2946839508	58.6321445518	69.6301724318	46.3646028253	67.7553798921	66.7042365907	64.8683042693	46.3211208227	66.8686427164	71.9806267635	65.340524309	58.7711669248	51.0945514766
60.9372902662	66.8575936128	74.3614382026	68.516888996	58.3587967294	75.3252478915	68.242369661	74.0516497361	69.6646523239	48.8477248649	75.6613514584	64.4426339543	70.2128296812	72.2235088169	73.83863012	64.0971672877	73.9397790896	57.0844598351	74.0286721982	65.7267385395	62.9991307784	44.7936556102	68.4594479947	74.0291922046	67.6991946589	69.6670749689	76.234584497	73.2892630055	56.0290105178	72.5654219991	57.3073740516	72.1674606248	59.6817314433	71.1269943381	55.4913065669	48.9880595632	66.7161630596	62.6003855214	72.6594261208	66.1208196899	69.0742668172	61.9286669063	73.7905027549	66.2946839508	94.2403082206	65.5776190148	56.7924401851	45.5611712897	56.5689495012	53.5523828427	63.1270623729	62.703466673	73.0332314733	66.4384530334	65.991825445	72.944395496	49.9852264735
57.2546561489	69.72092695	58.5110917888	79.1010135736	78.1570510816	76.3106288927	60.2847739789	68.0540733465	57.2084394622	54.8928390751	77.3055012516	52.8751226462	81.7338027019	78.013397235	63.198698247	68.6566829979	61.6221393962	77.630581914	73.523394215	57.6495571514	45.3904887976	56.1049618946	81.7844133293	65.7351735034	73.5084745332	81.2441305071	69.1328431058	78.4653902869	66.6852411762	67.4190951358	65.3797417679	64.512620931	66.941535003	61.8836151657	57.341543127	60.2101584429	76.0489287962	70.4546374959	69.9138523334	67.6872196854	61.7396043809	59.2004207409	70.6037191224	58.6321445518	65.5776190148	94.2403082206	62.9753219825	46.2415422613	51.7572766244	70.2302612469	49.1731158185	70.5686482719	76.1437655572	59.0168062803	71.8114048537	64.6978581033	54.0338215701
78.7256262601	51.7366938925	40.1195263194	54.5821471731	67.1191923329	50.6278546453	74.0960535892	73.5698040703	65.7288349766	49.9824478829	50.9723923368	41.0545232996	61.8578830857	59.8448802361	63.3206449346	72.4400803641	44.7282873049	63.4857574668	51.7958086106	50.0163262031	33.3444710006	75.4522402575	54.846988616	71.710662115	53.9199467558	52.1145215803	53.4229739343	55.5000609865	72.3100647912	66.1251786598	53.9684130308	50.5005251967	49.9384989594	50.6908571233	75.3130394408	60.2692261403	60.5767945582	55.6546221273	77.103628356	71.0895975332	61.8549479867	42.0220055316	46.9876094804	69.6301724318	56.7924401851	62.9753219825	94.2403082206	33.0266016802	68.2118133681	76.3395882578	55.8592716059	43.1919446913	63.3153673296	65.2887180325	53.4622636804	57.2873175871	47.1972108466
42.2948767312	45.8794352627	46.7788281068	50.8487607902	44.1315831715	54.4624434822	38.9935615875	40.762619248	49.6008493944	40.4041870745	49.0124140728	51.4227485638	44.9968711308	43.9260075615	53.138096269	40.7578544225	50.421253555	46.627626373	50.4655745774	50.5163281548	52.2543419867	35.5348906216	49.2582597484	52.8048237786	48.5063204769	53.0659043181	43.515310452	50.508854212	34.4306572967	62.0017325524	51.2452737038	45.376051869	46.0271520481	46.4632139294	45.2120434786	37.7934088586	46.3574079356	46.5382951486	45.6580658552	49.5336666056	51.0011436702	54.3907034398	50.029119709	46.3646028253	45.5611712897	46.2415422613	33.0266016802	94.2403082206	34.9661941343	41.8380648424	60.9454306412	59.2021264908	57.2138904681	41.5750018073	50.8082837526	43.1456168092	39.1125188394
64.3601330464	52.1093262477	56.0329412315	45.1715008681	52.3106899205	58.2648396758	68.9917230269	61.1502521113	61.1563968078	57.8508922823	50.2913492482	48.2096259962	43.9912596354	58.827434992	64.7657100597	62.5488332753	60.7505959702	56.0774271162	58.1271883567	64.1174255651	56.8331768439	65.3992806555	47.8960242001	64.0599431851	55.9049209354	48.0870921572	59.1468921909	58.3886419334	53.2958818343	59.4450891147	52.8611684389	57.9993320108	42.7641929398	61.1758056781	61.5729981692	50.3566226288	54.3070324015	49.8529061165	58.1684443689	57.8759976483	73.6025196371	54.5348113593	57.5463037609	67.7553798921	56.5689495012	51.7572766244	68.2118133681	34.9661941343	94.2403082206	59.5037698744	66.309191119	46.5372964157	58.8395359868	61.3689334768	55.8788943738	55.7271499566	45.0913524845
