Tissue	braincerebellum
N_samples	102
Chr	10
Gene	ENSG00000171314.8
SNP	rs4919093
Gene_list	ENSG00000078369.13	ENSG00000134333.9	ENSG00000133872.9	ENSG00000152234.11	ENSG00000106153.12	ENSG00000171314.8
Gene expression stats (Y^T * Y): 
94.2403082206	43.8013840134	43.0459820239	40.7605027807	33.8733256326	57.5423663447
43.8013840134	94.2403082206	39.1320935703	57.3741519524	42.6868295508	59.4730574963
43.0459820239	39.1320935703	94.2403082206	45.5951963281	44.8844865526	57.4053872261
40.7605027807	57.3741519524	45.5951963281	94.2403082206	47.9286313219	57.8618386913
33.8733256326	42.6868295508	44.8844865526	47.9286313219	94.2403082206	62.0489893179
57.5423663447	59.4730574963	57.4053872261	57.8618386913	62.0489893179	94.2403082206
Genotype stats (X^T * X): 	19.3431372549
Gene expression - Genotype stats (Y^T * X): 
9.6801441457	7.95036159529	7.17884910707	12.6833016971	6.71419905211	12.9666136578