Tissue	braincerebellum
N_samples	102
Chr	16
Gene	ENSG00000127588.4
SNP	rs112992693
Gene_list	ENSG00000127588.4	ENSG00000074370.13	ENSG00000168824.10	ENSG00000150995.13	ENSG00000116237.11	ENSG00000187017.10	ENSG00000173482.12	ENSG00000174788.5	ENSG00000188803.10	ENSG00000105143.8	ENSG00000187664.8	ENSG00000175445.10	ENSG00000109107.9	ENSG00000253304.1	ENSG00000100285.9	ENSG00000171189.12	ENSG00000106341.6	ENSG00000128245.10	ENSG00000133424.16	ENSG00000100362.8	ENSG00000161381.9	ENSG00000214694.6	ENSG00000187595.10	ENSG00000183036.6	ENSG00000137166.10	ENSG00000137825.6	ENSG00000149091.11	ENSG00000100422.9	ENSG00000006283.13	ENSG00000126583.6	ENSG00000178538.5	ENSG00000174871.6	ENSG00000156113.16	ENSG00000173267.9	ENSG00000003249.9	ENSG00000104327.3	ENSG00000110675.8	ENSG00000139438.5	ENSG00000144136.6	ENSG00000119411.10	ENSG00000109956.8	ENSG00000068383.14	ENSG00000016402.8	ENSG00000146005.3	ENSG00000236279.2	ENSG00000175040.4	ENSG00000070808.11	ENSG00000187957.7
Gene expression stats (Y^T * Y): 
94.2403082206	78.011340496	73.5639790659	75.846511877	60.6360771372	61.6310641072	66.0051746718	67.6753411729	67.6317233755	78.537727855	65.2561481224	63.3670813653	74.2764483495	62.6450851638	60.6011295454	57.1703391932	71.9680617588	61.034397229	66.4644233794	70.1103409903	63.7201784597	64.4118445384	72.8791023171	66.761616727	57.4763745471	61.2818522935	60.807735496	68.3522241414	78.1105122274	73.9222955668	73.3382608187	57.9213527569	64.2886053764	69.5599224562	60.5953700494	74.9951868922	68.3148398331	59.6473963138	57.2212617161	57.2949467116	62.17490337	79.1942677335	59.4455893963	63.4109343809	71.7412610384	72.9940523088	57.3033070358	61.0802868129
78.011340496	94.2403082206	73.2768935337	85.6749719688	72.3636135438	65.5046896711	80.7577479277	74.3911581098	69.6228095049	86.086761835	82.0369796181	71.9172587306	81.5983481112	76.2897921471	64.0526387272	70.4973205143	80.7958900862	71.4389872307	82.6849857575	75.7368897724	74.682402665	73.4392367287	82.5910938251	79.1274207927	67.1948474829	75.2983510321	69.0928406292	71.9420301607	90.4409757163	83.6083993639	83.7390313433	62.3683712456	67.1872576666	70.1955025323	67.3176410047	82.2069699233	71.2267968759	70.8390045172	73.1868637061	69.4542679256	71.0959067861	76.7165529694	63.8459376599	66.6978636476	79.7893431481	83.8286658766	68.9395970136	69.009772851
73.5639790659	73.2768935337	94.2403082206	76.7356880003	55.9378580414	50.208536881	59.7118500726	58.4462589049	57.568441767	75.0404016821	62.3643300186	68.9906901493	73.3658203759	58.1774951655	72.3897526497	55.6449111077	76.6995729888	68.1297236373	68.9552226631	70.3031297477	59.0416034209	57.0945254061	63.8142589006	69.3504927453	53.8005770996	54.03224836	52.4410076354	73.6120761313	72.4244600297	76.3017924869	76.8332563179	50.9373087201	56.6498355355	63.9545276273	44.6297722967	77.0679448827	77.4769422508	50.0449787387	61.8227479923	55.0814940104	52.4248220979	72.2564176355	48.6567364181	60.6059197996	72.5852949442	66.7179261846	54.5161729578	65.2502219523
75.846511877	85.6749719688	76.7356880003	94.2403082206	67.9849026966	56.4047178794	76.5626963438	63.285823639	65.7403291242	83.1036716139	74.5066780965	71.6759384178	81.5457522547	69.3745584364	69.0019438505	62.9971137384	81.2523645054	78.7233260239	76.5301812481	70.6790367577	69.0155179653	66.9075765713	72.048029985	79.5562058133	59.5441764945	62.0128295546	63.2047049031	71.0209170281	84.3275480585	80.4088955502	84.8613842085	57.4356436598	60.5591878794	66.4556601446	56.0891606451	88.7490802331	73.7254611346	59.7639110239	68.4774589152	57.6410569609	68.8197648989	74.2827076677	56.8235755126	70.9907932813	74.8576297338	73.8708946721	58.8684806756	76.0706502332
60.6360771372	72.3636135438	55.9378580414	67.9849026966	94.2403082206	57.606125184	68.4398759093	53.0433888829	61.3708465017	62.3814459085	74.2974339877	58.3167703827	59.1604030146	60.8162957543	60.9851036789	64.1473217557	67.631199279	54.7465520964	71.6062836418	56.8039003062	64.7599701068	67.3467497226	69.5000676925	56.1561107902	57.9265921884	65.7929623258	55.7525324305	62.8083774227	77.011677603	66.1079207089	73.450016575	52.5056067626	68.5438378291	57.0709853648	53.5470191217	66.4479220028	53.2248526857	61.0419090936	64.2334875774	74.3270901001	53.1240986724	65.5607504844	63.6482091411	48.7212903042	61.8304460295	75.4621856072	61.9094158653	49.6243192559
61.6310641072	65.5046896711	50.208536881	56.4047178794	57.606125184	94.2403082206	59.237943371	59.856654067	53.7518537914	56.8573719497	56.0287091471	48.1267590418	50.7040083023	52.1010444418	40.4529860738	47.617121185	50.0308514963	41.8382308936	59.0167799721	58.6606357932	64.813864746	71.26534919	66.3645621723	56.9648427282	51.0314827549	59.2673851168	63.5080439524	62.7055094015	69.7573633991	54.0096903653	47.7568785386	60.5269788492	60.8598956571	56.0252465132	62.5991228108	50.5202439066	46.5952626222	63.2088747261	42.1735433688	63.6060621152	60.4345641496	60.2528006648	49.6877276273	44.3952883639	56.6244421929	73.0883977592	63.0113416195	37.4742517064
66.0051746718	80.7577479277	59.7118500726	76.5626963438	68.4398759093	59.237943371	94.2403082206	64.2799901492	62.5811637076	73.3845401231	73.3715374404	68.7708152794	69.1635499101	67.5252054891	55.5089698456	63.0552873764	65.9312257208	63.0514514421	71.7689618832	67.1582305546	68.0212898008	71.4582800012	71.5309892762	72.0483373087	56.6770101729	66.6560761702	71.234255062	61.082395069	79.8440141431	70.4505867051	74.0210355575	60.1651451788	61.2835694659	65.7522997696	60.7384513557	72.8438920828	59.1460606273	64.4506261382	62.829908891	63.6815592432	65.2468267026	65.9442089356	53.6122254691	58.5402625685	63.7826952588	75.9518191633	60.7061265773	65.3420143242
67.6753411729	74.3911581098	58.4462589049	63.285823639	53.0433888829	59.856654067	64.2799901492	94.2403082206	47.2272878563	76.9097051543	58.9916555952	51.8106910974	72.9591246614	53.44864703	49.0927796216	48.8490604318	53.4380650612	63.1445701083	55.7364279379	79.9077599665	54.7157225653	67.1858359457	66.1136085914	75.1661339709	44.3605781202	63.5361057417	73.5376123003	56.3916434134	69.7630922136	67.1392122658	62.5724307082	57.5817947022	61.4743398231	73.0017903029	60.2355444413	61.3643151413	48.355595011	63.5711810505	50.0065671008	54.5788135358	63.067602278	67.7902379078	45.3271019957	52.13772927	62.6109808794	67.8049385309	52.0558505729	57.8341912565
67.6317233755	69.6228095049	57.568441767	65.7403291242	61.3708465017	53.7518537914	62.5811637076	47.2272878563	94.2403082206	64.3558658417	66.166160043	54.543046733	60.8294308807	56.124757742	53.5349870275	60.3767815892	63.6989161717	49.3617904158	70.4150956456	55.4466720466	62.2208808045	57.2518855656	72.6842837731	51.4723842163	57.4957440359	52.1000229229	55.989026236	61.0495677586	72.5055102985	66.6435473613	64.1053547135	53.3769851065	59.2350377115	54.9346168189	53.7357078148	61.8242698536	64.6446832119	56.9085801307	54.4923165315	52.4247708183	54.8055055935	62.595749513	52.0500072313	60.14369483	60.0793821565	67.1958091971	64.5420305956	51.3713086616
78.537727855	86.086761835	75.0404016821	83.1036716139	62.3814459085	56.8573719497	73.3845401231	76.9097051543	64.3558658417	94.2403082206	75.1079931622	66.9221951054	85.9116571614	68.4557117867	62.6750777624	62.427154979	77.7550922992	77.4340769552	75.7299254442	77.5836049204	66.5922899605	64.3533247023	72.0576788863	81.9808816256	55.2604242575	66.1550005774	65.7094290519	65.5603165269	82.4866226945	80.7751610872	82.6863088391	54.9045539034	57.4663347973	72.7912114482	61.7389441582	81.9124974376	68.0269825878	63.1629876432	66.5730193361	58.4438957976	63.6232642853	75.0300193893	55.1926020087	64.5007534602	73.131070299	73.7793729383	57.7584454072	75.7331078092
65.2561481224	82.0369796181	62.3643300186	74.5066780965	74.2974339877	56.0287091471	73.3715374404	58.9916555952	66.166160043	75.1079931622	94.2403082206	67.4104053698	70.6520560543	66.8743594252	64.7550659317	64.1033116248	72.8303530226	61.4060153279	80.1124373961	63.3152701492	69.7219747474	63.9683778267	78.8012137098	64.8888608236	61.4965507554	72.7466858959	58.6659852812	61.6448482282	81.4928954046	78.7342509662	76.8611322621	52.7455737034	61.9449367782	63.0811612161	61.0083585826	70.4823875005	65.7125617475	67.7506943271	70.5556664864	68.4962850457	57.0166826159	64.1368448039	56.7845686576	53.7787344433	69.1342926063	78.1272138182	65.9238022942	57.1297357497
63.3670813653	71.9172587306	68.9906901493	71.6759384178	58.3167703827	48.1267590418	68.7708152794	51.8106910974	54.543046733	66.9221951054	67.4104053698	94.2403082206	67.3669541161	63.7120150232	69.0134712218	51.9191356483	69.5002424873	58.4082992851	67.9980307041	63.808191692	61.3544694806	64.3830026356	69.9581652208	64.6295511985	45.364523411	57.6342345183	58.6510947915	68.8692293426	72.6082010793	77.3982017416	74.8181354568	51.079914927	52.5922206646	57.0876303571	50.1531520864	72.1391565126	78.6571015533	53.344339386	67.3569654148	57.0675417596	55.4685497136	58.9895019734	46.221232517	53.267194474	70.7562930795	71.5624997818	55.1943891055	68.1429141173
74.2764483495	81.5983481112	73.3658203759	81.5457522547	59.1604030146	50.7040083023	69.1635499101	72.9591246614	60.8294308807	85.9116571614	70.6520560543	67.3669541161	94.2403082206	61.9051985392	70.3425895494	57.0355305854	79.2068500397	70.1002061539	73.4191369133	79.2261588593	64.1179108647	61.3589316878	68.5639561311	78.6381779834	47.8671940792	55.0303335203	64.3057137779	66.7517047232	77.3377925628	80.996792077	82.1038144503	53.6282641541	53.359246436	76.4754075373	54.0171040776	78.5810397161	69.7195941845	52.4012395194	65.7951333658	55.8440914937	63.6446877961	68.4053109901	49.9860936815	73.1315456054	73.9920778525	67.7828645533	56.0443175947	75.480796943
62.6450851638	76.2897921471	58.1774951655	69.3745584364	60.8162957543	52.1010444418	67.5252054891	53.44864703	56.124757742	68.4557117867	66.8743594252	63.7120150232	61.9051985392	94.2403082206	43.323843685	76.4925678706	73.0492545324	55.9423338126	76.9142661287	49.4421919415	64.5815058756	53.4250204695	65.8215367201	62.7156286438	62.8548622592	73.2675966067	45.381560406	51.8568996108	75.4449093424	60.9638123696	73.2582111714	45.3558120166	51.9786071238	47.1613650341	53.2143307566	69.4781633227	56.0876788369	58.8995737767	69.8838269085	62.0576825136	49.0318453158	64.5359370455	67.6996575748	54.9640704152	61.7277177224	71.3468598463	53.4969297236	49.5203181759
60.6011295454	64.0526387272	72.3897526497	69.0019438505	60.9851036789	40.4529860738	55.5089698456	49.0927796216	53.5349870275	62.6750777624	64.7550659317	69.0134712218	70.3425895494	43.323843685	94.2403082206	40.2805903992	68.8688941403	56.7527699485	59.7580635147	67.4469343934	59.8014587927	55.1713234176	62.7987219473	59.0533279969	46.5594483417	42.9788230734	51.6277060846	69.7017887387	65.0212642429	79.1845258387	70.4607483558	46.1571802798	56.9034845049	68.7342690942	43.2090937744	67.6694320981	76.2526014344	45.0770007574	60.0505713337	53.5031673101	47.3641863915	57.2459134403	39.6932880611	50.5803250441	69.1635129454	60.3827944802	54.8074010339	63.7202307724
57.1703391932	70.4973205143	55.6449111077	62.9971137384	64.1473217557	47.617121185	63.0552873764	48.8490604318	60.3767815892	62.427154979	64.1033116248	51.9191356483	57.0355305854	76.4925678706	40.2805903992	94.2403082206	69.0060097836	48.3139387351	76.6038466474	43.5622680025	60.3881148545	46.9073453624	61.3415619004	53.8157087905	61.1386209138	69.5293551603	39.8143902865	48.2708982555	71.4049886831	52.8978150563	71.438915889	41.1989476286	51.002752579	42.976417706	47.3419483166	63.1047737142	49.3366275587	51.7286299405	70.3300363108	63.8907591177	40.2851134874	61.0052770235	75.3226052462	51.3884636305	52.7309561112	66.4567389252	56.6214416823	39.2965572501
71.9680617588	80.7958900862	76.6995729888	81.2523645054	67.631199279	50.0308514963	65.9312257208	53.4380650612	63.6989161717	77.7550922992	72.8303530226	69.5002424873	79.2068500397	73.0492545324	68.8688941403	69.0060097836	94.2403082206	69.0018453774	83.6867006528	66.8716283309	66.2253979228	57.8780456992	70.1314864607	70.7470917519	55.3423973084	60.0562410536	49.4456155871	71.9712728714	79.9700336706	77.8113320316	86.8910399503	51.503717746	52.9126948072	60.5909545187	49.8529696425	84.5170083457	72.8281612534	51.1543495176	71.3819444528	61.8248799436	55.2184991644	70.5337231689	61.3719370757	64.7238918696	77.2066720408	72.3541596975	58.3099893244	64.3999109637
61.034397229	71.4389872307	68.1297236373	78.7233260239	54.7465520964	41.8382308936	63.0514514421	63.1445701083	49.3617904158	77.4340769552	61.4060153279	58.4082992851	70.1002061539	55.9423338126	56.7527699485	48.3139387351	69.0018453774	94.2403082206	62.6755088473	68.939138162	53.5123426677	58.4227657441	58.1472466371	80.1978421742	41.0654485824	51.4577507505	49.5816359631	53.9699944377	68.1585505806	70.5947475688	75.0716215116	46.2759357692	46.7943839321	58.2596116574	49.5761630328	82.5883861317	58.6678067375	46.5725376457	58.0967941858	45.4523595728	51.1668101917	64.6573779667	44.1668146908	55.326397001	60.4947710477	59.7383065832	44.2265997719	71.4380723006
66.4644233794	82.6849857575	68.9552226631	76.5301812481	71.6062836418	59.0167799721	71.7689618832	55.7364279379	70.4150956456	75.7299254442	80.1124373961	67.9980307041	73.4191369133	76.9142661287	59.7580635147	76.6038466474	83.6867006528	62.6755088473	94.2403082206	62.4339076776	71.7510754725	65.8338835442	76.8704800402	69.7948690585	60.5103540002	72.5909861721	54.5417255166	66.9875600084	84.5375429923	73.9385343054	82.2410476466	53.6655136007	60.0196668328	58.6005207411	55.7291761131	77.3247360529	68.2926657797	62.5102796957	72.5869905881	71.9925861224	57.6544490779	67.7692542745	63.8703927754	59.091351307	73.398564907	78.5252553097	65.8649176493	57.8186524459
70.1103409903	75.7368897724	70.3031297477	70.6790367577	56.8039003062	58.6606357932	67.1582305546	79.9077599665	55.4466720466	77.5836049204	63.3152701492	63.808191692	79.2261588593	49.4421919415	67.4469343934	43.5622680025	66.8716283309	68.939138162	62.4339076776	94.2403082206	65.3970575363	73.4267909981	72.625127561	81.0282511801	44.0128704984	55.9115664037	73.0578470478	71.9272544358	72.9244676315	79.7070501508	69.5148910936	65.7066974484	62.1958428713	80.0905467029	60.3970446635	70.1910101279	66.0896312608	59.1724770165	50.7501142816	56.8125874185	66.5783627896	67.2473647131	37.8502776623	57.9144122592	71.8759565622	71.5800125224	55.1540908466	68.7070636221
63.7201784597	74.682402665	59.0416034209	69.0155179653	64.7599701068	64.813864746	68.0212898008	54.7157225653	62.2208808045	66.5922899605	69.7219747474	61.3544694806	64.1179108647	64.5815058756	59.8014587927	60.3881148545	66.2253979228	53.5123426677	71.7510754725	65.3970575363	94.2403082206	65.2288293965	72.9920635191	61.1332660004	64.1834917862	65.578215018	62.0095986356	63.355293126	76.2219635667	68.5097246276	64.875955855	60.8854438349	64.0302907883	59.9121262759	59.2245537828	62.3914025996	64.3336908033	62.9265799359	60.1661863204	69.5611824434	55.6729493714	56.592151707	58.7746211398	53.3521402244	66.3445125787	75.7029105718	67.7116644026	48.8771651059
64.4118445384	73.4392367287	57.0945254061	66.9075765713	67.3467497226	71.26534919	71.4582800012	67.1858359457	57.2518855656	64.3533247023	63.9683778267	64.3830026356	61.3589316878	53.4250204695	55.1713234176	46.9073453624	57.8780456992	58.4227657441	65.8338835442	73.4267909981	65.2288293965	94.2403082206	75.9859247666	73.006941667	46.9175920157	63.1004698924	71.6395219342	70.0540456992	76.1961182804	70.738178403	62.3749049926	72.3242015871	65.4761762551	65.024975378	62.9481037005	65.8717175499	57.5841055106	67.4522456456	47.6743146905	63.2023173009	70.9247120349	67.55257587	41.2575954057	51.3333863919	67.6095807638	78.4379157856	66.2382073309	58.7468840728
72.8791023171	82.5910938251	63.8142589006	72.048029985	69.5000676925	66.3645621723	71.5309892762	66.1136085914	72.6842837731	72.0576788863	78.8012137098	69.9581652208	68.5639561311	65.8215367201	62.7987219473	61.3415619004	70.1314864607	58.1472466371	76.8704800402	72.625127561	72.9920635191	75.9859247666	94.2403082206	65.5876566371	60.0034310321	69.7048247801	66.074125758	74.1020820123	83.7116052206	80.9684099649	70.8860251996	66.2215143717	67.4539872395	63.4962750517	65.0789147461	69.7490104204	72.0606839865	72.6037918795	62.4008353087	68.6268733533	66.5618666042	72.9509601067	54.1273610025	57.4915720173	75.7792866726	83.0917173949	71.7126742078	56.3574748123
66.761616727	79.1274207927	69.3504927453	79.5562058133	56.1561107902	56.9648427282	72.0483373087	75.1661339709	51.4723842163	81.9808816256	64.8888608236	64.6295511985	78.6381779834	62.7156286438	59.0533279969	53.8157087905	70.7470917519	80.1978421742	69.7948690585	81.0282511801	61.1332660004	73.006941667	65.5876566371	94.2403082206	41.7311264809	60.2968632475	66.1932511474	64.8817509002	75.9237878311	74.9164134863	75.4875279609	58.4405832354	57.7101559662	69.5184790195	58.7511071169	80.7461057363	61.3265194599	60.3988896224	60.956227003	55.3362171612	65.7196939002	68.8331919982	44.5477909269	56.2279803826	66.7755982401	71.3845091687	50.1632574436	74.3763805333
57.4763745471	67.1948474829	53.8005770996	59.5441764945	57.9265921884	51.0314827549	56.6770101729	44.3605781202	57.4957440359	55.2604242575	61.4965507554	45.364523411	47.8671940792	62.8548622592	46.5594483417	61.1386209138	55.3423973084	41.0654485824	60.5103540002	44.0128704984	64.1834917862	46.9175920157	60.0034310321	41.7311264809	94.2403082206	61.1501193306	43.019174577	50.0223627611	67.0900670303	55.3471000878	58.3225431984	46.6312996162	56.8765155182	45.2073892967	46.7073366293	52.3047397234	49.4263038397	60.3010095165	55.9774115887	57.9280756236	45.5543012577	53.4924089703	60.0329143989	45.4395339885	56.5094592309	62.3013511743	63.7624355444	33.7534529969
61.2818522935	75.2983510321	54.03224836	62.0128295546	65.7929623258	59.2673851168	66.6560761702	63.5361057417	52.1000229229	66.1550005774	72.7466858959	57.6342345183	55.0303335203	73.2675966067	42.9788230734	69.5293551603	60.0562410536	51.4577507505	72.5909861721	55.9115664037	65.578215018	63.1004698924	69.7048247801	60.2968632475	61.1501193306	94.2403082206	52.8621248425	51.8773188159	75.4698249918	63.1436619402	65.3080708104	48.0624606658	64.3388617414	56.7142548496	58.1377965556	62.5057448047	49.0178405483	69.9882240401	61.0444324714	63.6946155971	51.0165982925	64.7160089801	68.1490927307	47.1713673077	61.1527437456	76.9018592947	58.2671982105	45.1868063184
60.807735496	69.0928406292	52.4410076354	63.2047049031	55.7525324305	63.5080439524	71.234255062	73.5376123003	55.989026236	65.7094290519	58.6659852812	58.6510947915	64.3057137779	45.381560406	51.6277060846	39.8143902865	49.4456155871	49.5816359631	54.5417255166	73.0578470478	62.0095986356	71.6395219342	66.074125758	66.1932511474	43.019174577	52.8621248425	94.2403082206	65.3401842215	68.4053796295	64.2549937111	55.8353583879	70.2348705247	62.5257403562	67.3536590845	54.3316244105	57.2056761849	54.6925869178	64.2684189316	43.9947262949	58.9008977752	70.8640374095	58.3898970666	35.438896475	51.0619694602	62.105649142	70.4512458705	56.6026314837	62.1127537188
68.3522241414	71.9420301607	73.6120761313	71.0209170281	62.8083774227	62.7055094015	61.082395069	56.3916434134	61.0495677586	65.5603165269	61.6448482282	68.8692293426	66.7517047232	51.8568996108	69.7017887387	48.2708982555	71.9712728714	53.9699944377	66.9875600084	71.9272544358	63.355293126	70.0540456992	74.1020820123	64.8817509002	50.0223627611	51.8773188159	65.3401842215	94.2403082206	75.4199797373	75.7507742527	67.5013008042	68.6921269868	65.5909703345	57.8843180616	52.7804799791	70.0416529715	74.596688071	60.4531022607	52.2499933478	65.1034894364	70.9956427905	71.5626676487	44.7956142268	54.8978664754	79.2614886696	76.2715920284	62.687323419	60.5026255076
78.1105122274	90.4409757163	72.4244600297	84.3275480585	77.011677603	69.7573633991	79.8440141431	69.7630922136	72.5055102985	82.4866226945	81.4928954046	72.6082010793	77.3377925628	75.4449093424	65.0212642429	71.4049886831	79.9700336706	68.1585505806	84.5375429923	72.9244676315	76.2219635667	76.1961182804	83.7116052206	75.9237878311	67.0900670303	75.4698249918	68.4053796295	75.4199797373	94.2403082206	80.8631835091	81.9668045415	62.6440741485	70.568411088	68.8462244879	65.6813618894	80.7706359624	70.7091345204	72.4557868308	70.397704561	73.3482474449	72.0659438984	77.3637797294	65.5628979809	64.7625027251	77.3885554327	86.0088481059	70.7898769177	65.3429468746
73.9222955668	83.6083993639	76.3017924869	80.4088955502	66.1079207089	54.0096903653	70.4505867051	67.1392122658	66.6435473613	80.7751610872	78.7342509662	77.3982017416	80.996792077	60.9638123696	79.1845258387	52.8978150563	77.8113320316	70.5947475688	73.9385343054	79.7070501508	68.5097246276	70.738178403	80.9684099649	74.9164134863	55.3471000878	63.1436619402	64.2549937111	75.7507742527	80.8631835091	94.2403082206	80.8014081793	57.9253956516	62.5793635852	71.8910400206	61.8572306295	80.4925179832	80.3544108725	63.1705135876	66.8502443464	58.4696525262	63.6106869482	71.3062840592	48.3397419648	61.0667006756	80.5625678142	76.8097799778	64.2158251586	74.5063922468
73.3382608187	83.7390313433	76.8332563179	84.8613842085	73.450016575	47.7568785386	74.0210355575	62.5724307082	64.1053547135	82.6863088391	76.8611322621	74.8181354568	82.1038144503	73.2582111714	70.4607483558	71.438915889	86.8910399503	75.0716215116	82.2410476466	69.5148910936	64.875955855	62.3749049926	70.8860251996	75.4875279609	58.3225431984	65.3080708104	55.8353583879	67.5013008042	81.9668045415	80.8014081793	94.2403082206	49.4338693929	58.6787584	64.9260130924	52.4058818355	88.0060810731	71.7389407146	55.8430411488	76.2527062133	63.4165910879	56.921557562	71.3377103485	63.1442359991	64.759943458	74.777077333	74.207195854	58.2329793172	71.1356994657
57.9213527569	62.3683712456	50.9373087201	57.4356436598	52.5056067626	60.5269788492	60.1651451788	57.5817947022	53.3769851065	54.9045539034	52.7455737034	51.079914927	53.6282641541	45.3558120166	46.1571802798	41.1989476286	51.503717746	46.2759357692	53.6655136007	65.7066974484	60.8854438349	72.3242015871	66.2215143717	58.4405832354	46.6312996162	48.0624606658	70.2348705247	68.6921269868	62.6440741485	57.9253956516	49.4338693929	94.2403082206	58.4155926826	51.9357113163	53.3121628211	53.7876839297	54.0597300669	58.6699942647	38.0036269033	53.970536932	60.9619950436	60.1554349703	34.1349606897	49.9098982676	60.2760114088	66.5403093434	59.8503169357	47.7586443286
64.2886053764	67.1872576666	56.6498355355	60.5591878794	68.5438378291	60.8598956571	61.2835694659	61.4743398231	59.2350377115	57.4663347973	61.9449367782	52.5922206646	53.359246436	51.9786071238	56.9034845049	51.002752579	52.9126948072	46.7943839321	60.0196668328	62.1958428713	64.0302907883	65.4761762551	67.4539872395	57.7101559662	56.8765155182	64.3388617414	62.5257403562	65.5909703345	70.568411088	62.5793635852	58.6787584	58.4155926826	94.2403082206	60.9380085315	50.745189834	56.0406344128	52.2084373672	63.8632758869	50.6395013514	68.0737651491	58.5528145089	61.5221994876	49.9179890117	39.4099532659	61.212698362	75.6592672165	59.439158456	44.8797719516
69.5599224562	70.1955025323	63.9545276273	66.4556601446	57.0709853648	56.0252465132	65.7522997696	73.0017903029	54.9346168189	72.7912114482	63.0811612161	57.0876303571	76.4754075373	47.1613650341	68.7342690942	42.976417706	60.5909545187	58.2596116574	58.6005207411	80.0905467029	59.9121262759	65.024975378	63.4962750517	69.5184790195	45.2073892967	56.7142548496	67.3536590845	57.8843180616	68.8462244879	71.8910400206	64.9260130924	51.9357113163	60.9380085315	94.2403082206	53.7232979537	63.6620199296	59.9670921	53.1375126021	48.1873246311	52.9374606801	55.5001094831	61.1775192211	38.7625291348	60.6576707232	63.7345881713	65.3715281737	53.7971263136	64.7986417665
60.5953700494	67.3176410047	44.6297722967	56.0891606451	53.5470191217	62.5991228108	60.7384513557	60.2355444413	53.7357078148	61.7389441582	61.0083585826	50.1531520864	54.0171040776	53.2143307566	43.2090937744	47.3419483166	49.8529696425	49.5761630328	55.7291761131	60.3970446635	59.2245537828	62.9481037005	65.0789147461	58.7511071169	46.7073366293	58.1377965556	54.3316244105	52.7804799791	65.6813618894	61.8572306295	52.4058818355	53.3121628211	50.745189834	53.7232979537	94.2403082206	52.6957349073	48.5410362619	61.2880256949	51.3910824434	57.3937506575	49.822326101	54.9695180209	49.3425509865	38.3791049727	58.4089033772	64.0477836724	58.2113695332	40.0281428691
74.9951868922	82.2069699233	77.0679448827	88.7490802331	66.4479220028	50.5202439066	72.8438920828	61.3643151413	61.8242698536	81.9124974376	70.4823875005	72.1391565126	78.5810397161	69.4781633227	67.6694320981	63.1047737142	84.5170083457	82.5883861317	77.3247360529	70.1910101279	62.3914025996	65.8717175499	69.7490104204	80.7461057363	52.3047397234	62.5057448047	57.2056761849	70.0416529715	80.7706359624	80.4925179832	88.0060810731	53.7876839297	56.0406344128	63.6620199296	52.6957349073	94.2403082206	73.2674777644	54.9558402813	68.0527902359	55.9306739694	60.8482369512	75.3722838544	55.6127050758	64.6755071141	73.0648705984	71.9256684999	54.1344609208	77.0697782574
68.3148398331	71.2267968759	77.4769422508	73.7254611346	53.2248526857	46.5952626222	59.1460606273	48.355595011	64.6446832119	68.0269825878	65.7125617475	78.6571015533	69.7195941845	56.0876788369	76.2526014344	49.3366275587	72.8281612534	58.6678067375	68.2926657797	66.0896312608	64.3336908033	57.5841055106	72.0606839865	61.3265194599	49.4263038397	49.0178405483	54.6925869178	74.596688071	70.7091345204	80.3544108725	71.7389407146	54.0597300669	52.2084373672	59.9670921	48.5410362619	73.2674777644	94.2403082206	53.9715773174	59.1269763849	53.2726773388	57.0002504765	62.8167268566	40.5663251161	57.2092962503	75.2297690509	67.2107639581	56.807761663	70.277661601
59.6473963138	70.8390045172	50.0449787387	59.7639110239	61.0419090936	63.2088747261	64.4506261382	63.5711810505	56.9085801307	63.1629876432	67.7506943271	53.344339386	52.4012395194	58.8995737767	45.0770007574	51.7286299405	51.1543495176	46.5725376457	62.5102796957	59.1724770165	62.9265799359	67.4522456456	72.6037918795	60.3988896224	60.3010095165	69.9882240401	64.2684189316	60.4531022607	72.4557868308	63.1705135876	55.8430411488	58.6699942647	63.8632758869	53.1375126021	61.2880256949	54.9558402813	53.9715773174	94.2403082206	55.9385214683	62.1667320921	68.4426078279	68.2132599369	52.5693262878	40.429458202	60.3568298339	77.3178634786	60.3595115412	43.9738447607
57.2212617161	73.1868637061	61.8227479923	68.4774589152	64.2334875774	42.1735433688	62.829908891	50.0065671008	54.4923165315	66.5730193361	70.5556664864	67.3569654148	65.7951333658	69.8838269085	60.0505713337	70.3300363108	71.3819444528	58.0967941858	72.5869905881	50.7501142816	60.1661863204	47.6743146905	62.4008353087	60.956227003	55.9774115887	61.0444324714	43.9947262949	52.2499933478	70.397704561	66.8502443464	76.2527062133	38.0036269033	50.6395013514	48.1873246311	51.3910824434	68.0527902359	59.1269763849	55.9385214683	94.2403082206	59.6870080918	43.0524110864	59.3328133873	63.9609841394	51.655820824	59.0083284104	65.8869565956	55.8596649494	52.9740524299
57.2949467116	69.4542679256	55.0814940104	57.6410569609	74.3270901001	63.6060621152	63.6815592432	54.5788135358	52.4247708183	58.4438957976	68.4962850457	57.0675417596	55.8440914937	62.0576825136	53.5031673101	63.8907591177	61.8248799436	45.4523595728	71.9925861224	56.8125874185	69.5611824434	63.2023173009	68.6268733533	55.3362171612	57.9280756236	63.6946155971	58.9008977752	65.1034894364	73.3482474449	58.4696525262	63.4165910879	53.970536932	68.0737651491	52.9374606801	57.3937506575	55.9306739694	53.2726773388	62.1667320921	59.6870080918	94.2403082206	53.4103240231	58.1336230446	61.0388724046	35.6815721036	63.2639799766	79.2172322343	59.4251923519	37.8975405433
62.17490337	71.0959067861	52.4248220979	68.8197648989	53.1240986724	60.4345641496	65.2468267026	63.067602278	54.8055055935	63.6232642853	57.0166826159	55.4685497136	63.6446877961	49.0318453158	47.3641863915	40.2851134874	55.2184991644	51.1668101917	57.6544490779	66.5783627896	55.6729493714	70.9247120349	66.5618666042	65.7196939002	45.5543012577	51.0165982925	70.8640374095	70.9956427905	72.0659438984	63.6106869482	56.921557562	60.9619950436	58.5528145089	55.5001094831	49.822326101	60.8482369512	57.0002504765	68.4426078279	43.0524110864	53.4103240231	94.2403082206	66.4115464286	39.806609172	54.3221506507	65.6222596883	70.3875710038	50.7582321787	59.7533813275
79.1942677335	76.7165529694	72.2564176355	74.2827076677	65.5607504844	60.2528006648	65.9442089356	67.7902379078	62.595749513	75.0300193893	64.1368448039	58.9895019734	68.4053109901	64.5359370455	57.2459134403	61.0052770235	70.5337231689	64.6573779667	67.7692542745	67.2473647131	56.592151707	67.55257587	72.9509601067	68.8331919982	53.4924089703	64.7160089801	58.3898970666	71.5626676487	77.3637797294	71.3062840592	71.3377103485	60.1554349703	61.5221994876	61.1775192211	54.9695180209	75.3722838544	62.8167268566	68.2132599369	59.3328133873	58.1336230446	66.4115464286	94.2403082206	60.4728387994	59.3920511417	69.3960831711	73.165177873	56.218242087	58.7767592433
59.4455893963	63.8459376599	48.6567364181	56.8235755126	63.6482091411	49.6877276273	53.6122254691	45.3271019957	52.0500072313	55.1926020087	56.7845686576	46.221232517	49.9860936815	67.6996575748	39.6932880611	75.3226052462	61.3719370757	44.1668146908	63.8703927754	37.8502776623	58.7746211398	41.2575954057	54.1273610025	44.5477909269	60.0329143989	68.1490927307	35.438896475	44.7956142268	65.5628979809	48.3397419648	63.1442359991	34.1349606897	49.9179890117	38.7625291348	49.3425509865	55.6127050758	40.5663251161	52.5693262878	63.9609841394	61.0388724046	39.806609172	60.4728387994	94.2403082206	46.6700426502	49.2989661092	63.6789793801	47.8283909471	31.1426231763
63.4109343809	66.6978636476	60.6059197996	70.9907932813	48.7212903042	44.3952883639	58.5402625685	52.13772927	60.14369483	64.5007534602	53.7787344433	53.267194474	73.1315456054	54.9640704152	50.5803250441	51.3884636305	64.7238918696	55.326397001	59.091351307	57.9144122592	53.3521402244	51.3333863919	57.4915720173	56.2279803826	45.4395339885	47.1713673077	51.0619694602	54.8978664754	64.7625027251	61.0667006756	64.759943458	49.9098982676	39.4099532659	60.6576707232	38.3791049727	64.6755071141	57.2092962503	40.429458202	51.655820824	35.6815721036	54.3221506507	59.3920511417	46.6700426502	94.2403082206	59.0499942726	53.8220754819	45.6041635745	60.8972079382
71.7412610384	79.7893431481	72.5852949442	74.8576297338	61.8304460295	56.6244421929	63.7826952588	62.6109808794	60.0793821565	73.131070299	69.1342926063	70.7562930795	73.9920778525	61.7277177224	69.1635129454	52.7309561112	77.2066720408	60.4947710477	73.398564907	71.8759565622	66.3445125787	67.6095807638	75.7792866726	66.7755982401	56.5094592309	61.1527437456	62.105649142	79.2614886696	77.3885554327	80.5625678142	74.777077333	60.2760114088	61.212698362	63.7345881713	58.4089033772	73.0648705984	75.2297690509	60.3568298339	59.0083284104	63.2639799766	65.6222596883	69.3960831711	49.2989661092	59.0499942726	94.2403082206	75.1420499132	64.4097792554	64.1666000705
72.9940523088	83.8286658766	66.7179261846	73.8708946721	75.4621856072	73.0883977592	75.9518191633	67.8049385309	67.1958091971	73.7793729383	78.1272138182	71.5624997818	67.7828645533	71.3468598463	60.3827944802	66.4567389252	72.3541596975	59.7383065832	78.5252553097	71.5800125224	75.7029105718	78.4379157856	83.0917173949	71.3845091687	62.3013511743	76.9018592947	70.4512458705	76.2715920284	86.0088481059	76.8097799778	74.207195854	66.5403093434	75.6592672165	65.3715281737	64.0477836724	71.9256684999	67.2107639581	77.3178634786	65.8869565956	79.2172322343	70.3875710038	73.165177873	63.6789793801	53.8220754819	75.1420499132	94.2403082206	66.9240362417	58.2681508626
57.3033070358	68.9395970136	54.5161729578	58.8684806756	61.9094158653	63.0113416195	60.7061265773	52.0558505729	64.5420305956	57.7584454072	65.9238022942	55.1943891055	56.0443175947	53.4969297236	54.8074010339	56.6214416823	58.3099893244	44.2265997719	65.8649176493	55.1540908466	67.7116644026	66.2382073309	71.7126742078	50.1632574436	63.7624355444	58.2671982105	56.6026314837	62.687323419	70.7898769177	64.2158251586	58.2329793172	59.8503169357	59.439158456	53.7971263136	58.2113695332	54.1344609208	56.807761663	60.3595115412	55.8596649494	59.4251923519	50.7582321787	56.218242087	47.8283909471	45.6041635745	64.4097792554	66.9240362417	94.2403082206	40.0767502578
61.0802868129	69.009772851	65.2502219523	76.0706502332	49.6243192559	37.4742517064	65.3420143242	57.8341912565	51.3713086616	75.7331078092	57.1297357497	68.1429141173	75.480796943	49.5203181759	63.7202307724	39.2965572501	64.3999109637	71.4380723006	57.8186524459	68.7070636221	48.8771651059	58.7468840728	56.3574748123	74.3763805333	33.7534529969	45.1868063184	62.1127537188	60.5026255076	65.3429468746	74.5063922468	71.1356994657	47.7586443286	44.8797719516	64.7986417665	40.0281428691	77.0697782574	70.277661601	43.9738447607	52.9740524299	37.8975405433	59.7533813275	58.7767592433	31.1426231763	60.8972079382	64.1666000705	58.2681508626	40.0767502578	94.2403082206
Genotype stats (X^T * X): 	4.70325820588
Gene expression - Genotype stats (Y^T * X): 
6.39527359473	3.79750977756	4.56855057855	5.33083915289	5.81572923043	3.70100080318	3.92467888736	1.36646756675	4.70713665944	2.27599011466	4.29116318298	4.72769211439	3.68309541104	2.78390242722	5.81510612282	5.0930410262	6.20452989568	3.89146840611	4.12636731213	2.32188747282	4.65893507582	3.13054738322	3.89580513459	1.37614023373	3.76050451134	2.49446295858	1.67566228494	4.46337314258	4.49520773245	3.92731624592	5.57548180841	1.41037787987	3.97868409807	3.42753626432	3.05785684013	5.69989961133	5.35667961735	0.0240617058119	3.35053952891	4.90469369642	2.25486015081	4.76924259807	5.88025658369	3.08729006066	5.79685288571	3.9118407133	2.49574272688	2.59051779071