Tissue	braincerebellum
N_samples	102
Chr	8
Gene	ENSG00000136999.4
SNP	rs78492684
Gene_list	ENSG00000132386.6	ENSG00000099937.6	ENSG00000100473.11	ENSG00000108821.9	ENSG00000116774.7	ENSG00000136999.4	ENSG00000145423.4	ENSG00000116690.7	ENSG00000168542.8
Gene expression stats (Y^T * Y): 
94.2403082206	47.8017720205	55.2778892949	53.4984346954	46.1789368478	57.6821513537	49.750345608	49.0332387537	56.1312078036
47.8017720205	94.2403082206	78.3094678833	55.8800062902	70.522997289	64.123285213	64.8552539277	74.4557306514	65.148745749
55.2778892949	78.3094678833	94.2403082206	58.8841568271	63.4705409768	60.4566934488	67.6168019704	60.4823850827	61.028848726
53.4984346954	55.8800062902	58.8841568271	94.2403082206	78.5185759811	61.9086883177	59.7844705352	75.0551927673	86.1470365083
46.1789368478	70.522997289	63.4705409768	78.5185759811	94.2403082206	62.1394247678	61.2877246357	76.3618813012	83.0199637957
57.6821513537	64.123285213	60.4566934488	61.9086883177	62.1394247678	94.2403082206	70.2340180644	72.1018971022	72.4515372877
49.750345608	64.8552539277	67.6168019704	59.7844705352	61.2877246357	70.2340180644	94.2403082206	69.3062269909	65.9129757286
49.0332387537	74.4557306514	60.4823850827	75.0551927673	76.3618813012	72.1018971022	69.3062269909	94.2403082206	84.4825176148
56.1312078036	65.148745749	61.028848726	86.1470365083	83.0199637957	72.4515372877	65.9129757286	84.4825176148	94.2403082206
Genotype stats (X^T * X): 	16.4625971765
Gene expression - Genotype stats (Y^T * X): 
9.00088225558	8.94124199698	6.06043929378	7.91056120747	8.80801265786	12.0037999333	5.60566220785	10.2737390716	10.3742142746