Tissue	braincerebellum
N_samples	102
Chr	19
Gene	ENSG00000105088.4
SNP	rs12608965
Gene_list	ENSG00000068078.13	ENSG00000105088.4	ENSG00000100427.11	ENSG00000182103.3	ENSG00000145284.7	ENSG00000182175.9	ENSG00000170989.8	ENSG00000110887.3	ENSG00000106278.7	ENSG00000166033.7	ENSG00000135919.8
Gene expression stats (Y^T * Y): 
94.2403082206	57.3176249505	71.3733752982	46.6159650595	65.5454206187	38.2827657454	62.6329583804	69.4952296102	55.6931914207	69.9080898438	61.8214122826
57.3176249505	94.2403082206	58.1561241159	58.3076658132	66.4090193681	56.9729657487	59.7756091876	57.4260537005	56.7077448461	60.9352359451	56.6850100404
71.3733752982	58.1561241159	94.2403082206	40.1440658531	73.0877605482	40.5648442623	57.95102662	65.8216662226	66.009819795	74.2447941977	75.2045770965
46.6159650595	58.3076658132	40.1440658531	94.2403082206	55.3419211002	67.478619748	53.3825124733	42.2486893085	61.3285277771	39.3532548698	52.9910556799
65.5454206187	66.4090193681	73.0877605482	55.3419211002	94.2403082206	46.895055533	68.6961485716	67.6967869837	77.2801043764	74.271417217	81.2684331469
38.2827657454	56.9729657487	40.5648442623	67.478619748	46.895055533	94.2403082206	50.418856203	36.4238399535	57.254777693	26.9870094768	45.4607404171
62.6329583804	59.7756091876	57.95102662	53.3825124733	68.6961485716	50.418856203	94.2403082206	53.188828092	63.4814053121	49.2672700241	60.0878133132
69.4952296102	57.4260537005	65.8216662226	42.2486893085	67.6967869837	36.4238399535	53.188828092	94.2403082206	49.3201575939	71.5231003769	60.1896442512
55.6931914207	56.7077448461	66.009819795	61.3285277771	77.2801043764	57.254777693	63.4814053121	49.3201575939	94.2403082206	52.6753236686	75.0073310739
69.9080898438	60.9352359451	74.2447941977	39.3532548698	74.271417217	26.9870094768	49.2672700241	71.5231003769	52.6753236686	94.2403082206	71.0606508796
61.8214122826	56.6850100404	75.2045770965	52.9910556799	81.2684331469	45.4607404171	60.0878133132	60.1896442512	75.0073310739	71.0606508796	94.2403082206
Genotype stats (X^T * X): 	49.2691012941
Gene expression - Genotype stats (Y^T * X): 
10.4406464812	22.1592222945	11.6318324655	16.8313716323	13.6538965896	12.2072832462	15.3237545558	2.25526530866	14.7332650555	8.74065004415	10.9729751161