Tissue	braincerebellum
N_samples	102
Chr	1
Gene	ENSG00000248485.1
SNP	rs4548462
Gene_list	ENSG00000071282.7	ENSG00000157103.6	ENSG00000162494.5	ENSG00000110786.13	ENSG00000051128.14	ENSG00000185052.7	ENSG00000229164.5	ENSG00000136750.7	ENSG00000158089.10	ENSG00000013016.10	ENSG00000163873.5	ENSG00000101438.3	ENSG00000196218.7	ENSG00000138944.7	ENSG00000172348.10	ENSG00000101670.7	ENSG00000008196.8	ENSG00000169213.6	ENSG00000163932.9	ENSG00000157404.11	ENSG00000180828.1	ENSG00000151136.10	ENSG00000248485.1	ENSG00000128683.9	ENSG00000087116.9
Gene expression stats (Y^T * Y): 
94.2403082206	36.3576839149	64.1305170722	68.7854936499	34.7780812558	69.5494363611	56.498161124	60.7273834657	65.4420909212	58.5089978652	63.2384160894	45.3726181384	43.0718405671	65.1769431275	53.55505687	61.3791778415	73.658069602	71.59075118	57.3188963697	58.3970632756	61.2238956738	66.6244097356	63.8177355085	45.335107226	56.5851494297
36.3576839149	94.2403082206	43.4909705284	37.3970960032	63.838256531	62.0418264942	47.7467162531	52.705739079	30.9408755269	59.2400780618	43.6872455349	44.3156485302	50.4195174689	40.5953641756	47.8165836057	40.5538548724	44.5419518518	26.9048243502	51.0169966956	70.7349127217	66.9410344717	46.1836752628	64.1304196523	74.2177528588	31.0388513392
64.1305170722	43.4909705284	94.2403082206	73.0819516041	36.2840649958	74.1601730039	60.0425485802	60.826783448	70.662300516	61.9409204795	77.5229876352	58.9389827585	56.3028338761	78.6586487071	42.3267592872	77.3971264383	75.5012153214	65.8244124618	74.5875072085	62.4227491173	61.9921427641	82.6758329796	66.9815010677	51.6496920302	69.0873348776
68.7854936499	37.3970960032	73.0819516041	94.2403082206	30.5739685163	69.1912488868	55.2084215607	60.2435161195	56.9254780676	53.9023451373	64.6831357933	48.6043340662	51.4285157708	68.9740018443	38.6632883414	65.2910933509	73.3377610612	68.9243939351	67.969000387	53.3439450102	54.3583264633	67.3704182712	63.1961123536	42.6135114361	57.7205533237
34.7780812558	63.838256531	36.2840649958	30.5739685163	94.2403082206	46.9769806013	52.9621351524	42.0856851494	32.0794346406	50.0180836204	30.4721659329	53.5141587183	55.4631964642	27.727700183	41.7492978848	26.1458631546	33.9941619107	15.4206961784	47.4617588454	56.8595340607	66.3717472676	33.0900769751	60.3095919507	77.2488799789	31.4754476422
69.5494363611	62.0418264942	74.1601730039	69.1912488868	46.9769806013	94.2403082206	66.7908084936	72.0141534012	66.8338940401	78.2587855078	71.5461339	62.1417739028	56.9669080372	72.2415128294	61.946232199	69.8113752686	74.4502206509	67.6961509359	78.0985102131	80.8577524529	80.8837706527	76.9144695176	82.3886330302	68.3499883797	62.6550985791
56.498161124	47.7467162531	60.0425485802	55.2084215607	52.9621351524	66.7908084936	94.2403082206	52.9022428817	54.1975975721	60.9575738772	52.6517510263	51.8369333441	57.9199434509	56.3995984268	44.8245848997	55.8516924223	62.0412985109	43.4446481452	65.4139321709	60.5630324043	70.1711759238	57.195016002	67.6534836395	59.9382533831	50.6540074174
60.7273834657	52.705739079	60.826783448	60.2435161195	42.0856851494	72.0141534012	52.9022428817	94.2403082206	50.4377805871	61.1956509377	65.6535839663	47.2816184311	53.1479340593	60.8788721069	57.4739225484	64.4675148852	66.7409952592	66.6083800527	71.2460801104	75.2132579809	66.1313373029	68.6691769674	69.3041624066	63.0067549873	42.1501041918
65.4420909212	30.9408755269	70.662300516	56.9254780676	32.0794346406	66.8338940401	54.1975975721	50.4377805871	94.2403082206	58.9705687297	64.170518965	40.2313928635	45.1171619515	68.3951873541	47.7026073903	64.9709944009	65.4835845204	61.9501195059	61.2044318924	53.3543915236	59.1399455891	71.4122718565	57.9224251643	39.7441432592	60.8052129015
58.5089978652	59.2400780618	61.9409204795	53.9023451373	50.0180836204	78.2587855078	60.9575738772	61.1956509377	58.9705687297	94.2403082206	62.5125674317	54.3516579551	49.5912747232	61.0456846597	55.3276219971	62.4840897585	65.2339704842	54.7944106188	67.7551497396	75.0216119399	76.3322865176	67.9357623449	74.142382477	68.2555945139	55.5145456666
63.2384160894	43.6872455349	77.5229876352	64.6831357933	30.4721659329	71.5461339	52.6517510263	65.6535839663	64.170518965	62.5125674317	94.2403082206	45.5204553465	44.9885059821	73.2689025865	44.7186209264	77.0457873518	69.2496828831	70.4288424222	69.7230658354	62.8529288251	57.4536223641	82.3056025734	62.3196478601	47.2070322052	57.4036373712
45.3726181384	44.3156485302	58.9389827585	48.6043340662	53.5141587183	62.1417739028	51.8369333441	47.2816184311	40.2313928635	54.3516579551	45.5204553465	94.2403082206	57.4171790733	49.8787280607	34.2248150071	49.1237157911	51.030797976	37.1090438971	70.5123301968	54.9619781943	61.7995467554	52.006698282	60.4018488516	67.0176281974	52.3496724138
43.0718405671	50.4195174689	56.3028338761	51.4285157708	55.4631964642	56.9669080372	57.9199434509	53.1479340593	45.1171619515	49.5912747232	44.9885059821	57.4171790733	94.2403082206	39.4068400716	36.8324561046	47.2693695465	51.4844379132	32.0507414804	61.2485462053	58.3592613694	57.8217348469	48.5306631527	63.0678303603	63.7840772923	37.1587528522
65.1769431275	40.5953641756	78.6586487071	68.9740018443	27.727700183	72.2415128294	56.3995984268	60.8788721069	68.3951873541	61.0456846597	73.2689025865	49.8787280607	39.4068400716	94.2403082206	46.0623921259	76.1797753053	69.0857620587	76.1773501626	69.666952555	58.9532679995	62.3209042054	79.4720009761	62.2945637914	44.1930372302	61.4594815613
53.55505687	47.8165836057	42.3267592872	38.6632883414	41.7492978848	61.946232199	44.8245848997	57.4739225484	47.7026073903	55.3276219971	44.7186209264	34.2248150071	36.8324561046	46.0623921259	94.2403082206	45.7658160433	49.6587412466	48.7044276038	46.5381688351	68.6571690143	71.3266168148	47.0343451082	65.6622221274	60.00279603	32.1529083972
61.3791778415	40.5538548724	77.3971264383	65.2910933509	26.1458631546	69.8113752686	55.8516924223	64.4675148852	64.9709944009	62.4840897585	77.0457873518	49.1237157911	47.2693695465	76.1797753053	45.7658160433	94.2403082206	74.2072271085	70.6927450553	70.8645078048	64.0561108019	56.1489605969	81.1206298411	61.6674404193	45.6547221707	65.8558924912
73.658069602	44.5419518518	75.5012153214	73.3377610612	33.9941619107	74.4502206509	62.0412985109	66.7409952592	65.4835845204	65.2339704842	69.2496828831	51.030797976	51.4844379132	69.0857620587	49.6587412466	74.2072271085	94.2403082206	68.6264882332	68.2603342533	67.1842251051	62.8334440542	75.3510254521	62.6999070942	48.8677827269	68.7362118845
71.59075118	26.9048243502	65.8244124618	68.9243939351	15.4206961784	67.6961509359	43.4446481452	66.6083800527	61.9501195059	54.7944106188	70.4288424222	37.1090438971	32.0507414804	76.1773501626	48.7044276038	70.6927450553	68.6264882332	94.2403082206	59.9068588628	53.197431303	53.665216927	71.0979649037	57.5054407517	34.2062507777	53.7741000056
57.3188963697	51.0169966956	74.5875072085	67.969000387	47.4617588454	78.0985102131	65.4139321709	71.2460801104	61.2044318924	67.7551497396	69.7230658354	70.5123301968	61.2485462053	69.666952555	46.5381688351	70.8645078048	68.2603342533	59.9068588628	94.2403082206	67.3528102119	67.9335911451	76.1655152857	73.0251362372	63.9591485618	61.3771820904
58.3970632756	70.7349127217	62.4227491173	53.3439450102	56.8595340607	80.8577524529	60.5630324043	75.2132579809	53.3543915236	75.0216119399	62.8529288251	54.9619781943	58.3592613694	58.9532679995	68.6571690143	64.0561108019	67.1842251051	53.197431303	67.3528102119	94.2403082206	84.038400223	66.820448377	81.7933695809	80.939744622	49.58567694
61.2238956738	66.9410344717	61.9921427641	54.3583264633	66.3717472676	80.8837706527	70.1711759238	66.1313373029	59.1399455891	76.3322865176	57.4536223641	61.7995467554	57.8217348469	62.3209042054	71.3266168148	56.1489605969	62.8334440542	53.665216927	67.9335911451	84.038400223	94.2403082206	63.3944435662	84.4346963617	83.1061951558	52.0239125694
66.6244097356	46.1836752628	82.6758329796	67.3704182712	33.0900769751	76.9144695176	57.195016002	68.6691769674	71.4122718565	67.9357623449	82.3056025734	52.006698282	48.5306631527	79.4720009761	47.0343451082	81.1206298411	75.3510254521	71.0979649037	76.1655152857	66.820448377	63.3944435662	94.2403082206	67.1009212795	49.2637213465	67.3447201135
63.8177355085	64.1304196523	66.9815010677	63.1961123536	60.3095919507	82.3886330302	67.6534836395	69.3041624066	57.9224251643	74.142382477	62.3196478601	60.4018488516	63.0678303603	62.2945637914	65.6622221274	61.6674404193	62.6999070942	57.5054407517	73.0251362372	81.7933695809	84.4346963617	67.1009212795	94.2403082206	77.5611429995	57.57512567
45.335107226	74.2177528588	51.6496920302	42.6135114361	77.2488799789	68.3499883797	59.9382533831	63.0067549873	39.7441432592	68.2555945139	47.2070322052	67.0176281974	63.7840772923	44.1930372302	60.00279603	45.6547221707	48.8677827269	34.2062507777	63.9591485618	80.939744622	83.1061951558	49.2637213465	77.5611429995	94.2403082206	36.7396136044
56.5851494297	31.0388513392	69.0873348776	57.7205533237	31.4754476422	62.6550985791	50.6540074174	42.1501041918	60.8052129015	55.5145456666	57.4036373712	52.3496724138	37.1587528522	61.4594815613	32.1529083972	65.8558924912	68.7362118845	53.7741000056	61.3771820904	49.58567694	52.0239125694	67.3447201135	57.57512567	36.7396136044	94.2403082206
Genotype stats (X^T * X): 	5.94426082353
Gene expression - Genotype stats (Y^T * X): 
5.16261136699	5.49509962341	5.70530468793	6.75574038757	5.59518033798	5.70603311938	2.3134792949	6.71811924164	4.85987420805	1.84635540701	4.23884181504	4.23130303832	4.78679957981	4.37418024559	5.91676233738	5.64120863594	5.1301133119	3.93199531235	5.48943172144	6.58867949924	4.08503673343	4.00997793187	7.80806398157	5.72063586506	4.92424649628