Tissue	braincerebellum
N_samples	102
Chr	10
Gene	ENSG00000185745.8
SNP	rs4934472
Gene_list	ENSG00000132274.11	ENSG00000186470.9	ENSG00000241106.2	ENSG00000204264.4	ENSG00000157601.9	ENSG00000140853.11	ENSG00000169245.4	ENSG00000117228.9	ENSG00000119922.7	ENSG00000119917.9	ENSG00000185745.8	ENSG00000089127.8	ENSG00000111331.8	ENSG00000115415.14
Gene expression stats (Y^T * Y): 
94.2403082206	74.5955095455	63.2629336559	81.84894679	75.5549616066	82.5545330132	78.4968083978	80.4512598165	67.8344565515	78.212764363	58.2936732588	79.8661150825	66.1562561947	77.7572855559
74.5955095455	94.2403082206	69.892930074	78.8110386384	76.8736368643	82.7954593697	70.6434866299	72.0676443312	74.3039845018	79.8925022118	59.1218427416	83.0660959409	71.0529361535	77.7325140046
63.2629336559	69.892930074	94.2403082206	72.1978223293	72.1604724264	77.6837782724	62.1366132895	67.3073933576	77.3420973841	70.1062482676	56.9438444236	80.5821810814	75.4710627045	67.1244304956
81.84894679	78.8110386384	72.1978223293	94.2403082206	81.9127613388	88.215247652	74.9767978574	77.7139576281	72.1992823793	84.7447826234	57.4385820576	85.6095583194	70.8225073552	83.9415847765
75.5549616066	76.8736368643	72.1604724264	81.9127613388	94.2403082206	85.0889585023	72.7753683681	73.8982289125	71.089661447	82.0007629864	58.5330335373	84.7359520785	72.3654502565	78.1250409053
82.5545330132	82.7954593697	77.6837782724	88.215247652	85.0889585023	94.2403082206	78.6930060713	81.4459897107	80.6553960953	85.7249158969	63.2700374204	90.542612817	78.2946908886	82.6327558564
78.4968083978	70.6434866299	62.1366132895	74.9767978574	72.7753683681	78.6930060713	94.2403082206	89.2086574228	59.1086090091	77.5813428115	59.2557077089	73.9950200452	57.0412485326	76.6876118152
80.4512598165	72.0676443312	67.3073933576	77.7139576281	73.8982289125	81.4459897107	89.2086574228	94.2403082206	66.1104887169	77.7924349143	59.0728130416	78.5504162034	65.9003536301	74.9955431598
67.8344565515	74.3039845018	77.3420973841	72.1992823793	71.089661447	80.6553960953	59.1086090091	66.1104887169	94.2403082206	71.221815195	60.5193250981	84.4358979724	88.3917631539	63.9985203594
78.212764363	79.8925022118	70.1062482676	84.7447826234	82.0007629864	85.7249158969	77.5813428115	77.7924349143	71.221815195	94.2403082206	63.8345764508	83.5546239115	68.2913110197	86.3577721457
58.2936732588	59.1218427416	56.9438444236	57.4385820576	58.5330335373	63.2700374204	59.2557077089	59.0728130416	60.5193250981	63.8345764508	94.2403082206	65.2344133113	56.9294913674	60.7997826356
79.8661150825	83.0660959409	80.5821810814	85.6095583194	84.7359520785	90.542612817	73.9950200452	78.5504162034	84.4358979724	83.5546239115	65.2344133113	94.2403082206	82.6946315673	80.0842756515
66.1562561947	71.0529361535	75.4710627045	70.8225073552	72.3654502565	78.2946908886	57.0412485326	65.9003536301	88.3917631539	68.2913110197	56.9294913674	82.6946315673	94.2403082206	62.4460194879
77.7572855559	77.7325140046	67.1244304956	83.9415847765	78.1250409053	82.6327558564	76.6876118152	74.9955431598	63.9985203594	86.3577721457	60.7997826356	80.0842756515	62.4460194879	94.2403082206
Genotype stats (X^T * X): 	32.2645640784
Gene expression - Genotype stats (Y^T * X): 
5.04755029481	0.409791665008	5.99843260159	6.74904455172	7.36050168926	4.6903375172	6.41627962903	5.93340333138	-1.34876943607	5.98568281481	-17.5022842137	4.13625013602	-1.04728642077	4.49870663363