Tissue	braincerebellum
N_samples	102
Chr	3
Gene	ENSG00000047849.17
SNP	rs115294083
Gene_list	ENSG00000129250.7	ENSG00000180354.11	ENSG00000078804.8	ENSG00000167641.6	ENSG00000047849.17	ENSG00000064787.8	ENSG00000126878.8	ENSG00000064393.11	ENSG00000144283.17
Gene expression stats (Y^T * Y): 
94.2403082206	76.8228281527	70.352285925	58.6477500484	60.727328843	77.8498713744	75.3996918934	78.7256262601	67.6994018193
76.8228281527	94.2403082206	77.4409754851	60.5564592491	57.0884419402	84.0790326789	68.320573704	74.0960535892	69.1241489046
70.352285925	77.4409754851	94.2403082206	63.2538036354	60.6357336532	85.7035451579	73.1829292081	65.7288349766	74.3984798505
58.6477500484	60.5564592491	63.2538036354	94.2403082206	57.0751866229	69.2568270643	70.8624467286	59.8448802361	65.078537125
60.727328843	57.0884419402	60.6357336532	57.0751866229	94.2403082206	57.6221842797	60.8824254271	59.0424270036	57.8202162059
77.8498713744	84.0790326789	85.7035451579	69.2568270643	57.6221842797	94.2403082206	76.6531175027	71.710662115	76.1239121716
75.3996918934	68.320573704	73.1829292081	70.8624467286	60.8824254271	76.6531175027	94.2403082206	69.6301724318	71.9806267635
78.7256262601	74.0960535892	65.7288349766	59.8448802361	59.0424270036	71.710662115	69.6301724318	94.2403082206	65.2887180325
67.6994018193	69.1241489046	74.3984798505	65.078537125	57.8202162059	76.1239121716	71.9806267635	65.2887180325	94.2403082206
Genotype stats (X^T * X): 	12.5528578431
Gene expression - Genotype stats (Y^T * X): 
-5.66701090483	-1.60152336841	-5.31046598869	-3.202856004	-10.6770502933	-5.45292139533	-4.10759576501	-5.42781358793	-5.10099159561