Tissue	braincerebellum
N_samples	102
Chr	19
Gene	ENSG00000130164.7
SNP	rs12052200
Gene_list	ENSG00000067064.6	ENSG00000130164.7	ENSG00000079459.8	ENSG00000198911.7	ENSG00000112972.10	ENSG00000172893.11	ENSG00000167508.6	ENSG00000001630.11	ENSG00000104549.7	ENSG00000186480.8	ENSG00000120437.7	ENSG00000052802.8
Gene expression stats (Y^T * Y): 
94.2403082206	64.6101179155	66.2259379777	38.0008067853	65.2847257153	52.8560973696	47.8933616281	63.5345470624	55.4887377782	73.2087620205	60.1129213194	78.5237892162
64.6101179155	94.2403082206	69.0381441319	58.8657469079	71.6251453211	57.3866784607	58.1249050329	63.0568322541	64.0772606905	66.1354504929	60.6997262691	64.9620133066
66.2259379777	69.0381441319	94.2403082206	57.576325129	71.7816478709	44.8189528045	43.658182142	63.2855185241	58.5287228653	69.5474548383	60.3917780334	68.9659775357
38.0008067853	58.8657469079	57.576325129	94.2403082206	55.2575744038	35.6702314097	40.4803255969	49.3161800061	44.1882269648	47.3957153184	50.6131352723	47.6076489127
65.2847257153	71.6251453211	71.7816478709	55.2575744038	94.2403082206	55.7500469161	46.3348180585	62.0087295096	66.7261230025	58.2470735867	61.9981151067	74.9308412405
52.8560973696	57.3866784607	44.8189528045	35.6702314097	55.7500469161	94.2403082206	49.4488026175	64.0205107676	52.3196944556	51.7216916061	54.6254982762	59.2039683
47.8933616281	58.1249050329	43.658182142	40.4803255969	46.3348180585	49.4488026175	94.2403082206	50.7296870414	52.4722815848	49.2994687123	48.2549141858	51.2109492608
63.5345470624	63.0568322541	63.2855185241	49.3161800061	62.0087295096	64.0205107676	50.7296870414	94.2403082206	61.2829230208	66.5862091516	56.3227818905	72.9982500032
55.4887377782	64.0772606905	58.5287228653	44.1882269648	66.7261230025	52.3196944556	52.4722815848	61.2829230208	94.2403082206	54.6616443423	53.5281871852	61.6757771392
73.2087620205	66.1354504929	69.5474548383	47.3957153184	58.2470735867	51.7216916061	49.2994687123	66.5862091516	54.6616443423	94.2403082206	66.4051353278	74.9012562745
60.1129213194	60.6997262691	60.3917780334	50.6131352723	61.9981151067	54.6254982762	48.2549141858	56.3227818905	53.5281871852	66.4051353278	94.2403082206	62.7494297952
78.5237892162	64.9620133066	68.9659775357	47.6076489127	74.9308412405	59.2039683	51.2109492608	72.9982500032	61.6757771392	74.9012562745	62.7494297952	94.2403082206
Genotype stats (X^T * X): 	33.2857410196
Gene expression - Genotype stats (Y^T * X): 
13.5323768233	18.2063239859	14.2988047091	14.6383733297	13.9862981267	1.07999038317	9.75922297365	9.96956005438	16.5413308639	12.5907630628	14.8189609622	13.2681449814