Tissue	braincerebellum
N_samples	102
Chr	22
Gene	ENSG00000100097.7
SNP	rs12628135
Gene_list	ENSG00000110651.7	ENSG00000266964.1	ENSG00000131771.9	ENSG00000100097.7	ENSG00000087086.9	ENSG00000135404.7	ENSG00000108387.10	ENSG00000087250.4	ENSG00000168309.12	ENSG00000148180.12	ENSG00000113140.6	ENSG00000159176.9	ENSG00000143819.8	ENSG00000135916.11	ENSG00000132329.6
Gene expression stats (Y^T * Y): 
94.2403082206	76.4719779249	75.6382375167	66.44557229	66.7317801619	68.5839858309	53.8802031542	75.4416414752	68.2612848578	64.2230877804	64.7713928943	69.7582068422	63.123118681	82.2255385079	60.4252874258
76.4719779249	94.2403082206	75.8476689081	66.5977346886	66.4796868478	62.6916689478	64.9114420213	75.4664492048	74.2127973554	50.749093484	66.0905880006	63.6932082213	51.5170674486	65.2950996632	71.9731268556
75.6382375167	75.8476689081	94.2403082206	60.3397294801	61.9280160675	57.4131902789	51.2945008775	74.8495179752	73.2146146708	56.0322472165	66.7343501631	65.0781043186	54.0648358465	65.6648879116	67.9806494887
66.44557229	66.5977346886	60.3397294801	94.2403082206	58.6414681414	58.8426696483	57.638556307	62.3728626523	60.0495827034	58.8890316614	62.4261794927	59.2300462766	58.3129288644	59.1982245511	58.1432946488
66.7317801619	66.4796868478	61.9280160675	58.6414681414	94.2403082206	62.189846714	45.5520438979	63.9027524797	59.7451713057	50.820433653	48.9043260091	49.204454909	43.3170310846	56.6741252857	47.1198266454
68.5839858309	62.6916689478	57.4131902789	58.8426696483	62.189846714	94.2403082206	35.6394478831	65.0520715455	59.3198171328	50.8341221618	63.996142167	55.6738918887	48.7991834598	57.8279141892	44.4895542904
53.8802031542	64.9114420213	51.2945008775	57.638556307	45.5520438979	35.6394478831	94.2403082206	42.6197036807	58.2974268309	48.726470357	56.0293083961	67.1963333295	27.5347826426	45.3254174648	60.0835529416
75.4416414752	75.4664492048	74.8495179752	62.3728626523	63.9027524797	65.0520715455	42.6197036807	94.2403082206	61.2939442344	42.0871578799	57.9246888023	54.7648637083	53.0703650631	65.7427896249	65.4913948904
68.2612848578	74.2127973554	73.2146146708	60.0495827034	59.7451713057	59.3198171328	58.2974268309	61.2939442344	94.2403082206	46.9697921267	73.4883974377	66.1995103893	46.7085157544	52.3023985824	66.3910551405
64.2230877804	50.749093484	56.0322472165	58.8890316614	50.820433653	50.8341221618	48.726470357	42.0871578799	46.9697921267	94.2403082206	53.7923072212	68.0186031077	59.4775608849	60.153927216	42.5859143397
64.7713928943	66.0905880006	66.7343501631	62.4261794927	48.9043260091	63.996142167	56.0293083961	57.9246888023	73.4883974377	53.7923072212	94.2403082206	68.029723982	50.3456423212	48.5038452904	58.5254318761
69.7582068422	63.6932082213	65.0781043186	59.2300462766	49.204454909	55.6738918887	67.1963333295	54.7648637083	66.1995103893	68.0186031077	68.029723982	94.2403082206	44.4425065991	58.8319034978	57.9270831589
63.123118681	51.5170674486	54.0648358465	58.3129288644	43.3170310846	48.7991834598	27.5347826426	53.0703650631	46.7085157544	59.4775608849	50.3456423212	44.4425065991	94.2403082206	62.3925447172	43.0060013096
82.2255385079	65.2950996632	65.6648879116	59.1982245511	56.6741252857	57.8279141892	45.3254174648	65.7427896249	52.3023985824	60.153927216	48.5038452904	58.8319034978	62.3925447172	94.2403082206	49.1115512154
60.4252874258	71.9731268556	67.9806494887	58.1432946488	47.1198266454	44.4895542904	60.0835529416	65.4913948904	66.3910551405	42.5859143397	58.5254318761	57.9270831589	43.0060013096	49.1115512154	94.2403082206
Genotype stats (X^T * X): 	44.0784313725
Gene expression - Genotype stats (Y^T * X): 
-8.76411873611	-7.25866457469	-6.41882701554	-21.0967480591	-1.8950197083	-11.6480647356	-4.49112299409	-11.5134034908	-7.47014045234	-9.45740746745	-13.0128490341	-5.34290858309	-12.1140377797	-5.87149800499	-8.1242561016