Tissue	braincerebellum
N_samples	102
Chr	9
Gene	ENSG00000172159.11
SNP	rs2780980
Gene_list	ENSG00000273079.1	ENSG00000101670.7	ENSG00000169213.6	ENSG00000172159.11	ENSG00000151136.10	ENSG00000089250.14	ENSG00000183853.13
Gene expression stats (Y^T * Y): 
94.2403082206	74.3909688926	75.3195159589	57.6464471139	72.2150020965	72.5402681256	55.9476427717
74.3909688926	94.2403082206	70.6927450553	59.0003505039	81.1206298411	74.4433409386	62.3458745045
75.3195159589	70.6927450553	94.2403082206	61.5043793008	71.0979649037	74.4868299369	58.2899610474
57.6464471139	59.0003505039	61.5043793008	94.2403082206	59.0394041956	59.4127533569	59.1320323731
72.2150020965	81.1206298411	71.0979649037	59.0394041956	94.2403082206	78.9927873474	62.8421599598
72.5402681256	74.4433409386	74.4868299369	59.4127533569	78.9927873474	94.2403082206	62.2941533427
55.9476427717	62.3458745045	58.2899610474	59.1320323731	62.8421599598	62.2941533427	94.2403082206
Genotype stats (X^T * X): 	47.8431372549
Gene expression - Genotype stats (Y^T * X): 
10.9523253491	10.2070227467	13.2861799478	25.228684361	11.6742691292	8.18638851777	5.99354726984