Tissue	braincerebellum
N_samples	102
Chr	16
Gene	ENSG00000180209.7
SNP	rs80225586
Gene_list	ENSG00000130598.11	ENSG00000130595.12	ENSG00000109061.9	ENSG00000125414.14	ENSG00000180209.7	ENSG00000101470.5	ENSG00000104879.4	ENSG00000177791.11	ENSG00000197893.9	ENSG00000170807.11	ENSG00000168530.11	ENSG00000143632.10
Gene expression stats (Y^T * Y): 
94.2403082206	82.7257983191	70.5000765047	81.6267652295	78.4241285158	67.5346413062	63.1697716594	69.8801697348	70.308132136	68.3251751656	79.1847851366	55.938017126
82.7257983191	94.2403082206	74.8527852246	78.0027430948	81.8219745019	74.8703302318	74.8206923729	64.0216746797	73.417563152	66.4521301876	86.2289839361	69.8065055782
70.5000765047	74.8527852246	94.2403082206	75.4827755886	66.8503987573	63.1368581787	67.1292822462	62.1068157744	81.4402009107	69.6185036037	80.9804429263	63.8717938685
81.6267652295	78.0027430948	75.4827755886	94.2403082206	72.5853897979	59.5478169058	53.1230194013	77.6159824089	72.1319590307	68.8048228233	80.7612289595	46.6628870584
78.4241285158	81.8219745019	66.8503987573	72.5853897979	94.2403082206	70.0913226949	64.428438204	62.3732345525	63.0422240587	59.6889882553	77.9861154746	58.9627699762
67.5346413062	74.8703302318	63.1368581787	59.5478169058	70.0913226949	94.2403082206	69.7123233307	51.1351298062	62.7303710419	55.5236393714	70.6606233406	64.5272838851
63.1697716594	74.8206923729	67.1292822462	53.1230194013	64.428438204	69.7123233307	94.2403082206	45.157958205	72.4733992054	60.3546768666	74.0906150738	86.418713449
69.8801697348	64.0216746797	62.1068157744	77.6159824089	62.3732345525	51.1351298062	45.157958205	94.2403082206	63.8245889627	58.4572507435	66.7447595967	40.5737287953
70.308132136	73.417563152	81.4402009107	72.1319590307	63.0422240587	62.7303710419	72.4733992054	63.8245889627	94.2403082206	77.4299903608	78.5807428473	68.8667692111
68.3251751656	66.4521301876	69.6185036037	68.8048228233	59.6889882553	55.5236393714	60.3546768666	58.4572507435	77.4299903608	94.2403082206	70.2203354677	54.5186487063
79.1847851366	86.2289839361	80.9804429263	80.7612289595	77.9861154746	70.6606233406	74.0906150738	66.7447595967	78.5807428473	70.2203354677	94.2403082206	69.0395457741
55.938017126	69.8065055782	63.8717938685	46.6628870584	58.9627699762	64.5272838851	86.418713449	40.5737287953	68.8667692111	54.5186487063	69.0395457741	94.2403082206
Genotype stats (X^T * X): 	12.5882352941
Gene expression - Genotype stats (Y^T * X): 
9.2665733662	10.9552088878	10.9643612821	8.91760889545	11.5311086659	11.0034457693	10.3626842133	8.42389113175	10.8984305241	9.32491321431	10.7021710326	9.38673601648