Tissue	braincerebellum
N_samples	102
Chr	7
Gene	ENSG00000169902.9
SNP	rs35510581
Gene_list	ENSG00000125945.10	ENSG00000169902.9	ENSG00000116717.7	ENSG00000019991.11	ENSG00000111783.8	ENSG00000110002.11	ENSG00000119408.12
Gene expression stats (Y^T * Y): 
94.2403082206	63.9041875568	49.9300206698	53.5571881954	61.4624155337	43.8973601671	53.5687945432
63.9041875568	94.2403082206	63.3285244019	57.4602121987	57.6685075882	63.2305269918	58.6785049561
49.9300206698	63.3285244019	94.2403082206	43.8492112135	27.2324596035	53.1934795606	39.821169106
53.5571881954	57.4602121987	43.8492112135	94.2403082206	43.750376863	39.3123710386	61.6738270697
61.4624155337	57.6685075882	27.2324596035	43.750376863	94.2403082206	43.8540985726	53.7911916346
43.8973601671	63.2305269918	53.1934795606	39.3123710386	43.8540985726	94.2403082206	51.8284765707
53.5687945432	58.6785049561	39.821169106	61.6738270697	53.7911916346	51.8284765707	94.2403082206
Genotype stats (X^T * X): 	51.4343258431
Gene expression - Genotype stats (Y^T * X): 
15.9810056261	27.8821185046	21.3629259549	17.7305518842	14.2231711545	11.7180083598	18.2920659428