Tissue	braincerebellum
N_samples	102
Chr	4
Gene	ENSG00000164089.4
SNP	rs78521367
Gene_list	ENSG00000068078.13	ENSG00000182902.9	ENSG00000171885.9	ENSG00000138029.9	ENSG00000122756.10	ENSG00000148053.11	ENSG00000152583.8	ENSG00000148672.7	ENSG00000110887.3	ENSG00000164089.4	ENSG00000111275.8	ENSG00000152661.7	ENSG00000117592.8	ENSG00000198892.6	ENSG00000143742.8	ENSG00000143819.8
Gene expression stats (Y^T * Y): 
94.2403082206	50.4125743175	38.8361903114	56.1370283541	55.7044222828	36.8726637211	58.6420060582	61.4106442611	69.4952296102	59.8216589518	69.4705206509	70.4648689356	54.2856757768	52.5600648601	37.5371855109	48.3489358376
50.4125743175	94.2403082206	39.8672728638	60.0920774408	53.7406670259	56.5381761844	44.6310856411	55.3715826175	51.1375729456	61.3528155147	50.2004106035	39.4845747619	56.6919246295	45.1188118078	38.220371417	40.510994075
38.8361903114	39.8672728638	94.2403082206	62.5125630959	31.1954609417	42.571486007	56.9902894565	55.3719100826	46.1655731831	59.5251214797	55.2740576096	52.8551696915	50.4149621379	28.6526518088	48.0253864269	33.7211572562
56.1370283541	60.0920774408	62.5125630959	94.2403082206	49.2297082828	50.5090024477	56.8889771635	67.0146881056	55.3821750502	65.993806452	69.2271630806	58.8313004424	71.5714399306	44.8859146307	50.8999222635	51.4352647192
55.7044222828	53.7406670259	31.1954609417	49.2297082828	94.2403082206	49.1039528649	49.1294345894	45.5994375889	54.2761682418	61.4677006099	57.6291243654	56.7483449874	49.071109018	61.3130264853	44.5392906131	56.0166353251
36.8726637211	56.5381761844	42.571486007	50.5090024477	49.1039528649	94.2403082206	48.7689041889	60.906995709	35.5498488472	64.5933174635	43.4619046863	42.2934356669	52.6898995443	31.9544051979	32.2562448049	48.7095870125
58.6420060582	44.6310856411	56.9902894565	56.8889771635	49.1294345894	48.7689041889	94.2403082206	62.6269889555	60.5441598162	58.6219215847	70.8291998335	68.3471724392	52.0789291631	51.1121253005	49.7742672382	56.1400019297
61.4106442611	55.3715826175	55.3719100826	67.0146881056	45.5994375889	60.906995709	62.6269889555	94.2403082206	54.7858534364	65.4303425768	62.6527337439	64.7027438398	55.5758818341	37.7654700678	44.5428506519	54.4982945864
69.4952296102	51.1375729456	46.1655731831	55.3821750502	54.2761682418	35.5498488472	60.5441598162	54.7858534364	94.2403082206	58.1685394267	65.7243889909	63.4709794388	61.312936075	58.0167588379	38.9124398478	41.8910692844
59.8216589518	61.3528155147	59.5251214797	65.993806452	61.4677006099	64.5933174635	58.6219215847	65.4303425768	58.1685394267	94.2403082206	66.6636200548	66.5153918924	65.0618771938	56.9535417902	58.1388862158	56.6617943275
69.4705206509	50.2004106035	55.2740576096	69.2271630806	57.6291243654	43.4619046863	70.8291998335	62.6527337439	65.7243889909	66.6636200548	94.2403082206	69.9059220355	63.6773092694	57.3066223422	52.3174865104	62.011660064
70.4648689356	39.4845747619	52.8551696915	58.8313004424	56.7483449874	42.2934356669	68.3471724392	64.7027438398	63.4709794388	66.5153918924	69.9059220355	94.2403082206	61.7888165855	45.9922710619	47.7908071455	66.001668029
54.2856757768	56.6919246295	50.4149621379	71.5714399306	49.071109018	52.6898995443	52.0789291631	55.5758818341	61.312936075	65.0618771938	63.6773092694	61.7888165855	94.2403082206	38.861603965	48.1820572822	55.9927961027
52.5600648601	45.1188118078	28.6526518088	44.8859146307	61.3130264853	31.9544051979	51.1121253005	37.7654700678	58.0167588379	56.9535417902	57.3066223422	45.9922710619	38.861603965	94.2403082206	41.4848095101	40.4599898569
37.5371855109	38.220371417	48.0253864269	50.8999222635	44.5392906131	32.2562448049	49.7742672382	44.5428506519	38.9124398478	58.1388862158	52.3174865104	47.7908071455	48.1820572822	41.4848095101	94.2403082206	41.1323606085
48.3489358376	40.510994075	33.7211572562	51.4352647192	56.0166353251	48.7095870125	56.1400019297	54.4982945864	41.8910692844	56.6617943275	62.011660064	66.001668029	55.9927961027	40.4599898569	41.1323606085	94.2403082206
Genotype stats (X^T * X): 	8.99663934314
Gene expression - Genotype stats (Y^T * X): 
3.72334102643	2.29260496836	8.23720466254	5.81157289571	2.44490434864	2.1136000105	6.4523222786	3.23329528429	3.13323945119	9.06096573703	6.84257672538	4.61342858693	5.14856156279	3.70562768107	7.55570968753	5.53331800247