Tissue	braincerebellum
N_samples	102
Chr	15
Gene	ENSG00000092529.18
SNP	rs12594208
Gene_list	ENSG00000141934.5	ENSG00000129757.8	ENSG00000177105.9	ENSG00000109099.9	ENSG00000151552.7	ENSG00000129538.9	ENSG00000150867.9	ENSG00000166091.15	ENSG00000158865.8	ENSG00000204655.7	ENSG00000126860.7	ENSG00000180354.11	ENSG00000184007.13	ENSG00000078804.8	ENSG00000105695.10	ENSG00000012124.10	ENSG00000105290.7	ENSG00000011426.6	ENSG00000128283.6	ENSG00000100146.12	ENSG00000167641.6	ENSG00000168314.13	ENSG00000146122.12	ENSG00000173786.12	ENSG00000049089.9	ENSG00000092529.18	ENSG00000010282.10	ENSG00000066322.8	ENSG00000244274.3	ENSG00000167755.9	ENSG00000064787.8	ENSG00000065361.10	ENSG00000102934.5	ENSG00000092758.11	ENSG00000124920.9	ENSG00000176485.6	ENSG00000126803.8	ENSG00000172508.6	ENSG00000150656.10	ENSG00000141540.6	ENSG00000197971.10	ENSG00000103089.4	ENSG00000204278.8	ENSG00000164176.8	ENSG00000118785.9	ENSG00000187764.7	ENSG00000172005.6	ENSG00000197430.6	ENSG00000080822.12	ENSG00000071054.11	ENSG00000203485.8	ENSG00000070214.11	ENSG00000198121.9	ENSG00000187164.13	ENSG00000136960.8	ENSG00000149557.8	ENSG00000107902.9	ENSG00000167123.14	ENSG00000091513.10	ENSG00000126878.8	ENSG00000104419.10	ENSG00000148826.6	ENSG00000113578.13	ENSG00000160781.11	ENSG00000132702.8	ENSG00000136541.10	ENSG00000164124.6	ENSG00000144283.17	ENSG00000013297.6	ENSG00000117266.11	ENSG00000196187.7	ENSG00000115468.7
Gene expression stats (Y^T * Y): 
94.2403082206	60.2434591648	64.3665990693	53.9572023316	54.3767329456	55.4755111592	70.9301229856	62.3093990544	65.0034032939	61.1276275031	66.4177486246	39.6983175706	47.205445126	31.3901327346	67.1733700042	70.3107618031	36.1895852122	63.323575696	70.6664726521	66.7786384317	56.5448658677	41.2993952268	59.1923382672	55.2496315508	65.1433818459	62.5775978116	45.6639661826	61.2684138098	32.0218606642	69.8007800308	44.293481134	72.4101617115	66.965607889	52.9853995341	68.9722648492	60.8814876558	73.2631154052	62.8937526086	60.7289849367	70.0117434064	44.4867366825	72.9285975637	61.5327317869	60.5690493535	52.002437689	56.9026925523	59.2279892034	65.6594336396	51.9959142788	43.5112938136	64.133774969	62.7931592387	53.3270529822	51.2781393249	66.1582620017	37.9602143701	44.9808048817	45.0348283743	58.3967813093	34.9014028259	52.7554534453	66.4737270953	35.5144895541	32.5693485224	57.624123917	60.3312258583	64.7533934337	32.441230915	59.1536683585	57.2236493026	56.3736512512	65.1641949845
60.2434591648	94.2403082206	60.7290779799	43.4078841093	55.3254926086	50.4300731683	59.6157481733	44.9688219057	69.5375503603	58.5387902386	60.2677329174	37.3413802757	46.601702145	34.5874241466	64.421608433	56.8462306985	42.4816500665	62.2376738881	68.0249958139	64.2806074848	60.8284971461	41.7538983559	52.4907642385	54.6148684277	65.2086333285	56.9064389855	48.4325256055	58.6850067306	32.852118182	72.4160379401	41.124826222	63.9567301293	58.9540169842	56.9627881902	62.7402803532	55.6041725488	69.0006026191	65.2277809826	58.0388727613	53.109821389	42.4864041708	71.4522149906	57.1776732717	54.5532969235	50.2128367239	56.1058630865	45.3062452262	50.5730504336	46.1483952179	37.4986961572	61.8735647349	63.078465501	50.2297487182	45.3313219953	58.7010969352	40.1587567542	49.6936628881	37.8277556019	61.596817432	39.3930232342	54.2895046216	70.5145930808	34.9178941652	35.3241010701	49.2428096597	59.4517772125	54.6331438209	38.828757855	58.389892045	55.6913992632	54.1886316783	54.9621773356
64.3665990693	60.7290779799	94.2403082206	51.5889427079	54.1209280362	50.6887799273	67.7313388845	63.3375645573	57.2323008154	61.5361004707	66.3497904607	37.5699381831	51.1443270232	34.8658114664	69.8713635977	68.1599797576	45.4736426538	64.1214262254	71.9536296567	70.9885157678	64.716865849	43.2372583839	57.4513972262	56.5303776104	65.8644275564	59.1008678878	42.5545158271	72.6911568041	32.2536114058	71.1654264868	44.9104728053	70.978177969	68.6306842336	54.5810900558	71.2006163813	58.6100922448	72.1123816698	65.3598190371	55.1132105092	68.7006338087	45.5563123893	74.3589036065	66.8263567695	48.5460480246	52.8319904132	57.765287341	61.5946898958	66.3680690862	44.4684178527	35.7290191202	65.4424522389	65.0629397521	52.1927182644	50.6377052524	61.2596627709	42.2147484198	44.0750740575	47.9509651814	58.8878163454	38.2560706082	54.1394063968	71.6664080792	32.7843532136	33.7295031193	65.1069647882	58.7777707938	62.585818575	32.7728715517	58.6330147277	51.3133518145	52.6804301536	60.0100085321
53.9572023316	43.4078841093	51.5889427079	94.2403082206	50.27165307	67.1043722274	60.4974546404	67.1989649106	42.0309879667	62.7624304927	62.2175689089	38.6501673031	43.5615782985	38.9557906996	69.1632610251	52.3760149146	45.5780927919	54.0883002796	56.2804355035	52.9002377797	54.6388641861	44.4704373387	49.2703246083	66.8312371627	47.1282884626	59.6745020296	45.4474289147	56.7193414708	52.8739308167	62.3908446952	42.2709958805	56.8686516322	63.952368025	42.8531679628	63.3286525441	67.2969315166	64.5746816826	60.5155445069	59.5380049829	66.5607913304	43.7350771213	59.6805519159	49.7537360163	58.9942623785	64.3403233726	40.6221352356	74.0434235047	60.9096223144	63.1945731083	41.8087876106	45.9451458697	65.4487491749	46.6100907087	40.032215099	65.0850904122	36.7965996293	55.6238154917	55.9658839089	63.0619321623	40.3703060931	64.9063076134	48.4642434014	47.2677387663	41.0847086954	54.7491686707	54.9288975418	62.1441611297	33.9800353995	75.2623293419	43.2474701817	56.1942823624	56.4438267897
54.3767329456	55.3254926086	54.1209280362	50.27165307	94.2403082206	73.6629837188	67.2534810642	48.529274163	65.190469492	79.5674897877	57.8954324024	52.4986942733	69.5754063209	56.1573425302	74.8107753902	56.6625741582	65.5643969527	64.0476313156	67.9480164025	59.1148265353	76.1525137117	60.3487213824	57.4722020897	68.618209178	64.6616250429	74.66177451	66.8479449219	62.0620569577	67.0019017665	73.8494473818	63.3628138635	53.5261951133	71.6494195536	55.2368431709	74.6269404791	66.9728927672	65.5289840261	74.8297501428	76.0874661373	62.0310720284	64.3531971395	62.8174486179	53.3405437724	55.9884835085	70.7413295389	61.4819103347	63.5383879207	57.8266517536	62.3681648668	51.6686910586	66.6565739358	62.9868620271	62.2525847542	65.4755422962	68.9841659443	60.4836007526	64.6647915322	72.8236272411	80.4058607485	67.9825073875	66.8575936128	69.72092695	52.1093262477	49.7000978692	52.9772936777	74.8639775275	58.9237681887	60.1469931397	68.4967895408	78.4473298269	70.0798631391	63.7886313094
55.4755111592	50.4300731683	50.6887799273	67.1043722274	73.6629837188	94.2403082206	61.5903387265	54.5876576674	51.4009544737	80.5624392932	57.2095046242	52.0220942536	61.3613882865	57.8023278757	76.8575916548	52.2007798195	63.5199223981	55.3057156414	60.2404026091	57.491421784	75.697316458	63.9390074601	52.0294188245	81.3794825178	55.9938645111	74.6773574364	61.4146822071	64.3902549748	70.5242688796	67.0685434877	61.5697273272	52.0859183416	75.3878939594	52.7420846925	71.2704250739	73.3283693731	64.1948730388	75.9508564583	67.5977618985	61.2894520401	61.877903752	57.2268100001	47.7710223301	57.7154976941	65.6757192632	52.4726541465	69.8840001788	62.3970411077	67.2202319571	45.8812592976	67.1932336774	59.4389691317	58.5963845352	53.1633189552	66.7636921388	54.2771254258	65.2017657324	72.524202992	78.4416718185	63.2111904563	74.3614382026	58.5110917888	56.0329412315	55.9737041212	58.1104237659	68.5780778488	57.9073549777	55.7448094593	79.2913183063	69.387878013	70.7045881172	65.334147378
70.9301229856	59.6157481733	67.7313388845	60.4974546404	67.2534810642	61.5903387265	94.2403082206	67.9824881346	69.1668372141	78.7200967962	79.4576895276	55.6380449001	66.6182841683	50.5179447573	79.6133485528	77.1601817536	55.8322352863	77.2776033238	76.7647096286	75.9952655738	69.4743088245	60.3593724367	68.8773862902	67.3267788934	70.6237143196	70.9075626129	53.0369258469	73.5240274468	45.2932672873	80.2445600963	60.4985859487	77.985123682	76.6682446771	51.5745976935	83.3041149778	72.5175512885	79.9911092469	75.0330181594	73.062952935	78.9608706572	65.0477806321	81.9226697187	73.6030920227	66.5012423288	68.8167192039	60.9934120344	72.6907904945	75.1865234589	70.1237795227	56.575522795	68.766157887	78.6385755893	67.0017471364	67.4204298617	80.056531026	46.1554091027	59.6994193069	59.577883189	74.9748400395	49.4195455027	68.516888996	79.1010135736	45.1715008681	45.7842688685	71.1026415646	79.5893838672	76.2177814882	50.1152680289	68.7121819883	66.6647390336	68.3442743021	70.9821373218
62.3093990544	44.9688219057	63.3375645573	67.1989649106	48.529274163	54.5876576674	67.9824881346	94.2403082206	47.7790499425	61.4213145462	62.7753283693	47.7606262822	46.0609154606	41.7031993964	70.4848188264	64.7813700771	49.9823875433	57.1700456877	64.0250050553	68.1313101088	56.2833998202	47.8386587506	56.7836508494	60.3305154281	65.1450854962	62.1348779598	43.9915780295	64.5310701751	44.324403373	68.0510414296	48.2558490382	63.8106016988	73.3559719132	46.6370983888	65.97730283	60.636219558	68.7037550496	63.8972927568	52.9500968539	69.3633304203	49.5065214347	69.24960995	64.4462513639	53.6915169918	48.0189037714	49.7836972639	74.7582557364	65.887972553	57.9431399588	46.8688159447	53.2732656321	63.6815172455	49.1150604315	51.7609547112	63.3174315655	41.4441341103	51.0935206381	50.8206619673	58.8373707964	37.44767296	50.1502336321	60.5313267763	45.8087704207	42.644229469	59.6335062684	58.8108936377	68.7207140313	38.1560827725	53.7307249164	46.2043032629	53.5419635212	58.1187216676
65.0034032939	69.5375503603	57.2323008154	42.0309879667	65.190469492	51.4009544737	69.1668372141	47.7790499425	94.2403082206	65.0825285393	67.372937044	56.1790275621	66.378939165	51.7976847274	66.3208971593	69.4705360682	48.7339431854	73.2641079699	73.2233339717	66.106674928	67.2135331444	57.0080964268	67.1826605753	57.3898912851	74.8089130382	62.2432375607	58.1961937338	59.8711757615	40.2403224821	74.3429748508	59.712188686	64.8432052018	67.9162010413	54.3808452235	71.3694545488	60.8640376131	69.6589700711	68.1145388498	64.1957026078	63.4767254285	61.9689481515	75.3171085957	57.7403822278	56.004441065	56.4564327626	65.5535189964	54.6534878203	53.7301291805	56.0207630037	54.6158675536	70.5206101754	70.3866709521	65.193825549	63.6851374462	66.027490156	45.6317746758	60.563989883	48.1398532518	66.0127331536	57.1167630024	58.3587967294	78.1570510816	52.3106899205	49.7332828661	58.6873152819	73.180399856	57.6877317295	58.5526191835	59.1270290875	70.2524231034	63.1654923455	65.128436744
61.1276275031	58.5387902386	61.5361004707	62.7624304927	79.5674897877	80.5624392932	78.7200967962	61.4213145462	65.0825285393	94.2403082206	66.816834111	57.5478377412	68.250890607	61.0059468983	86.0430651042	68.4075041667	65.9334194964	71.3819294419	71.6206022223	67.8310528261	79.1723543758	70.1235719285	63.0953108049	82.3687017595	71.1440871833	82.4375055155	65.7180833094	71.8467412891	67.1153253811	81.4349040861	67.3319906552	63.9796600326	80.0151369927	59.2300483407	86.3358063143	75.6872950419	73.0334207403	85.3981811509	78.1888827005	72.2557314236	72.0898423511	71.2927721212	63.93919903	62.132665409	74.5242841843	67.0966909077	74.0019655376	71.611388484	75.7098609459	55.6341928818	72.5949512935	71.8480848772	65.0150444379	67.5253517487	77.7469542992	54.5437656113	67.2907007246	78.1968953412	87.26295108	66.5845325469	75.3252478915	76.3106288927	58.2648396758	55.9457417891	70.2773611197	83.370886897	71.0384647881	65.4768283891	79.1611669584	81.4096350638	77.5183045033	71.1887693173
66.4177486246	60.2677329174	66.3497904607	62.2175689089	57.8954324024	57.2095046242	79.4576895276	62.7753283693	67.372937044	66.816834111	94.2403082206	40.6096350342	54.1549855439	37.6885796783	71.2757897804	69.1846584337	48.0881880121	82.6082787366	66.0507484885	70.9288780057	60.0726086536	48.0068500284	63.5543332602	63.3859450144	62.7004066959	59.5560093304	44.67604698	65.3910061045	40.284778985	74.509299445	46.4103879312	78.7250636424	71.2339852592	43.843177465	75.0633854069	66.0205010288	81.6737823918	63.9633260958	68.9225095117	79.3439661959	50.3781223228	78.7616482195	62.7322321237	75.0605374408	61.3164084887	52.7256663606	64.5370880073	67.2111889463	62.8524459249	43.8895791963	65.2297804233	77.5413477611	55.342920965	58.2806266298	82.1781071792	41.3560199271	53.764952853	48.9387788319	68.1226493947	42.7711053351	57.9817692906	66.7709827013	43.9061675276	38.6691354988	62.12365197	75.3686890303	78.279823828	40.1269652701	69.1965443717	55.7918674842	65.432628138	64.327564064
39.6983175706	37.3413802757	37.5699381831	38.6501673031	52.4986942733	52.0220942536	55.6380449001	47.7606262822	56.1790275621	57.5478377412	40.6096350342	94.2403082206	74.2448919615	77.4409754851	51.740070382	47.5794742018	49.2652991891	46.3781074926	55.9133625866	46.2695824298	60.5564592491	81.2931556354	65.8018794531	53.7995545569	58.0360600029	59.5025253248	60.9903737789	48.7438883707	47.3226233026	51.4391712827	84.0790326789	38.5943332642	54.6477002483	45.668448938	52.0347631801	57.1276635629	50.9555126265	61.1486602465	40.5996258975	42.3205826663	75.5223106776	48.9269717182	46.0325270888	34.6301857637	37.3218513923	53.9064696797	61.1967117479	48.1843855803	61.3490132608	67.8589640215	59.1964622481	52.4387600442	77.9429572709	72.8927024963	43.0657634232	43.4222108705	67.1219439881	52.4617241465	53.1618232192	68.320573704	68.242369661	60.2847739789	68.9917230269	69.6403172163	51.7232049457	63.9112594324	38.6609907122	69.1241489046	44.2709116231	51.2074786957	43.4562461261	53.9383046892
47.205445126	46.601702145	51.1443270232	43.5615782985	69.5754063209	61.3613882865	66.6182841683	46.0609154606	66.378939165	68.250890607	54.1549855439	74.2448919615	94.2403082206	66.5452003733	65.3200195997	56.6733975067	58.0063647419	58.4901579457	69.2566969244	52.9764114252	71.6652946144	68.6141431797	66.6903791873	60.0496442198	64.2163577733	65.7138666675	58.5186717965	60.0470602981	50.2098494077	67.632776356	73.8654999122	49.9693086982	64.3103712853	54.107951405	67.4562936119	68.0973728633	59.9108007725	68.7958622403	59.2098938022	53.6978027259	71.8795863859	59.8845094384	52.4758225877	44.6121094769	60.4090255363	59.8293224642	57.1334539671	58.4343553334	61.7074675665	67.1383916204	67.9950037159	61.635081872	75.5562236581	73.872123714	57.9726244321	48.5616082958	65.8115052847	57.8946438126	66.2462585684	73.390868485	74.0516497361	68.0540733465	61.1502521113	56.0301296768	55.1777137176	71.9421361737	49.5425676212	66.7221094491	57.8698550251	65.8933002769	59.5662442781	65.5584197924
31.3901327346	34.5874241466	34.8658114664	38.9557906996	56.1573425302	57.8023278757	50.5179447573	41.7031993964	51.7976847274	61.0059468983	37.6885796783	77.4409754851	66.5452003733	94.2403082206	53.1130047516	42.2634668472	63.0054931132	42.1818681407	53.9852988901	40.555999528	63.2538036354	86.1633295047	64.118666602	59.5603449206	50.7326821535	59.8689592209	64.7585818228	46.5018703422	66.5477912975	46.1724491994	85.7035451579	34.4738125539	51.9597083412	47.5368861019	49.4210162498	50.5905272194	42.1093329792	59.8466045644	40.2399228926	36.0127634463	84.4207249311	41.2766400249	40.8894543635	32.1891990583	39.2363476542	51.4675406392	58.368179891	47.9399934178	62.0419708979	60.9705112351	55.2944052703	49.2094394661	76.5492923381	71.0014601632	40.1857456814	46.9061586404	71.0239279759	61.2104538907	53.3794035463	73.1829292081	69.6646523239	57.2084394622	61.1563968078	80.0224523645	52.2349635553	65.9808163406	36.6321714773	74.3984798505	47.121993374	56.2104421069	41.1627175794	52.632916397
67.1733700042	64.421608433	69.8713635977	69.1632610251	74.8107753902	76.8575916548	79.6133485528	70.4848188264	66.3208971593	86.0430651042	71.2757897804	51.740070382	65.3200195997	53.1130047516	94.2403082206	68.5316643033	62.3332696965	72.835989053	79.8298021622	75.8488921946	79.4472071391	63.3041758468	65.4975838189	83.0342051224	74.0842914617	79.3613836551	59.383185925	74.4032774568	57.238740534	85.5730425094	60.347268548	67.8508966492	84.8660084163	60.3078510213	86.2278890675	76.5770544887	81.7188647324	85.0673287953	79.6795792781	78.0374098265	64.429169758	80.4009531666	67.9177087393	66.54924414	74.8131888906	61.1325006048	77.9489278337	74.6866043932	72.1483119904	50.4967805375	70.9848989494	74.8671879266	63.7667169813	64.9421763219	81.1512808203	55.9539219912	61.5037367393	71.4801525091	85.6896619949	57.9407689968	75.6613514584	77.3055012516	50.2913492482	49.9823026703	70.9077356139	79.4943660454	76.5571137358	56.5064954533	77.5473062505	72.8720241173	70.8852893166	72.3349444753
70.3107618031	56.8462306985	68.1599797576	52.3760149146	56.6625741582	52.2007798195	77.1601817536	64.7813700771	69.4705360682	68.4075041667	69.1846584337	47.5794742018	56.6733975067	42.2634668472	68.5316643033	94.2403082206	41.4387084903	69.6302885402	72.890881272	73.8046584795	64.060400422	48.6435659382	64.8013586174	55.2194526455	74.1900569644	67.9605524974	53.8067345703	66.1330062223	40.0387552848	73.8314750565	51.4899459976	81.4977181276	71.5154569032	53.8842626114	78.683432149	61.9548514147	71.2665260774	69.028345305	61.5173555717	72.7213652564	55.1572464955	78.7026772168	75.4187638688	52.9356701379	54.0812188745	66.3994718174	62.322687599	71.3107464172	57.7908855419	57.5288329828	68.5124903533	71.2943747723	55.3369750063	57.1517991689	69.6200152884	40.0126479542	53.6482873138	52.4193900918	63.1757194915	45.3700687853	54.5035396947	74.5027346625	42.6962023561	39.544260164	65.7676515868	66.6639677411	61.7605585685	42.2461819133	57.0560066958	60.9266825961	66.4418517959	60.2240050643
36.1895852122	42.4816500665	45.4736426538	45.5780927919	65.5643969527	63.5199223981	55.8322352863	49.9823875433	48.7339431854	65.9334194964	48.0881880121	49.2652991891	58.0063647419	63.0054931132	62.3332696965	41.4387084903	94.2403082206	49.8768620366	51.816878442	53.2238938827	60.0754955558	63.1504850352	52.2555801577	67.623980611	51.3666816798	62.094466081	57.1553257505	55.5577475323	67.1331768767	60.4858144828	60.4896790761	42.1043086213	60.6721496569	44.1457651517	55.9194858851	59.0584712292	54.0834139485	60.7270320493	55.0464158109	42.6446107734	66.7904462123	53.1312392535	42.5110187653	49.4245378516	53.464713873	53.7180391658	57.574851184	46.7144939768	51.9287200499	40.1818462967	52.2202824263	52.9421748423	57.9263499729	56.829510093	55.2968386321	59.226310611	64.9352895085	60.0074454168	67.5589666744	56.1168359996	64.4426339543	52.8751226462	48.2096259962	59.9041263623	48.294536088	67.9792553576	49.2786262195	59.5113486458	56.8126644391	59.4300730027	47.6148902068	49.0965269184
63.323575696	62.2376738881	64.1214262254	54.0883002796	64.0476313156	55.3057156414	77.2776033238	57.1700456877	73.2641079699	71.3819294419	82.6082787366	46.3781074926	58.4901579457	42.1818681407	72.835989053	69.6302885402	49.8768620366	94.2403082206	65.4129622686	70.5538011078	63.4814735705	51.8347806226	67.9210979848	66.1183671901	68.493217387	63.1304944431	52.7127941982	65.6952115611	39.3036545894	75.5730240328	51.2578027879	75.5960702482	69.3861061128	46.4726526825	74.3727145742	64.7392976269	79.3275967251	67.1669524912	70.018755172	74.7787438284	55.1790793022	81.2448181655	63.2152519346	67.679879278	65.3480208592	63.0852621525	63.4467060738	59.5160249861	60.3137097369	47.5548943954	65.1156653258	75.5831729889	57.2117294698	64.916586605	78.419495264	47.8902052989	55.8450118005	53.0624923133	74.4625795516	47.094757033	59.331056618	70.310016687	50.2338824535	43.0382528852	63.7857596829	77.0201922291	75.2188437979	44.7759687621	69.040197067	66.8166428895	68.3699415377	72.0121950553
70.6664726521	68.0249958139	71.9536296567	56.2804355035	67.9480164025	60.2404026091	76.7647096286	64.0250050553	73.2233339717	71.6206022223	66.0507484885	55.9133625866	69.2566969244	53.9852988901	79.8298021622	72.890881272	51.816878442	65.4129622686	94.2403082206	73.775826165	73.8632090032	58.6334197457	69.3354054718	65.0301612197	73.7992215689	70.8345365681	53.1941217107	68.9187800928	43.5622519979	80.524266132	62.1337745286	70.3826127099	76.0308579779	65.8944277616	80.3385426083	70.2079995672	77.9555878789	75.7541273745	66.8128177964	71.5980343518	63.3654868193	77.7852952054	71.0122662354	59.3990841332	64.1391800582	60.1611754744	67.3533435322	71.4455083128	60.0429040897	57.0638418662	71.4949182894	73.0661018281	69.5817293567	67.4358824349	69.9202981237	48.4869310768	58.0548967597	55.8375495227	71.2706541612	58.7489364632	70.2128296812	81.7338027019	43.9912596354	45.251279346	63.1285403784	72.9023856776	65.9153655586	55.5027722081	62.793415278	67.024643056	59.2509842483	67.2606912197
66.7786384317	64.2806074848	70.9885157678	52.9002377797	59.1148265353	57.491421784	75.9952655738	68.1313101088	66.106674928	67.8310528261	70.9288780057	46.2695824298	52.9764114252	40.555999528	75.8488921946	73.8046584795	53.2238938827	70.5538011078	73.775826165	94.2403082206	66.729156756	49.7540113239	62.2905343322	63.4479357141	71.4475471927	68.6642943461	49.839353975	66.0989888826	41.172638143	75.9779280378	49.8951718838	74.8103727746	76.6768635233	55.5419146311	74.2297644807	66.192661915	77.7139325241	70.6746222198	61.0584371829	70.8875376247	54.0666956149	81.6165741616	70.7208159676	61.8199404859	55.9064688873	59.4941485279	63.9057255966	66.4603530584	57.7373995833	50.3181759672	65.9092797796	69.7682785908	56.293632928	55.5610512735	70.2327714081	43.7840188226	51.7739331145	51.822874203	69.4600741042	43.1601907612	57.0326111596	75.5966948162	44.0231933151	40.8510354877	66.4250961606	66.3730743857	66.4124020855	42.7547160247	59.0167718845	58.696124244	60.3542494166	61.6567334977
56.5448658677	60.8284971461	64.716865849	54.6388641861	76.1525137117	75.697316458	69.4743088245	56.2833998202	67.2135331444	79.1723543758	60.0726086536	60.5564592491	71.6652946144	63.2538036354	79.4472071391	64.060400422	60.0754955558	63.4814735705	73.8632090032	66.729156756	94.2403082206	69.3380313708	69.3746504616	75.8472112381	74.5973301471	76.7534493353	68.3712253699	71.9769555169	59.6451848737	73.8953252366	69.2568270643	59.5981270073	79.7122107436	62.0378947945	76.3876508487	71.8036619532	69.4096204732	82.4449997319	69.243039382	65.4199638222	69.1790779984	68.344778478	62.817615464	51.8661735719	62.3070981912	61.7906802756	68.3400937212	68.0571337619	66.4473138755	57.0273148524	78.3406222097	66.1827606142	67.2145984214	67.638463729	69.1379055351	59.3560929709	70.3510956683	72.9390691572	74.5042916952	70.8624467286	72.2235088169	78.013397235	58.827434992	59.585332027	65.8129163825	73.0312948119	59.1581924169	65.078537125	69.2689449566	73.3441068415	69.915187	68.6362129299
41.2993952268	41.7538983559	43.2372583839	44.4704373387	60.3487213824	63.9390074601	60.3593724367	47.8386587506	57.0080964268	70.1235719285	48.0068500284	81.2931556354	68.6141431797	86.1633295047	63.3041758468	48.6435659382	63.1504850352	51.8347806226	58.6334197457	49.7540113239	69.3380313708	94.2403082206	65.9992787873	71.2173772589	56.5820315236	67.166706761	69.1853679168	53.7703076267	63.1750434705	56.2569513554	87.4987797051	41.2053919219	60.3773526441	46.4064259878	59.5539480669	59.9797163594	53.8618049002	70.8536069294	50.4964870262	45.5683332035	88.1311708247	51.3807376387	45.3503409618	38.9381323331	44.7579732461	60.0017080483	66.7977633308	55.6720167009	68.6352431769	62.2561164054	63.8070122342	56.1754094014	77.9533739248	74.7527907112	51.2431845255	48.3109724268	73.0310532069	69.0546936129	63.3919612504	72.1503046505	73.83863012	63.198698247	64.7657100597	80.9724461122	61.4229659462	73.9320748421	46.3986297574	74.8165808916	54.8039778335	62.4540791687	49.5075431819	58.9344009062
59.1923382672	52.4907642385	57.4513972262	49.2703246083	57.4722020897	52.0294188245	68.8773862902	56.7836508494	67.1826605753	63.0953108049	63.5543332602	65.8018794531	66.6903791873	64.118666602	65.4975838189	64.8013586174	52.2555801577	67.9210979848	69.3354054718	62.2905343322	69.3746504616	65.9992787873	94.2403082206	61.9183593988	71.9678365321	63.1091095138	65.8933602591	58.6737316009	40.6978973521	63.7053661927	66.5966116965	62.2133505551	65.6690382458	48.8292875551	64.7863205035	61.4877990866	68.5626054052	68.2704535837	53.4051928642	66.72062671	66.5638373739	67.815256318	64.8977557441	58.7838542439	47.0657875752	62.8486548712	64.7643013291	67.46023716	64.8954594462	64.5686713424	64.1595367147	71.8357302546	71.2951927792	71.5889135109	65.0863552677	47.1030944841	65.7234413883	52.3623586279	60.4511271869	62.2671298444	64.0971672877	68.6566829979	62.5488332753	56.3058262599	54.1502855782	73.0125023333	61.564214286	60.392982069	56.5309514128	57.8746431569	54.4080960032	68.2239482548
55.2496315508	54.6148684277	56.5303776104	66.8312371627	68.618209178	81.3794825178	67.3267788934	60.3305154281	57.3898912851	82.3687017595	63.3859450144	53.7995545569	60.0496442198	59.5603449206	83.0342051224	55.2194526455	67.623980611	66.1183671901	65.0301612197	63.4479357141	75.8472112381	71.2173772589	61.9183593988	94.2403082206	63.82763233	73.3540136332	65.0656761836	65.4358505645	69.2837962984	72.4221162667	61.6116792351	57.2022199255	78.1673054071	51.91093202	74.086721203	72.645095849	71.2881378628	81.5288125508	68.5881982476	67.1581375862	67.7457904131	67.6150399987	54.056319417	59.6311646819	65.8318100603	60.1940965282	74.47752282	65.7583111478	73.7554544535	46.5421520124	64.7076766186	67.4042425823	58.0745878426	57.6928544001	72.5360030525	55.9120727735	70.3321073068	75.3071971893	84.0120622423	61.0594365223	73.9397790896	61.6221393962	60.7505959702	64.1637999133	65.1574739922	75.9917531529	70.0046075844	60.6491842407	79.811628103	69.6285379648	70.8750211931	67.8733237091
65.1433818459	65.2086333285	65.8644275564	47.1282884626	64.6616250429	55.9938645111	70.6237143196	65.1450854962	74.8089130382	71.1440871833	62.7004066959	58.0360600029	64.2163577733	50.7326821535	74.0842914617	74.1900569644	51.3666816798	68.493217387	73.7992215689	71.4475471927	74.5973301471	56.5820315236	71.9678365321	63.82763233	94.2403082206	71.9930978261	61.9890459063	68.5378313307	43.1654419821	76.919752807	58.4941669822	69.6644994019	78.3734288182	67.6098474181	76.500164393	64.5077874924	73.7245452743	79.1486837482	62.8809783474	69.9318064513	57.9895320925	77.6818751707	72.8812672696	54.6218278507	50.6422126012	69.6686298459	62.6841270246	68.1874565897	62.1404927256	54.8588533978	73.7023004652	68.591088036	60.7074054479	62.7454099536	66.682305075	51.8551990509	62.1788695037	59.7153064859	68.8857246559	55.1540046583	57.0844598351	77.630581914	56.0774271162	50.0763964633	63.837687011	71.7101086827	63.2849307163	55.4651888504	55.6340152777	64.7898624616	66.0723421358	63.2641381718
62.5775978116	56.9064389855	59.1008678878	59.6745020296	74.66177451	74.6773574364	70.9075626129	62.1348779598	62.2432375607	82.4375055155	59.5560093304	59.5025253248	65.7138666675	59.8689592209	79.3613836551	67.9605524974	62.094466081	63.1304944431	70.8345365681	68.6642943461	76.7534493353	67.166706761	63.1091095138	73.3540136332	71.9930978261	94.2403082206	71.7288041574	72.2287361221	65.5752511423	75.6450561878	68.5248051457	61.0969438186	75.8406723125	62.5935919956	80.3694154692	72.0574111871	69.2829299145	83.6061997266	71.2814000338	66.6876492842	70.1280897311	67.7936852149	62.8043068574	56.8270656754	64.6562467162	69.4357766075	71.6252410773	67.4271662768	71.383020901	58.8675329229	69.2357957182	66.5116625042	67.0759070821	65.4223731814	69.9710623326	56.8015657772	64.5049723241	73.7804909495	78.0933955398	63.7375905095	74.0286721982	73.523394215	58.1271883567	57.3404319642	64.4411949921	75.5011309517	60.9479634615	64.8287978843	67.7014119263	74.2900337367	71.2166567878	64.2849517306
45.6639661826	48.4325256055	42.5545158271	45.4474289147	66.8479449219	61.4146822071	53.0369258469	43.9915780295	58.1961937338	65.7180833094	44.67604698	60.9903737789	58.5186717965	64.7585818228	59.383185925	53.8067345703	57.1553257505	52.7127941982	53.1941217107	49.839353975	68.3712253699	69.1853679168	65.8933602591	65.0656761836	61.9890459063	71.7288041574	94.2403082206	50.5814144051	65.0085726501	55.9988736305	67.152620203	46.182135714	59.3374307962	46.796427039	57.6095427575	56.0830905602	52.7967200136	72.2618910499	52.0859562207	51.46514178	65.9429478265	51.6646867645	50.4638328678	42.2821030491	44.1772176757	65.5337656686	62.9384767718	47.9837331709	63.8997569184	51.9880185719	55.6660568675	51.8052482402	54.3192132852	61.6645334677	52.0354390133	43.7174671542	73.489418645	67.6334227817	64.984493091	62.3633808177	65.7267385395	57.6495571514	64.1174255651	72.2665590653	55.9141344402	63.4696418746	45.3711317811	62.1613520886	53.0600212989	64.0892002412	60.381650125	57.0789724296
61.2684138098	58.6850067306	72.6911568041	56.7193414708	62.0620569577	64.3902549748	73.5240274468	64.5310701751	59.8711757615	71.8467412891	65.3910061045	48.7438883707	60.0470602981	46.5018703422	74.4032774568	66.1330062223	55.5577475323	65.6952115611	68.9187800928	66.0989888826	71.9769555169	53.7703076267	58.6737316009	65.4358505645	68.5378313307	72.2287361221	50.5814144051	94.2403082206	48.9190419237	74.339007746	52.374483096	66.7823193403	74.6728758456	55.8680215626	77.052302548	65.0815849661	68.1651268147	75.2692985405	62.8870840942	67.5586622886	55.7386993666	73.2685518133	66.698499942	53.2629507685	62.0049475702	62.6382872991	64.7316599368	62.3530422269	56.723270845	44.852838198	67.9710983959	62.4926724879	55.8307445059	51.4307713466	66.3518901133	53.1702191627	53.7857357225	56.3555416791	65.4333200557	48.1587398102	64.5299518542	72.859781016	39.6463602833	43.0319400829	66.2122346876	68.6812381496	63.2446005035	42.095039234	66.0064798341	59.7839674995	68.0503024362	65.2984619217
32.0218606642	32.852118182	32.2536114058	52.8739308167	67.0019017665	70.5242688796	45.2932672873	44.324403373	40.2403224821	67.1153253811	40.284778985	47.3226233026	50.2098494077	66.5477912975	57.238740534	40.0387552848	67.1331768767	39.3036545894	43.5622519979	41.172638143	59.6451848737	63.1750434705	40.6978973521	69.2837962984	43.1654419821	65.5752511423	65.0085726501	48.9190419237	94.2403082206	49.1761132358	59.2499596886	37.1015665814	55.4877400073	45.9484002575	53.2251938823	54.9980104933	40.6888495323	61.2321119852	48.1349166465	42.3497278345	62.0631040143	37.3137481874	35.331209574	39.7744645191	51.39865307	49.6858737316	59.9588308516	43.2468386024	64.6591540945	44.6187349029	44.6841435838	44.9326531662	45.8814916174	44.8820756496	46.6115949354	52.0599811626	68.550200901	66.4498931089	65.1901108158	63.0160848014	62.9991307784	45.3904887976	56.8331768439	67.9046348222	46.9505511863	58.8626404075	41.2763899374	57.4183621357	57.5466538455	57.8255587553	56.5419881881	44.927654594
69.8007800308	72.4160379401	71.1654264868	62.3908446952	73.8494473818	67.0685434877	80.2445600963	68.0510414296	74.3429748508	81.4349040861	74.509299445	51.4391712827	67.632776356	46.1724491994	85.5730425094	73.8314750565	60.4858144828	75.5730240328	80.524266132	75.9779280378	73.8953252366	56.2569513554	63.7053661927	72.4221162667	76.919752807	75.6450561878	55.9988736305	74.339007746	49.1761132358	94.2403082206	56.2925318702	72.4054467357	80.627610456	57.4959370709	86.5605064279	73.9491056336	82.930976625	80.4098671308	79.3204501069	76.5679536073	59.5883610675	84.4920101585	70.9492135126	66.9737147736	76.7802411761	67.4652232679	67.9798474185	68.3123597817	68.0123724064	54.2646109805	71.996674235	76.7058406376	62.4818321913	63.7268684302	82.3370977429	51.3927278777	61.9770141295	60.3596882998	82.0658891269	54.9935206634	68.4594479947	81.7844133293	47.8960242001	45.0084069281	65.7447766187	79.0212843052	75.9531464664	54.3680631149	73.2686844784	73.4489513184	72.044283965	66.597709008
44.293481134	41.124826222	44.9104728053	42.2709958805	63.3628138635	61.5697273272	60.4985859487	48.2558490382	59.712188686	67.3319906552	46.4103879312	84.0790326789	73.8654999122	85.7035451579	60.347268548	51.4899459976	60.4896790761	51.2578027879	62.1337745286	49.8951718838	69.2568270643	87.4987797051	66.5966116965	61.6116792351	58.4941669822	68.5248051457	67.152620203	52.374483096	59.2499596886	56.2925318702	94.2403082206	42.4582831054	59.5540342159	48.5075317392	59.805090406	61.2944337914	55.0941066355	66.0007670638	52.3529157944	45.0752975763	87.6587516889	50.6741317194	48.1496420273	40.3535237985	43.9369848539	58.7886649663	66.422588376	56.14798038	62.8433371385	69.7312543516	65.0430240429	57.2092156056	84.3282090914	79.7725531153	49.768053292	48.6694148238	72.0263991578	65.1565364004	60.6205843657	76.6531175027	74.0291922046	65.7351735034	64.0599431851	79.1497181449	59.1722638795	72.0095328082	42.1806110158	76.1239121716	49.073434888	62.1980999529	47.5224254597	59.1258446622
72.4101617115	63.9567301293	70.978177969	56.8686516322	53.5261951133	52.0859183416	77.985123682	63.8106016988	64.8432052018	63.9796600326	78.7250636424	38.5943332642	49.9693086982	34.4738125539	67.8508966492	81.4977181276	42.1043086213	75.5960702482	70.3826127099	74.8103727746	59.5981270073	41.2053919219	62.2133505551	57.2022199255	69.6644994019	61.0969438186	46.182135714	66.7823193403	37.1015665814	72.4054467357	42.4582831054	94.2403082206	70.4070615016	51.6911218438	74.8216868703	64.1666219676	78.375794406	63.7833704171	61.5887073015	76.3634595893	44.3246771418	80.9582626441	72.2174748261	64.4802865927	59.2750966911	61.6690486925	62.1285341623	69.0942768048	56.7637077186	48.164570577	63.2472631966	73.9125162898	51.8165765333	51.5519344565	73.6666213984	39.7333052481	46.3314501106	46.4041672812	64.2647508943	34.5497907679	55.3439808265	70.0579228512	37.3006306118	32.8803816425	64.2190252332	66.3163781444	71.3194688247	33.4265481723	63.159539268	54.5687978817	65.5860631843	64.767091598
66.965607889	58.9540169842	68.6306842336	63.952368025	71.6494195536	75.3878939594	76.6682446771	73.3559719132	67.9162010413	80.0151369927	71.2339852592	54.6477002483	64.3103712853	51.9597083412	84.8660084163	71.5154569032	60.6721496569	69.3861061128	76.0308579779	76.6768635233	79.7122107436	60.3773526441	65.6690382458	78.1673054071	78.3734288182	75.8406723125	59.3374307962	74.6728758456	55.4877400073	80.627610456	59.5540342159	70.4070615016	94.2403082206	60.3146225372	82.4932191729	76.4466229669	79.5891070345	79.8764069918	74.1301673598	78.3569223156	60.5260548729	78.5526354512	64.9244915834	64.2122862259	65.4526106093	59.8457092416	74.1860602567	72.8014809134	70.1751482925	51.8361353553	74.3237337952	70.7394524863	59.6795570912	60.8459023094	78.5719739275	53.2424042614	63.6266594141	66.8445794892	78.302313329	59.8505754115	67.6991946589	73.5084745332	55.9049209354	50.6769408443	68.9418962505	74.7691840345	73.54711482	54.018785181	70.5086925383	68.2539537766	74.1079790532	71.5926627389
52.9853995341	56.9627881902	54.5810900558	42.8531679628	55.2368431709	52.7420846925	51.5745976935	46.6370983888	54.3808452235	59.2300483407	43.843177465	45.668448938	54.107951405	47.5368861019	60.3078510213	53.8842626114	44.1457651517	46.4726526825	65.8944277616	55.5419146311	62.0378947945	46.4064259878	48.8292875551	51.91093202	67.6098474181	62.5935919956	46.796427039	55.8680215626	45.9484002575	57.4959370709	48.5075317392	51.6911218438	60.3146225372	94.2403082206	58.7171966419	55.5708347187	52.3671526177	62.1456328397	50.8809443024	49.6867681236	49.8572460819	55.3000140638	57.888203661	39.1924208329	43.0687069055	48.5226268365	48.1899022542	53.1730836363	49.3401758881	40.8562351032	64.0760623506	49.8778862022	52.1218313693	46.0481824184	44.4339529083	45.8365009875	48.7956749116	56.5115283965	53.825246668	52.8332121253	55.0339146055	62.3653700453	42.0631402034	40.0487808045	54.3207979433	53.436431348	41.8690336781	44.0677682312	51.7426366195	52.8386986793	50.1767948978	48.5374464413
68.9722648492	62.7402803532	71.2006163813	63.3286525441	74.6269404791	71.2704250739	83.3041149778	65.97730283	71.3694545488	86.3358063143	75.0633854069	52.0347631801	67.4562936119	49.4210162498	86.2278890675	78.683432149	55.9194858851	74.3727145742	80.3385426083	74.2297644807	76.3876508487	59.5539480669	64.7863205035	74.086721203	76.500164393	80.3694154692	57.6095427575	77.052302548	53.2251938823	86.5605064279	59.805090406	74.8216868703	82.4932191729	58.7171966419	94.2403082206	74.1693073454	80.4082509374	84.2212547014	81.41152678	82.2402321551	64.2551610864	80.9533676672	72.2777469346	66.1485277349	74.5744971085	67.3635305691	71.1078831768	76.3280762268	69.1865606689	56.2852789628	74.8831393824	77.2330847373	63.404813944	65.5602686293	83.8311851129	48.1348162622	59.3126944565	68.5406664217	81.5471905069	58.9074879944	69.6670749689	81.2441305071	48.0870921572	45.8635299282	71.9771146875	81.9756371328	74.1999835162	55.3410680957	74.8854344624	75.5618934227	77.8618917386	67.8872079505
60.8814876558	55.6041725488	58.6100922448	67.2969315166	66.9728927672	73.3283693731	72.5175512885	60.636219558	60.8640376131	75.6872950419	66.0205010288	57.1276635629	68.0973728633	50.5905272194	76.5770544887	61.9548514147	59.0584712292	64.7392976269	70.2079995672	66.192661915	71.8036619532	59.9797163594	61.4877990866	72.645095849	64.5077874924	72.0574111871	56.0830905602	65.0815849661	54.9980104933	73.9491056336	61.2944337914	64.1666219676	76.4466229669	55.5708347187	74.1693073454	94.2403082206	74.4602738914	72.8000463952	68.4646607065	68.6138948713	60.827474888	68.7064479383	57.9371464128	58.4233254404	71.0374547997	54.7962038778	72.2228695054	65.5011894249	64.9181630965	56.9098310402	67.6846409348	66.456632923	63.5743216059	58.2286160763	70.9498260077	47.3306679133	61.036932611	59.5819343087	76.3517741009	62.1004914993	76.234584497	69.1328431058	59.1468921909	51.2768948667	66.0546061476	71.0795707823	66.178972258	53.4198110827	71.3219441512	64.7952685809	67.2103168718	73.687412805
73.2631154052	69.0006026191	72.1123816698	64.5746816826	65.5289840261	64.1948730388	79.9911092469	68.7037550496	69.6589700711	73.0334207403	81.6737823918	50.9555126265	59.9108007725	42.1093329792	81.7188647324	71.2665260774	54.0834139485	79.3275967251	77.9555878789	77.7139325241	69.4096204732	53.8618049002	68.5626054052	71.2881378628	73.7245452743	69.2829299145	52.7967200136	68.1651268147	40.6888495323	82.930976625	55.0941066355	78.375794406	79.5891070345	52.3671526177	80.4082509374	74.4602738914	94.2403082206	75.0550985083	72.7466328246	82.1439730516	55.5103374005	85.2775017019	66.6022562777	75.3472998474	66.3822340385	59.2453820805	75.3800709055	73.8295022196	62.6804456124	50.237879586	69.9865578591	78.8577526514	63.9208767763	64.4053667881	83.2659613227	46.8609286141	54.2450075031	54.373780838	77.6253356348	48.1975731303	65.999815714	73.0837747278	44.5017765389	43.203244023	63.2160485867	76.9975733803	79.9571660376	47.527732889	71.346564161	61.1438823621	65.3944613504	71.061431951
62.8937526086	65.2277809826	65.3598190371	60.5155445069	74.8297501428	75.9508564583	75.0330181594	63.8972927568	68.1145388498	85.3981811509	63.9633260958	61.1486602465	68.7958622403	59.8466045644	85.0673287953	69.028345305	60.7270320493	67.1669524912	75.7541273745	70.6746222198	82.4449997319	70.8536069294	68.2704535837	81.5288125508	79.1486837482	83.6061997266	72.2618910499	75.2692985405	61.2321119852	80.4098671308	66.0007670638	63.7833704171	79.8764069918	62.1456328397	84.2212547014	72.8000463952	75.0550985083	94.2403082206	69.7405251	72.1326576718	70.7071966512	75.539313257	68.4893720811	58.5768998078	63.851024818	69.1158841212	72.7482044768	72.2982629302	70.4784972072	55.5102352196	74.4696187795	70.3937599236	64.8495977438	65.6203304753	72.6036483398	54.2525814747	68.9797662838	76.2307778044	80.9617891394	63.740457862	73.2892630055	78.4653902869	58.3886419334	58.3481549812	70.2628151475	80.5181414782	68.0408444369	64.8238271891	73.1817109556	76.6736735131	75.8994827386	68.5222966315
