Tissue	braincerebellum
N_samples	102
Chr	19
Gene	ENSG00000268182.1
SNP	rs4801377
Gene_list	ENSG00000273079.1	ENSG00000162494.5	ENSG00000268182.1	ENSG00000109452.8	ENSG00000174473.11	ENSG00000196482.12
Gene expression stats (Y^T * Y): 
94.2403082206	67.3066332786	61.2817190721	73.5530525707	56.9362218134	68.6691402713
67.3066332786	94.2403082206	57.1314401544	59.9408494005	60.2659409507	55.8092460006
61.2817190721	57.1314401544	94.2403082206	56.893787164	60.9756218051	57.3826661618
73.5530525707	59.9408494005	56.893787164	94.2403082206	53.6297079189	69.2590542825
56.9362218134	60.2659409507	60.9756218051	53.6297079189	94.2403082206	36.8290597572
68.6691402713	55.8092460006	57.3826661618	69.2590542825	36.8290597572	94.2403082206
Genotype stats (X^T * X): 	37.3593055784
Gene expression - Genotype stats (Y^T * X): 
-7.78748039327	-18.1961330964	-20.1693110985	-7.01336987832	-17.4837127805	-6.12316926052