Tissue	braincerebellum
N_samples	102
Chr	5
Gene	ENSG00000187678.8
SNP	rs10463351
Gene_list	ENSG00000120875.4	ENSG00000177875.3	ENSG00000167550.6	ENSG00000081181.3	ENSG00000187678.8	ENSG00000244405.3
Gene expression stats (Y^T * Y): 
94.2403082206	55.4463677663	57.6466495305	66.4210717625	67.284762778	63.9794390513
55.4463677663	94.2403082206	46.0104582461	50.2253699698	60.4149162334	57.1919258443
57.6466495305	46.0104582461	94.2403082206	53.2781834582	56.5552055485	47.1307576228
66.4210717625	50.2253699698	53.2781834582	94.2403082206	57.090415474	56.8191019758
67.284762778	60.4149162334	56.5552055485	57.090415474	94.2403082206	66.2895535998
63.9794390513	57.1919258443	47.1307576228	56.8191019758	66.2895535998	94.2403082206
Genotype stats (X^T * X): 	32.6666666667
Gene expression - Genotype stats (Y^T * X): 
-5.14788922936	-11.2683990048	-10.4549324946	-5.88190272551	-16.9603243559	-8.72655283921