Tissue	braincerebellum
N_samples	102
Chr	6
Gene	ENSG00000112139.10
SNP	rs71569388
Gene_list	ENSG00000187608.5	ENSG00000099875.10	ENSG00000130254.7	ENSG00000215788.5	ENSG00000112139.10	ENSG00000124181.10	ENSG00000108799.8	ENSG00000178233.13	ENSG00000010322.11	ENSG00000168268.6	ENSG00000012822.11	ENSG00000135473.10	ENSG00000108604.11	ENSG00000186815.8	ENSG00000115415.14
Gene expression stats (Y^T * Y): 
94.2403082206	-36.3847802279	-41.6809263609	-41.19005932	-57.019267484	-50.899222706	-48.0753557763	-51.2102253349	-52.7409035233	-36.1958501963	-48.4617733252	-43.0524435992	-46.6135111821	-51.8985729681	67.7108310514
-36.3847802279	94.2403082206	49.8507087053	46.4281545471	58.6437326467	51.9171401812	33.8758696815	37.254985886	46.5223808759	34.8752228119	36.5053445228	24.0526031939	48.0248093947	31.0607726398	-44.2585104428
-41.6809263609	49.8507087053	94.2403082206	59.6501560661	58.643196055	62.7896147927	60.2088264407	20.8625521384	53.1855893715	33.4463317594	57.0293994171	49.4768373599	26.4669310713	53.142748269	-61.3444083699
-41.19005932	46.4281545471	59.6501560661	94.2403082206	61.6623812983	54.7570536941	39.4422122089	41.437665543	55.492498541	46.2508178377	48.1813507361	46.2265771071	37.0391492087	53.5084082962	-57.2097359721
-57.019267484	58.6437326467	58.643196055	61.6623812983	94.2403082206	69.0952972815	60.9707546921	66.7882538262	76.7004058549	60.1173137798	59.4239759303	59.8999923694	60.7861869694	71.8581348596	-57.3474979703
-50.899222706	51.9171401812	62.7896147927	54.7570536941	69.0952972815	94.2403082206	63.522352895	46.3550370327	62.8209077752	57.3034563297	69.9581296435	52.2905376332	52.8806125045	62.1111950387	-61.9296294942
-48.0753557763	33.8758696815	60.2088264407	39.4422122089	60.9707546921	63.522352895	94.2403082206	25.0267377915	50.8864214526	33.7000836561	54.6238428236	63.3055576403	30.163524353	56.6997054082	-52.3172214339
-51.2102253349	37.254985886	20.8625521384	41.437665543	66.7882538262	46.3550370327	25.0267377915	94.2403082206	65.7478851208	52.7549339418	38.8142671842	26.5170129687	74.2253634444	61.2153361044	-38.2047919608
-52.7409035233	46.5223808759	53.1855893715	55.492498541	76.7004058549	62.8209077752	50.8864214526	65.7478851208	94.2403082206	71.7733498512	56.8536043427	38.1913052	65.7018602211	71.4571456913	-53.2576812785
-36.1958501963	34.8752228119	33.4463317594	46.2508178377	60.1173137798	57.3034563297	33.7000836561	52.7549339418	71.7733498512	94.2403082206	44.0924159037	24.7618451323	56.1213675863	55.4690330397	-44.3944347438
-48.4617733252	36.5053445228	57.0293994171	48.1813507361	59.4239759303	69.9581296435	54.6238428236	38.8142671842	56.8536043427	44.0924159037	94.2403082206	52.7942663122	38.7207384674	57.8409338079	-57.3316189832
-43.0524435992	24.0526031939	49.4768373599	46.2265771071	59.8999923694	52.2905376332	63.3055576403	26.5170129687	38.1913052	24.7618451323	52.7942663122	94.2403082206	28.2252446723	50.5059679868	-50.5986783649
-46.6135111821	48.0248093947	26.4669310713	37.0391492087	60.7861869694	52.8806125045	30.163524353	74.2253634444	65.7018602211	56.1213675863	38.7207384674	28.2252446723	94.2403082206	48.1943077591	-40.8005980803
-51.8985729681	31.0607726398	53.142748269	53.5084082962	71.8581348596	62.1111950387	56.6997054082	61.2153361044	71.4571456913	55.4690330397	57.8409338079	50.5059679868	48.1943077591	94.2403082206	-51.9298813082
67.7108310514	-44.2585104428	-61.3444083699	-57.2097359721	-57.3474979703	-61.9296294942	-52.3172214339	-38.2047919608	-53.2576812785	-44.3944347438	-57.3316189832	-50.5986783649	-40.8005980803	-51.9298813082	94.2403082206
Genotype stats (X^T * X): 	19.1864978431
Gene expression - Genotype stats (Y^T * X): 
7.38245345676	-11.9212871385	-14.4949181405	-10.7396365283	-15.3784652592	-7.75680060533	-7.84132603529	-6.73792316812	-11.6579776407	-3.46070685364	-9.04454849695	-5.1570893452	-6.306871643	-13.6161576606	11.8408670729