Tissue	braincerebellum
N_samples	102
Chr	11
Gene	ENSG00000126432.9
SNP	rs3802933
Gene_list	ENSG00000185883.6	ENSG00000104964.10	ENSG00000159335.11	ENSG00000111674.4	ENSG00000105649.5	ENSG00000105711.6	ENSG00000160014.12	ENSG00000101210.6	ENSG00000126432.9	ENSG00000172757.8	ENSG00000077809.8
Gene expression stats (Y^T * Y): 
94.2403082206	65.3035531441	68.5419687739	55.7797951826	70.1670800895	60.734839614	63.8961682344	64.8062824234	70.1570188869	68.0568787873	-59.5619751682
65.3035531441	94.2403082206	70.2049024342	46.1777131666	50.5377179897	48.6206620133	52.2439411484	50.7635066838	58.5233437282	57.9854717078	-47.834499521
68.5419687739	70.2049024342	94.2403082206	43.9687832897	45.7382151197	39.9381814802	53.4992204945	44.3542477054	58.4482937014	53.4973224633	-50.8520338162
55.7797951826	46.1777131666	43.9687832897	94.2403082206	64.1409250724	56.225952456	62.0022464687	64.0131172401	59.4352778447	70.6969225541	-45.857200248
70.1670800895	50.5377179897	45.7382151197	64.1409250724	94.2403082206	48.8110655296	66.6462867152	58.3418268619	57.0729783083	70.055307537	-44.9472078253
60.734839614	48.6206620133	39.9381814802	56.225952456	48.8110655296	94.2403082206	50.5099212019	79.1233142257	59.8710818564	61.1000304098	-66.1193148819
63.8961682344	52.2439411484	53.4992204945	62.0022464687	66.6462867152	50.5099212019	94.2403082206	59.8776828131	59.3323253732	64.3103094911	-54.0600696434
64.8062824234	50.7635066838	44.3542477054	64.0131172401	58.3418268619	79.1233142257	59.8776828131	94.2403082206	67.0592708208	69.4335005644	-64.4697969106
70.1570188869	58.5233437282	58.4482937014	59.4352778447	57.0729783083	59.8710818564	59.3323253732	67.0592708208	94.2403082206	70.2277276556	-63.5160589968
68.0568787873	57.9854717078	53.4973224633	70.6969225541	70.055307537	61.1000304098	64.3103094911	69.4335005644	70.2277276556	94.2403082206	-65.9612608694
-59.5619751682	-47.834499521	-50.8520338162	-45.857200248	-44.9472078253	-66.1193148819	-54.0600696434	-64.4697969106	-63.5160589968	-65.9612608694	94.2403082206
Genotype stats (X^T * X): 	24.8779609902
Gene expression - Genotype stats (Y^T * X): 
-7.08076000635	-4.93537931605	-4.68018004502	-9.56717073435	-14.204556746	-5.53808078618	-1.84608752056	-5.97165001101	-14.8354707416	-8.74213961222	3.05909843217