Tissue	braincerebellum
N_samples	102
Chr	5
Gene	ENSG00000113240.8
SNP	rs6880804
Gene_list	ENSG00000099622.9	ENSG00000104904.8	ENSG00000131051.16	ENSG00000215252.7	ENSG00000116560.6	ENSG00000104960.11	ENSG00000100505.9	ENSG00000113240.8	ENSG00000059588.5
Gene expression stats (Y^T * Y): 
94.2403082206	-45.4647254974	37.4971529986	59.4545882872	37.2072178872	-48.6981133034	51.0380301456	65.7895354128	71.6224808502
-45.4647254974	94.2403082206	-50.79815163	-40.949469743	-43.6826850111	45.3248316901	-49.066291022	-57.9426706072	-46.9028805791
37.4971529986	-50.79815163	94.2403082206	47.3472209235	57.1918929998	-35.5175701107	44.6799276733	65.8329127133	52.4426184803
59.4545882872	-40.949469743	47.3472209235	94.2403082206	45.0700265751	-50.3130113715	49.5435767426	63.6030480321	68.5115062178
37.2072178872	-43.6826850111	57.1918929998	45.0700265751	94.2403082206	-40.504546258	39.5792908206	58.4658217327	54.0082364633
-48.6981133034	45.3248316901	-35.5175701107	-50.3130113715	-40.504546258	94.2403082206	-51.5477803923	-56.9884087894	-60.8309147427
51.0380301456	-49.066291022	44.6799276733	49.5435767426	39.5792908206	-51.5477803923	94.2403082206	61.7792401614	58.2374795226
65.7895354128	-57.9426706072	65.8329127133	63.6030480321	58.4658217327	-56.9884087894	61.7792401614	94.2403082206	73.4978618163
71.6224808502	-46.9028805791	52.4426184803	68.5115062178	54.0082364633	-60.8309147427	58.2374795226	73.4978618163	94.2403082206
Genotype stats (X^T * X): 	25.2417680784
Gene expression - Genotype stats (Y^T * X): 
-13.3787559868	12.9461341077	-10.9612847649	-13.3561036385	-4.4446352988	11.1965310501	-11.074005138	-17.2613690683	-14.7278658348