Tissue	braincerebellum
N_samples	102
Chr	1
Gene	ENSG00000131584.14
SNP	rs2748384
Gene_list	ENSG00000131584.14	ENSG00000067836.8	ENSG00000072778.15	ENSG00000184702.13	ENSG00000101210.6	ENSG00000167702.7	ENSG00000090539.11
Gene expression stats (Y^T * Y): 
94.2403082206	63.3562271756	58.8195023256	57.3342416806	61.6077590597	58.6144864075	59.6142309859
63.3562271756	94.2403082206	45.7154837383	38.491972966	48.9141373812	34.8285438402	39.6537503285
58.8195023256	45.7154837383	94.2403082206	29.3253858888	27.9546213988	38.0389388879	40.9695721862
57.3342416806	38.491972966	29.3253858888	94.2403082206	55.4482007602	40.3444912752	48.5948130849
61.6077590597	48.9141373812	27.9546213988	55.4482007602	94.2403082206	29.8242276115	41.3149669443
58.6144864075	34.8285438402	38.0389388879	40.3444912752	29.8242276115	94.2403082206	46.5562834587
59.6142309859	39.6537503285	40.9695721862	48.5948130849	41.3149669443	46.5562834587	94.2403082206
Genotype stats (X^T * X): 	32.4072750196
Gene expression - Genotype stats (Y^T * X): 
19.755280238	15.2152743525	2.86231729041	7.78719045917	12.3109614703	5.12587688281	5.82319757545