Tissue	braincerebellum
N_samples	102
Chr	2
Gene	ENSG00000135940.2
SNP	rs62157578
Gene_list	ENSG00000099624.3	ENSG00000175756.9	ENSG00000099795.2	ENSG00000198832.6	ENSG00000176340.3	ENSG00000135940.2	ENSG00000164919.6	ENSG00000111775.2	ENSG00000152082.9	ENSG00000164405.6
Gene expression stats (Y^T * Y): 
94.2403082206	54.9677748313	48.6693376809	48.8465652956	50.6652651119	58.5567797126	32.591615146	50.0078327517	52.7580797132	30.0603007701
54.9677748313	94.2403082206	59.158987689	56.2427845788	35.6097428042	62.8759328374	51.2923286497	49.2251994912	49.5639386319	46.2413996568
48.6693376809	59.158987689	94.2403082206	52.1361826346	62.6160964503	59.9921501897	46.0668503699	61.1605690051	45.3646647582	44.1551743007
48.8465652956	56.2427845788	52.1361826346	94.2403082206	32.6602422203	57.5317855031	33.3734392249	50.0747980905	48.0564976159	43.1550745491
50.6652651119	35.6097428042	62.6160964503	32.6602422203	94.2403082206	57.8650579602	34.0075371763	55.4062691674	50.1074492071	46.0106900614
58.5567797126	62.8759328374	59.9921501897	57.5317855031	57.8650579602	94.2403082206	56.6775021821	66.7423087808	62.8660307481	64.9925773627
32.591615146	51.2923286497	46.0668503699	33.3734392249	34.0075371763	56.6775021821	94.2403082206	40.2203698768	32.9487326025	59.3189044803
50.0078327517	49.2251994912	61.1605690051	50.0747980905	55.4062691674	66.7423087808	40.2203698768	94.2403082206	44.981463567	53.3066401013
52.7580797132	49.5639386319	45.3646647582	48.0564976159	50.1074492071	62.8660307481	32.9487326025	44.981463567	94.2403082206	40.9016768726
30.0603007701	46.2413996568	44.1551743007	43.1550745491	46.0106900614	64.9925773627	59.3189044803	53.3066401013	40.9016768726	94.2403082206
Genotype stats (X^T * X): 	29.7643938431
Gene expression - Genotype stats (Y^T * X): 
13.9945379082	17.5906190675	20.118828369	7.9487081588	16.7221308536	18.2007778806	9.80461242338	19.8437985837	16.1092292072	11.2942622579