Tissue	braincerebellum
N_samples	102
Chr	8
Gene	ENSG00000104760.12
SNP	rs71526168
Gene_list	ENSG00000104760.12	ENSG00000228278.2	ENSG00000171564.7	ENSG00000171560.10	ENSG00000171557.12	ENSG00000122194.14
Gene expression stats (Y^T * Y): 
94.2403082206	58.0005972477	57.7926521652	59.744914596	56.816685884	57.3454251795
58.0005972477	94.2403082206	78.6321593104	84.00263939	77.7656334802	61.1524838808
57.7926521652	78.6321593104	94.2403082206	90.5114128237	88.3985280468	60.1172001706
59.744914596	84.00263939	90.5114128237	94.2403082206	88.8565626834	60.7460899689
56.816685884	77.7656334802	88.3985280468	88.8565626834	94.2403082206	58.7417282066
57.3454251795	61.1524838808	60.1172001706	60.7460899689	58.7417282066	94.2403082206
Genotype stats (X^T * X): 	15.4901960784
Gene expression - Genotype stats (Y^T * X): 
-11.6710932746	-6.28848170136	-8.97660452065	-7.48620849182	-8.17768762706	-2.39274459837