Tissue	braincerebellum
N_samples	102
Chr	16
Gene	ENSG00000103260.4
SNP	rs7188886
Gene_list	ENSG00000103260.4	ENSG00000172458.4	ENSG00000266964.1	ENSG00000160307.5	ENSG00000100427.11	ENSG00000108387.10	ENSG00000213398.3	ENSG00000125462.12
Gene expression stats (Y^T * Y): 
94.2403082206	58.1291764453	58.879181921	64.1439802911	61.7261944763	59.8053347997	64.1682213969	57.398972284
58.1291764453	94.2403082206	72.8056378778	57.4031584717	72.9813597732	63.8029310736	62.8933078153	66.9460756003
58.879181921	72.8056378778	94.2403082206	61.0954651807	74.4875232628	64.9114420213	66.7755987904	69.2875973916
64.1439802911	57.4031584717	61.0954651807	94.2403082206	70.2758950632	80.7734994102	60.159627702	62.4235453437
61.7261944763	72.9813597732	74.4875232628	70.2758950632	94.2403082206	68.061572914	69.0630568012	72.7687676321
59.8053347997	63.8029310736	64.9114420213	80.7734994102	68.061572914	94.2403082206	62.571106564	58.9899767183
64.1682213969	62.8933078153	66.7755987904	60.159627702	69.0630568012	62.571106564	94.2403082206	59.439795795
57.398972284	66.9460756003	69.2875973916	62.4235453437	72.7687676321	58.9899767183	59.439795795	94.2403082206
Genotype stats (X^T * X): 	40.142126
Gene expression - Genotype stats (Y^T * X): 
-20.7686303909	-13.035609494	-13.6881736914	-12.7574398761	-14.0861602423	-11.438060607	-16.3056755462	-5.43075203716