Tissue	braincerebellum
N_samples	102
Chr	20
Gene	ENSG00000101190.8
SNP	rs6090136
Gene_list	ENSG00000084453.12	ENSG00000170759.10	ENSG00000154945.6	ENSG00000101190.8	ENSG00000033327.8	ENSG00000064393.11
Gene expression stats (Y^T * Y): 
94.2403082206	51.7419390544	48.5623064135	64.1344286927	63.3418706785	59.557697282
51.7419390544	94.2403082206	74.6611656744	59.506319114	52.3924432068	75.6556461381
48.5623064135	74.6611656744	94.2403082206	58.6827018382	58.2142031228	75.4522402575
64.1344286927	59.506319114	58.6827018382	94.2403082206	57.1361360523	58.5594199641
63.3418706785	52.3924432068	58.2142031228	57.1361360523	94.2403082206	69.1653618067
59.557697282	75.6556461381	75.4522402575	58.5594199641	69.1653618067	94.2403082206
Genotype stats (X^T * X): 	39.8114986667
Gene expression - Genotype stats (Y^T * X): 
10.8570400313	13.6922198691	16.642167145	26.3066095166	9.66774493201	13.9713630503