Tissue	braincerebellum
N_samples	102
Chr	7
Gene	ENSG00000171243.7
SNP	rs1921835
Gene_list	ENSG00000196277.11	ENSG00000171243.7	ENSG00000150361.7	ENSG00000127951.5	ENSG00000112218.7	ENSG00000117600.8
Gene expression stats (Y^T * Y): 
94.2403082206	57.1492701473	69.5681849874	70.107785868	69.0194608582	54.6004157133
57.1492701473	94.2403082206	60.3392694272	58.0907113147	60.7397108919	57.7293973581
69.5681849874	60.3392694272	94.2403082206	70.7768265189	76.3878755582	67.5134341573
70.107785868	58.0907113147	70.7768265189	94.2403082206	69.9317793369	61.2120623876
69.0194608582	60.7397108919	76.3878755582	69.9317793369	94.2403082206	72.7161193982
54.6004157133	57.7293973581	67.5134341573	61.2120623876	72.7161193982	94.2403082206
Genotype stats (X^T * X): 	17.4607843137
Gene expression - Genotype stats (Y^T * X): 
3.34063539211	13.7834759728	1.48133958862	1.02733905876	1.94023933564	7.42233367932