Tissue	braincerebellum
N_samples	102
Chr	22
Gene	ENSG00000128283.6
SNP	rs9610774
Gene_list	ENSG00000141934.5	ENSG00000133256.8	ENSG00000005513.9	ENSG00000179403.10	ENSG00000129757.8	ENSG00000162073.9	ENSG00000177105.9	ENSG00000129250.7	ENSG00000166394.10	ENSG00000180739.12	ENSG00000151552.7	ENSG00000105643.5	ENSG00000129538.9	ENSG00000150867.9	ENSG00000166091.15	ENSG00000158865.8	ENSG00000204655.7	ENSG00000126860.7	ENSG00000184007.13	ENSG00000105695.10	ENSG00000012124.10	ENSG00000011426.6	ENSG00000128283.6	ENSG00000100146.12	ENSG00000167641.6	ENSG00000168314.13	ENSG00000146122.12	ENSG00000173786.12	ENSG00000049089.9	ENSG00000092529.18	ENSG00000079435.5	ENSG00000179178.6	ENSG00000066322.8	ENSG00000086205.12	ENSG00000167755.9	ENSG00000064787.8	ENSG00000134851.8	ENSG00000065361.10	ENSG00000102934.5	ENSG00000092758.11	ENSG00000124920.9	ENSG00000176485.6	ENSG00000126803.8	ENSG00000172508.6	ENSG00000124374.8	ENSG00000150656.10	ENSG00000141540.6	ENSG00000114993.11	ENSG00000197971.10	ENSG00000103089.4	ENSG00000141524.11	ENSG00000204278.8	ENSG00000033327.8	ENSG00000164176.8	ENSG00000073417.10	ENSG00000122367.15	ENSG00000118785.9	ENSG00000187764.7	ENSG00000172005.6	ENSG00000197430.6	ENSG00000080822.12	ENSG00000071054.11	ENSG00000203485.8	ENSG00000070214.11	ENSG00000198121.9	ENSG00000174607.6	ENSG00000136867.6	ENSG00000187164.13	ENSG00000136960.8	ENSG00000170775.2	ENSG00000107902.9	ENSG00000091513.10	ENSG00000126878.8	ENSG00000104419.10	ENSG00000148826.6	ENSG00000064393.11	ENSG00000169554.12	ENSG00000132702.8	ENSG00000136541.10	ENSG00000078269.9	ENSG00000164124.6	ENSG00000013297.6	ENSG00000146063.14	ENSG00000117266.11	ENSG00000196187.7	ENSG00000116574.4	ENSG00000119280.12	ENSG00000115468.7
Gene expression stats (Y^T * Y): 
94.2403082206	60.3343016649	51.1910071862	45.9406483745	60.2434591648	45.5266305828	64.3665990693	38.3900559601	59.3925962174	59.2950175907	54.3767329456	50.8389801547	55.4755111592	70.9301229856	62.3093990544	65.0034032939	61.1276275031	66.4177486246	47.205445126	67.1733700042	70.3107618031	63.323575696	70.6664726521	66.7786384317	56.5448658677	41.2993952268	59.1923382672	55.2496315508	65.1433818459	62.5775978116	59.7691578316	60.9082387763	61.2684138098	64.0632038462	69.8007800308	44.293481134	53.557129706	72.4101617115	66.965607889	52.9853995341	68.9722648492	60.8814876558	73.2631154052	62.8937526086	49.4219978986	60.7289849367	70.0117434064	61.706308418	44.4867366825	72.9285975637	52.7921472725	61.5327317869	48.9919826565	60.5690493535	65.5145781822	49.4453315916	52.002437689	56.9026925523	59.2279892034	65.6594336396	51.9959142788	43.5112938136	64.133774969	62.7931592387	53.3270529822	66.9938793829	63.7706465621	51.2781393249	66.1582620017	64.9452738644	44.9808048817	58.3967813093	34.9014028259	52.7554534453	66.4737270953	41.5370631358	52.6444625743	57.624123917	60.3312258583	55.7894776236	64.7533934337	59.1536683585	36.1218491991	57.2236493026	56.3736512512	53.2203811243	43.4814344007	65.1641949845
60.3343016649	94.2403082206	54.2746642484	44.6010997486	56.9344074844	47.6868643228	61.0427303625	31.0191178839	55.271874043	68.686689462	47.1067691805	45.9310002038	41.0771433197	57.4898666634	48.0419206202	51.2889454657	50.1486821985	50.0833716488	39.0307895888	51.9190809065	66.0558770987	50.791493322	58.3906171527	60.4153655228	51.7871410867	30.1119723332	46.0899177609	38.3906487478	59.0441530975	47.6450931558	47.168289	59.9786985607	49.7071023198	64.2954684161	57.7842212355	35.9739097528	45.8359733769	62.2803485051	49.9375630988	48.3868415605	56.1627472999	41.4349428081	56.4182279652	52.115682581	38.3864759109	46.5912972288	55.663420312	50.6409979386	35.6746145103	61.134348191	49.892871084	65.2165178378	37.8312769362	43.1061734947	57.8890074211	49.4563345401	35.3194647913	50.6211508146	42.2681248469	56.5083582688	38.9220037626	33.7165061752	55.9687720876	54.5301697628	41.170686875	47.5612412162	48.7894475573	39.8089982276	48.5509583493	47.6323723184	37.8989863635	46.6711875333	27.9371784825	34.9841120152	63.2030590429	34.4689501574	48.9469136498	51.8196322249	47.3554895618	59.9271302077	49.4441708727	39.8633268623	29.9589535515	42.9389484099	44.6556881039	51.0339370956	34.26032569	39.7112368529
51.1910071862	54.2746642484	94.2403082206	36.860559012	53.9951091816	62.4792747267	58.0125123043	46.5928561729	46.5225520442	61.1283463249	51.0531972903	49.8085705862	36.6807339844	59.9285011961	53.8250232876	59.9305624815	50.1935091777	53.4930680397	45.0270300501	55.1345479554	57.6821969805	58.1743199543	58.4387284143	65.2197109123	54.602558601	42.1842239656	55.8719652401	46.8931436211	68.9548097385	51.2410371275	56.3940164041	53.1497930801	46.242494343	56.1364328986	54.6859790001	46.4081551398	52.7934732678	59.5362475737	62.1971399684	53.0828463702	56.3818925108	49.5418330335	61.9672178673	56.8907142107	45.2605245701	49.2247730349	57.8908098389	62.089018866	43.7007101415	63.4914868029	56.1200665815	54.092597636	41.1247535871	44.2076502561	51.8607327941	43.7147165638	32.2666996716	53.5208321478	53.6104571041	50.11240747	50.0753275831	43.611682114	55.3368202067	54.9967672528	47.4671460129	54.2258174261	46.8859173433	51.7063470494	50.6987842701	50.2686416048	47.8305846158	53.6244218342	44.6104234415	38.9963948822	60.2199638479	50.2151960478	55.392193116	58.8354475021	53.3944882856	61.3171098851	49.7803113225	33.8735627063	37.7548098208	46.8239778791	49.7316954251	52.0677595427	32.6864372995	52.3968909134
45.9406483745	44.6010997486	36.860559012	94.2403082206	43.983068709	41.8742250841	54.3378377703	35.7448628226	47.0479120436	46.5579979748	45.0919486281	36.8596626126	43.2362954471	51.0096246036	48.2439838105	43.6380340181	49.6167435156	44.3105877216	40.5887517932	58.997158888	45.9247483032	43.8282443717	59.8446138646	59.2756027983	51.1402005089	34.8865640906	46.8382574029	48.3647437167	44.680755268	42.8048334619	54.3712664923	42.2306936825	46.0200552005	46.7449293991	56.6885953563	35.4441700847	42.1159763035	42.1915746424	55.4715665797	39.170094139	55.9888723722	51.0408479693	57.556180852	48.2081649915	36.2972917842	51.2076842489	53.7519013479	36.7147221771	36.6934795285	55.3844815241	50.8652455523	53.870044216	28.5613688634	36.8867697217	33.2371256804	37.1943022912	45.297015655	35.4234918821	48.2218236317	54.0607819515	35.8936159727	37.0800137412	44.2350000518	53.7847354809	39.3501907808	44.8530029345	38.9704812123	42.9805645685	54.89323766	51.2455335916	35.4980291789	53.8884423037	35.7153451794	35.9627198355	53.6297078382	33.6934129603	44.7944648228	42.1262542424	45.1431191239	41.4956690644	49.3178763201	41.5992080656	29.5771674591	39.4258005402	35.2627902231	48.2912324454	50.0739854876	37.5151936883
60.2434591648	56.9344074844	53.9951091816	43.983068709	94.2403082206	47.9582628553	60.7290779799	32.1803867204	63.4686126644	71.9354196593	55.3254926086	45.999433031	50.4300731683	59.6157481733	44.9688219057	69.5375503603	58.5387902386	60.2677329174	46.601702145	64.421608433	56.8462306985	62.2376738881	68.0249958139	64.2806074848	60.8284971461	41.7538983559	52.4907642385	54.6148684277	65.2086333285	56.9064389855	60.2427689854	64.0629648561	58.6850067306	57.0712370837	72.4160379401	41.124826222	38.2590799655	63.9567301293	58.9540169842	56.9627881902	62.7402803532	55.6041725488	69.0006026191	65.2277809826	51.2082706785	58.0388727613	53.109821389	51.086912602	42.4864041708	71.4522149906	54.3611149038	57.1776732717	45.7659591244	54.5532969235	57.3090510557	55.5550178727	50.2128367239	56.1058630865	45.3062452262	50.5730504336	46.1483952179	37.4986961572	61.8735647349	63.078465501	50.2297487182	64.099177456	51.0061831892	45.3313219953	58.7010969352	60.5281163246	49.6936628881	61.596817432	39.3930232342	54.2895046216	70.5145930808	44.6849652839	58.8069843051	49.2428096597	59.4517772125	66.8576669686	54.6331438209	58.389892045	35.4645458469	55.6913992632	54.1886316783	51.8800891859	45.3721967738	54.9621773356
45.5266305828	47.6868643228	62.4792747267	41.8742250841	47.9582628553	94.2403082206	54.5626156692	39.3656665207	46.9587903401	51.0621711563	58.266734974	34.7671029351	49.8320867084	60.5142204274	52.8269859843	56.3887936604	61.6045640912	49.7268327401	53.2649803124	62.0156862601	55.7473235592	56.115995121	60.7370413435	60.3870812158	58.7053069089	48.3785134788	47.8035204074	54.7413704555	62.4476959209	51.9001066679	48.5466729317	43.9746291588	53.5286078688	48.3698190093	61.3214705817	48.1501964815	51.3916815192	51.6041020941	61.2285530357	52.9279897718	62.8961086013	54.6724977489	54.6873353366	63.6977323812	41.2471869466	53.6835740403	54.1161643404	51.9632326298	49.3217072592	60.1887241254	53.6963760483	56.4680602105	35.1373066363	37.1444907361	37.7439114418	39.6029263383	45.8952952608	50.3892512217	55.6283978117	51.0480640355	50.6276821138	43.295690536	57.7464864859	55.3637939401	48.7667031645	44.3622018268	43.1979377704	51.3663196239	50.7774686333	45.7821161614	50.8166549544	59.1063100775	48.9597559182	48.4276460962	62.837583136	45.7725814597	51.2362204313	57.6506414038	58.6867905277	52.6557758752	48.0036188072	47.9024360547	31.2438625172	54.2789400038	48.75969378	48.340228498	31.1057406838	46.0398162855
64.3665990693	61.0427303625	58.0125123043	54.3378377703	60.7290779799	54.5626156692	94.2403082206	38.6710706172	63.1080261505	60.4683244775	54.1209280362	49.5748500893	50.6887799273	67.7313388845	63.3375645573	57.2323008154	61.5361004707	66.3497904607	51.1443270232	69.8713635977	68.1599797576	64.1214262254	71.9536296567	70.9885157678	64.716865849	43.2372583839	57.4513972262	56.5303776104	65.8644275564	59.1008678878	58.0647805398	66.5183294744	72.6911568041	73.1194408801	71.1654264868	44.9104728053	56.9455958542	70.978177969	68.6306842336	54.5810900558	71.2006163813	58.6100922448	72.1123816698	65.3598190371	54.7041332178	55.1132105092	68.7006338087	61.0826373349	45.5563123893	74.3589036065	58.1994084944	66.8263567695	50.4495434038	48.5460480246	68.0368181404	60.1160255963	52.8319904132	57.765287341	61.5946898958	66.3680690862	44.4684178527	35.7290191202	65.4424522389	65.0629397521	52.1927182644	54.6643205212	62.3408234636	50.6377052524	61.2596627709	61.6978847029	44.0750740575	58.8878163454	38.2560706082	54.1394063968	71.6664080792	40.4137035242	52.8463818856	65.1069647882	58.7777707938	56.2034752283	62.585818575	58.6330147277	40.2336913655	51.3133518145	52.6804301536	61.3313966526	54.6193610354	60.0100085321
38.3900559601	31.0191178839	46.5928561729	35.7448628226	32.1803867204	39.3656665207	38.6710706172	94.2403082206	27.2687606338	38.6070302198	55.0503039336	49.6824498872	45.0912198947	53.4871498596	43.3926609339	53.7941987273	52.3373356083	40.1220484867	74.4023439431	48.9154987423	50.0306000865	45.7670503386	58.8173488174	42.9855510285	58.6477500484	67.3005867425	67.5043777564	44.1918220565	57.9400718257	56.5051843113	40.3581319452	26.0721436098	45.5081324814	30.7199102181	48.8654304894	77.8498713744	43.0605143151	39.7629054698	51.772785928	43.453540924	52.1788580523	56.2113151823	51.2484139397	55.4259768545	63.2371297476	42.8534380122	42.6593600779	34.666367228	68.2538575404	45.9159275415	58.2212627145	48.7816708634	62.2225529084	32.0188226174	36.030996427	36.1895368415	37.1543327667	55.3695146665	53.4451199987	50.9159605897	48.9819685128	76.5494438582	57.9229536458	48.6851607399	76.1673340071	27.656003466	29.3555198993	71.2493678282	44.6729101998	26.6676759635	59.282982091	49.3986095899	75.3996918934	60.9372902662	57.2546561489	78.7256262601	64.6739886723	41.6466603684	62.5815232944	43.922220426	31.1571461958	35.7736826092	64.5843883281	53.7869960121	46.0994226607	41.7478526161	37.0428030984	58.4264282633
59.3925962174	55.271874043	46.5225520442	47.0479120436	63.4686126644	46.9587903401	63.1080261505	27.2687606338	94.2403082206	59.8024129157	46.4183541511	28.9011851827	47.3514579159	51.59027401	51.9497341719	49.3423955078	53.8369747541	55.0208055673	37.7468115533	58.6020679008	56.7081982269	48.2133608781	57.1410241098	65.0882096549	57.6318583703	30.486533783	46.7245056057	49.0807133181	61.4638041321	54.5734618001	48.7663932615	64.3448426735	52.6289934693	63.2336239196	63.4784013422	32.5460926201	43.5895676171	59.1297011744	58.308805382	52.5749402446	58.9991594293	51.5029329897	65.4576507583	58.085357859	34.6688020901	49.4167745842	57.6405005736	42.807454676	32.1647162942	61.235963048	42.9638753573	55.6426818793	38.4958026172	52.1818673354	59.1619521607	58.1266257259	39.9384433775	51.3531753295	47.9932559136	60.8504118038	41.1804996982	37.0587733911	51.0734844455	57.0432942628	39.2113862693	57.9484446603	56.1770057851	37.565464601	58.1725101287	58.8014307008	39.1496472998	53.7180451687	32.6732489379	38.5672432319	59.507327391	32.1022811746	50.665016981	42.9064824187	51.0289704023	59.3838267978	52.7384420231	47.8745133639	22.4979211275	39.968386471	44.7533532908	43.8644311516	36.9887343858	38.8042870076
59.2950175907	68.686689462	61.1283463249	46.5579979748	71.9354196593	51.0621711563	60.4683244775	38.6070302198	59.8024129157	94.2403082206	45.9435294146	44.8937457135	33.80311882	60.8250733921	47.7614245108	64.1657658154	46.2824575755	58.4778017227	44.7331591878	55.2142631208	65.400656472	60.5398850619	66.7368153339	67.2939058848	53.424054006	37.7159673285	55.3037827321	43.5103771366	62.3115840802	51.3944196649	58.904559372	69.0503338408	48.2238199616	65.9243030705	61.8144172331	39.9419063555	45.2349865243	66.1919904858	50.9399968554	43.3566952236	54.8844808352	46.7385105416	66.4073928681	57.0413713676	44.2845260633	44.8063683607	53.9350598399	48.7622608643	41.1440343621	71.1226671631	49.0465601417	61.6619878544	52.6725555889	46.8855932203	62.8265997657	69.853153289	34.9898213862	56.0714005421	46.1618142875	56.3892413685	44.0473772804	45.740422977	54.855699681	62.5335439354	46.7330902245	63.4813345812	54.213283789	48.9226484347	52.9422347456	57.8364857098	42.4508431114	52.1589761217	30.5211308483	42.1189607762	65.3484562128	47.2187471502	57.4001755613	46.3043363035	53.8089640965	79.489675636	50.7546784749	38.0941986685	42.0367844891	46.1610237571	41.596928057	49.0708258179	48.9822853706	45.5152057069
54.3767329456	47.1067691805	51.0531972903	45.0919486281	55.3254926086	58.266734974	54.1209280362	55.0503039336	46.4183541511	45.9435294146	94.2403082206	47.2750298989	73.6629837188	67.2534810642	48.529274163	65.190469492	79.5674897877	57.8954324024	69.5754063209	74.8107753902	56.6625741582	64.0476313156	67.9480164025	59.1148265353	76.1525137117	60.3487213824	57.4722020897	68.618209178	64.6616250429	74.66177451	53.1569846762	41.2813106283	62.0620569577	43.9931511053	73.8494473818	63.3628138635	51.006751794	53.5261951133	71.6494195536	55.2368431709	74.6269404791	66.9728927672	65.5289840261	74.8297501428	49.8260369268	76.0874661373	62.0310720284	48.9998218087	64.3531971395	62.8174486179	62.2117389442	53.3405437724	35.9883105987	55.9884835085	43.1914486604	32.0654525805	70.7413295389	61.4819103347	63.5383879207	57.8266517536	62.3681648668	51.6686910586	66.6565739358	62.9868620271	62.2525847542	52.3871156795	46.9278904042	65.4755422962	68.9841659443	53.2333689194	64.6647915322	80.4058607485	67.9825073875	66.8575936128	69.72092695	51.7366938925	54.454493125	52.9772936777	74.8639775275	49.2021478934	58.9237681887	68.4967895408	36.0893140122	78.4473298269	70.0798631391	57.6269703735	36.5035489858	63.7886313094
50.8389801547	45.9310002038	49.8085705862	36.8596626126	45.999433031	34.7671029351	49.5748500893	49.6824498872	28.9011851827	44.8937457135	47.2750298989	94.2403082206	38.1021004477	56.2677947387	34.1353312872	62.1614293518	45.2479672666	50.8196195064	50.0528673041	49.3713672493	55.3519685464	56.6050641541	56.5694128403	47.9707731619	52.7493653509	45.2350401569	61.0492756833	41.7623876592	57.0466724363	40.5579155057	50.8147137144	37.1309781669	49.6766502992	41.0233464362	49.2005263839	50.5030281325	52.566544621	54.4872048893	49.6674569122	40.4326142942	53.3012093465	47.4986054919	57.9748507737	48.3841768177	55.4981062817	49.0287919	51.8370654805	55.9827515211	47.2426682942	58.9149380647	59.9155251361	47.7813567984	47.6389797449	42.7522135829	40.7711225734	37.3168893353	43.0185079097	45.66393626	45.8371837607	46.5396261624	42.4242403966	41.5146938346	54.817566033	51.3413082028	54.7108621128	44.4730134208	45.5674617835	52.8212994077	49.8368718011	40.5617524561	44.4444170927	45.1472502676	43.0466728014	51.333569891	55.7701718099	51.3144438097	46.289406681	49.6251774973	47.6054783624	48.3893749546	43.431442144	45.0316543447	45.107825458	43.9554554184	44.5434612405	58.3680042477	48.300326477	57.5814515951
55.4755111592	41.0771433197	36.6807339844	43.2362954471	50.4300731683	49.8320867084	50.6887799273	45.0912198947	47.3514579159	33.80311882	73.6629837188	38.1021004477	94.2403082206	61.5903387265	54.5876576674	51.4009544737	80.5624392932	57.2095046242	61.3613882865	76.8575916548	52.2007798195	55.3057156414	60.2404026091	57.491421784	75.697316458	63.9390074601	52.0294188245	81.3794825178	55.9938645111	74.6773574364	42.4446029873	43.3518347082	64.3902549748	42.0598426247	67.0685434877	61.5697273272	39.7653486328	52.0859183416	75.3878939594	52.7420846925	71.2704250739	73.3283693731	64.1948730388	75.9508564583	41.0088775718	67.5977618985	61.2894520401	44.481331753	61.877903752	57.2268100001	50.9106638503	47.7710223301	30.4528528259	57.7154976941	39.7948241575	31.6721445243	65.6757192632	52.4726541465	69.8840001788	62.3970411077	67.2202319571	45.8812592976	67.1932336774	59.4389691317	58.5963845352	47.8115944283	46.4489166141	53.1633189552	66.7636921388	53.220003808	65.2017657324	78.4416718185	63.2111904563	74.3614382026	58.5110917888	40.1195263194	45.1732465059	58.1104237659	68.5780778488	31.6552861472	57.9073549777	79.2913183063	21.2022597079	69.387878013	70.7045881172	47.2030811797	22.3329930331	65.334147378
70.9301229856	57.4898666634	59.9285011961	51.0096246036	59.6157481733	60.5142204274	67.7313388845	53.4871498596	51.59027401	60.8250733921	67.2534810642	56.2677947387	61.5903387265	94.2403082206	67.9824881346	69.1668372141	78.7200967962	79.4576895276	66.6182841683	79.6133485528	77.1601817536	77.2776033238	76.7647096286	75.9952655738	69.4743088245	60.3593724367	68.8773862902	67.3267788934	70.6237143196	70.9075626129	68.2817663012	59.7657842745	73.5240274468	65.9487857355	80.2445600963	60.4985859487	63.0915318728	77.985123682	76.6682446771	51.5745976935	83.3041149778	72.5175512885	79.9911092469	75.0330181594	59.1220677169	73.062952935	78.9608706572	69.914043397	65.0477806321	81.9226697187	65.2099876361	73.6030920227	53.4938035267	66.5012423288	62.2040606432	50.3045810167	68.8167192039	60.9934120344	72.6907904945	75.1865234589	70.1237795227	56.575522795	68.766157887	78.6385755893	67.0017471364	69.6031639525	66.1373945206	67.4204298617	80.056531026	69.8058500081	59.6994193069	74.9748400395	49.4195455027	68.516888996	79.1010135736	54.5821471731	63.1940171745	71.1026415646	79.5893838672	62.2731561692	76.2177814882	68.7121819883	43.3580537513	66.6647390336	68.3442743021	70.1527161617	53.2772711704	70.9821373218
62.3093990544	48.0419206202	53.8250232876	48.2439838105	44.9688219057	52.8269859843	63.3375645573	43.3926609339	51.9497341719	47.7614245108	48.529274163	34.1353312872	54.5876576674	67.9824881346	94.2403082206	47.7790499425	61.4213145462	62.7753283693	46.0609154606	70.4848188264	64.7813700771	57.1700456877	64.0250050553	68.1313101088	56.2833998202	47.8386587506	56.7836508494	60.3305154281	65.1450854962	62.1348779598	51.247845608	57.6883298484	64.5310701751	65.8905578006	68.0510414296	48.2558490382	40.2038617535	63.8106016988	73.3559719132	46.6370983888	65.97730283	60.636219558	68.7037550496	63.8972927568	49.9227177072	52.9500968539	69.3633304203	58.5741243034	49.5065214347	69.24960995	44.7940625863	64.4462513639	46.397491598	53.6915169918	56.6455223807	45.6784667647	48.0189037714	49.7836972639	74.7582557364	65.887972553	57.9431399588	46.8688159447	53.2732656321	63.6815172455	49.1150604315	54.0020720906	57.8864532639	51.7609547112	63.3174315655	61.4349721436	51.0935206381	58.8373707964	37.44767296	50.1502336321	60.5313267763	44.6922065128	51.1087081518	59.6335062684	58.8108936377	45.9427533796	68.7207140313	53.7307249164	32.4766239883	46.2043032629	53.5419635212	50.7708387335	45.7125506555	58.1187216676
65.0034032939	51.2889454657	59.9305624815	43.6380340181	69.5375503603	56.3887936604	57.2323008154	53.7941987273	49.3423955078	64.1657658154	65.190469492	62.1614293518	51.4009544737	69.1668372141	47.7790499425	94.2403082206	65.0825285393	67.372937044	66.378939165	66.3208971593	69.4705360682	73.2641079699	73.2233339717	66.106674928	67.2135331444	57.0080964268	67.1826605753	57.3898912851	74.8089130382	62.2432375607	65.7197034095	45.4339499332	59.8711757615	52.1402368422	74.3429748508	59.712188686	52.3774810175	64.8432052018	67.9162010413	54.3808452235	71.3694545488	60.8640376131	69.6589700711	68.1145388498	70.7736241	64.1957026078	63.4767254285	57.9183317467	61.9689481515	75.3171085957	63.9638732157	57.7403822278	57.7465553775	56.004441065	52.4674761555	47.1047017851	56.4564327626	65.5535189964	54.6534878203	53.7301291805	56.0207630037	54.6158675536	70.5206101754	70.3866709521	65.193825549	62.0319905088	51.2688920448	63.6851374462	66.027490156	52.7746122892	60.563989883	66.0127331536	57.1167630024	58.3587967294	78.1570510816	67.1191923329	66.7833810222	58.6873152819	73.180399856	65.3977763978	57.6877317295	59.1270290875	52.5554866674	70.2524231034	63.1654923455	60.104047551	47.7743667446	65.128436744
61.1276275031	50.1486821985	50.1935091777	49.6167435156	58.5387902386	61.6045640912	61.5361004707	52.3373356083	53.8369747541	46.2824575755	79.5674897877	45.2479672666	80.5624392932	78.7200967962	61.4213145462	65.0825285393	94.2403082206	66.816834111	68.250890607	86.0430651042	68.4075041667	71.3819294419	71.6206022223	67.8310528261	79.1723543758	70.1235719285	63.0953108049	82.3687017595	71.1440871833	82.4375055155	58.3517945802	49.0455147886	71.8467412891	52.9037006541	81.4349040861	67.3319906552	56.011583138	63.9796600326	80.0151369927	59.2300483407	86.3358063143	75.6872950419	73.0334207403	85.3981811509	52.735914101	78.1888827005	72.2557314236	58.4587816351	72.0898423511	71.2927721212	66.3021843852	63.93919903	40.3706504227	62.132665409	51.5741810279	40.5026366747	74.5242841843	67.0966909077	74.0019655376	71.611388484	75.7098609459	55.6341928818	72.5949512935	71.8480848772	65.0150444379	55.9096718758	57.2095025705	67.5253517487	77.7469542992	59.5371305082	67.2907007246	87.26295108	66.5845325469	75.3252478915	76.3106288927	50.6278546453	57.9218812786	70.2773611197	83.370886897	49.713963036	71.0384647881	79.1611669584	35.3286694049	81.4096350638	77.5183045033	61.3425888779	41.511800145	71.1887693173
66.4177486246	50.0833716488	53.4930680397	44.3105877216	60.2677329174	49.7268327401	66.3497904607	40.1220484867	55.0208055673	58.4778017227	57.8954324024	50.8196195064	57.2095046242	79.4576895276	62.7753283693	67.372937044	66.816834111	94.2403082206	54.1549855439	71.2757897804	69.1846584337	82.6082787366	66.0507484885	70.9288780057	60.0726086536	48.0068500284	63.5543332602	63.3859450144	62.7004066959	59.5560093304	67.0132377748	63.7460174424	65.3910061045	70.2357513016	74.509299445	46.4103879312	54.0657327685	78.7250636424	71.2339852592	43.843177465	75.0633854069	66.0205010288	81.6737823918	63.9633260958	56.417706256	68.9225095117	79.3439661959	61.6188042243	50.3781223228	78.7616482195	54.1994582806	62.7322321237	47.0703506861	75.0605374408	64.2967189725	55.8939419651	61.3164084887	52.7256663606	64.5370880073	67.2111889463	62.8524459249	43.8895791963	65.2297804233	77.5413477611	55.342920965	80.9196981592	66.3492697916	58.2806266298	82.1781071792	78.1293249162	53.764952853	68.1226493947	42.7711053351	57.9817692906	66.7709827013	45.7331248959	59.5291048877	62.12365197	75.3686890303	60.7131583248	78.279823828	69.1965443717	31.4379624925	55.7918674842	65.432628138	57.1345227148	43.8672361423	64.327564064
47.205445126	39.0307895888	45.0270300501	40.5887517932	46.601702145	53.2649803124	51.1443270232	74.4023439431	37.7468115533	44.7331591878	69.5754063209	50.0528673041	61.3613882865	66.6182841683	46.0609154606	66.378939165	68.250890607	54.1549855439	94.2403082206	65.3200195997	56.6733975067	58.4901579457	69.2566969244	52.9764114252	71.6652946144	68.6141431797	66.6903791873	60.0496442198	64.2163577733	65.7138666675	49.2689844706	34.1515845032	60.0470602981	39.4328350864	67.632776356	73.8654999122	45.9781232027	49.9693086982	64.3103712853	54.107951405	67.4562936119	68.0973728633	59.9108007725	68.7958622403	64.0899900658	59.2098938022	53.6978027259	43.8436965847	71.8795863859	59.8845094384	62.2544976941	52.4758225877	54.535503852	44.6121094769	39.3234561371	37.1536722867	60.4090255363	59.8293224642	57.1334539671	58.4343553334	61.7074675665	67.1383916204	67.9950037159	61.635081872	75.5562236581	40.0797157256	36.3888833131	73.872123714	57.9726244321	39.550771346	65.8115052847	66.2462585684	73.390868485	74.0516497361	68.0540733465	73.5698040703	68.3675141067	55.1777137176	71.9421361737	46.4692013579	49.5425676212	57.8698550251	55.2872770132	65.8933002769	59.5662442781	54.0571395775	45.3667275203	65.5584197924
67.1733700042	51.9190809065	55.1345479554	58.997158888	64.421608433	62.0156862601	69.8713635977	48.9154987423	58.6020679008	55.2142631208	74.8107753902	49.3713672493	76.8575916548	79.6133485528	70.4848188264	66.3208971593	86.0430651042	71.2757897804	65.3200195997	94.2403082206	68.5316643033	72.835989053	79.8298021622	75.8488921946	79.4472071391	63.3041758468	65.4975838189	83.0342051224	74.0842914617	79.3613836551	66.7627734229	60.4409194504	74.4032774568	60.8003797374	85.5730425094	60.347268548	58.7467498027	67.8508966492	84.8660084163	60.3078510213	86.2278890675	76.5770544887	81.7188647324	85.0673287953	55.8793205781	79.6795792781	78.0374098265	60.02573244	64.429169758	80.4009531666	64.3223363566	67.9177087393	43.6778944747	66.54924414	57.4848396836	49.0507833096	74.8131888906	61.1325006048	77.9489278337	74.6866043932	72.1483119904	50.4967805375	70.9848989494	74.8671879266	63.7667169813	64.1600275698	60.4741512775	64.9421763219	81.1512808203	70.1746696581	61.5037367393	85.6896619949	57.9407689968	75.6613514584	77.3055012516	50.9723923368	57.9121409229	70.9077356139	79.4943660454	53.9636441218	76.5571137358	77.5473062505	38.9166677966	72.8720241173	70.8852893166	61.2534666182	47.4294980409	72.3349444753
70.3107618031	66.0558770987	57.6821969805	45.9247483032	56.8462306985	55.7473235592	68.1599797576	50.0306000865	56.7081982269	65.400656472	56.6625741582	55.3519685464	52.2007798195	77.1601817536	64.7813700771	69.4705360682	68.4075041667	69.1846584337	56.6733975067	68.5316643033	94.2403082206	69.6302885402	72.890881272	73.8046584795	64.060400422	48.6435659382	64.8013586174	55.2194526455	74.1900569644	67.9605524974	63.0132033199	60.3850396905	66.1330062223	68.8425881415	73.8314750565	51.4899459976	56.0179999802	81.4977181276	71.5154569032	53.8842626114	78.683432149	61.9548514147	71.2665260774	69.028345305	54.532492295	61.5173555717	72.7213652564	68.305371569	55.1572464955	78.7026772168	65.0576004549	75.4187638688	58.5178491699	52.9356701379	66.964660095	59.4381352797	54.0812188745	66.3994718174	62.322687599	71.3107464172	57.7908855419	57.5288329828	68.5124903533	71.2943747723	55.3369750063	60.2432782034	66.9402501064	57.1517991689	69.6200152884	59.9517694628	53.6482873138	63.1757194915	45.3700687853	54.5035396947	74.5027346625	53.532280843	63.7049752883	65.7676515868	66.6639677411	67.7221468444	61.7605585685	57.0560066958	46.3538137917	60.9266825961	66.4418517959	64.8378431725	51.7586079311	60.2240050643
63.323575696	50.791493322	58.1743199543	43.8282443717	62.2376738881	56.115995121	64.1214262254	45.7670503386	48.2133608781	60.5398850619	64.0476313156	56.6050641541	55.3057156414	77.2776033238	57.1700456877	73.2641079699	71.3819294419	82.6082787366	58.4901579457	72.835989053	69.6302885402	94.2403082206	65.4129622686	70.5538011078	63.4814735705	51.8347806226	67.9210979848	66.1183671901	68.493217387	63.1304944431	65.7828432765	55.9806239211	65.6952115611	64.5802011896	75.5730240328	51.2578027879	58.0218243911	75.5960702482	69.3861061128	46.4726526825	74.3727145742	64.7392976269	79.3275967251	67.1669524912	57.2775413915	70.018755172	74.7787438284	61.4124593255	55.1790793022	81.2448181655	64.1740453464	63.2152519346	46.1780729064	67.679879278	55.1128558556	50.1099789575	65.3480208592	63.0852621525	63.4467060738	59.5160249861	60.3137097369	47.5548943954	65.1156653258	75.5831729889	57.2117294698	75.4776713716	64.9875913097	64.916586605	78.419495264	70.3870565865	55.8450118005	74.4625795516	47.094757033	59.331056618	70.310016687	53.7585293781	60.7423933076	63.7857596829	77.0201922291	63.9991226745	75.2188437979	69.040197067	38.2574514148	66.8166428895	68.3699415377	61.7599376131	47.9207142212	72.0121950553
70.6664726521	58.3906171527	58.4387284143	59.8446138646	68.0249958139	60.7370413435	71.9536296567	58.8173488174	57.1410241098	66.7368153339	67.9480164025	56.5694128403	60.2404026091	76.7647096286	64.0250050553	73.2233339717	71.6206022223	66.0507484885	69.2566969244	79.8298021622	72.890881272	65.4129622686	94.2403082206	73.775826165	73.8632090032	58.6334197457	69.3354054718	65.0301612197	73.7992215689	70.8345365681	68.9828063362	60.3521480901	68.9187800928	62.7241294665	80.524266132	62.1337745286	58.9882884684	70.3826127099	76.0308579779	65.8944277616	80.3385426083	70.2079995672	77.9555878789	75.7541273745	66.6814029405	66.8128177964	71.5980343518	61.5634955789	63.3654868193	77.7852952054	64.4454723317	71.0122662354	60.3276517017	59.3990841332	64.1426759986	57.2743667965	64.1391800582	60.1611754744	67.3533435322	71.4455083128	60.0429040897	57.0638418662	71.4949182894	73.0661018281	69.5817293567	58.9203153484	59.1765438744	67.4358824349	69.9202981237	61.0604563389	58.0548967597	71.2706541612	58.7489364632	70.2128296812	81.7338027019	61.8578830857	67.841757587	63.1285403784	72.9023856776	65.5306339234	65.9153655586	62.793415278	61.4152088271	67.024643056	59.2509842483	61.0736528462	57.1713812631	67.2606912197
66.7786384317	60.4153655228	65.2197109123	59.2756027983	64.2806074848	60.3870812158	70.9885157678	42.9855510285	65.0882096549	67.2939058848	59.1148265353	47.9707731619	57.491421784	75.9952655738	68.1313101088	66.106674928	67.8310528261	70.9288780057	52.9764114252	75.8488921946	73.8046584795	70.5538011078	73.775826165	94.2403082206	66.729156756	49.7540113239	62.2905343322	63.4479357141	71.4475471927	68.6642943461	64.016677368	64.7587555523	66.0989888826	66.2637882051	75.9779280378	49.8951718838	54.2199759648	74.8103727746	76.6768635233	55.5419146311	74.2297644807	66.192661915	77.7139325241	70.6746222198	50.8863776962	61.0584371829	70.8875376247	68.7816622404	54.0666956149	81.6165741616	58.4411879193	70.7208159676	55.4289463214	61.8199404859	58.5354809723	56.9497886389	55.9064688873	59.4941485279	63.9057255966	66.4603530584	57.7373995833	50.3181759672	65.9092797796	69.7682785908	56.293632928	68.4980267111	63.7819949295	55.5610512735	70.2327714081	65.40973812	51.7739331145	69.4600741042	43.1601907612	57.0326111596	75.5966948162	50.6816008767	62.3612865295	66.4250961606	66.3730743857	66.0969524944	66.4124020855	59.0167718845	40.3061391421	58.696124244	60.3542494166	64.6555703965	49.9698578225	61.6567334977
56.5448658677	51.7871410867	54.602558601	51.1402005089	60.8284971461	58.7053069089	64.716865849	58.6477500484	57.6318583703	53.424054006	76.1525137117	52.7493653509	75.697316458	69.4743088245	56.2833998202	67.2135331444	79.1723543758	60.0726086536	71.6652946144	79.4472071391	64.060400422	63.4814735705	73.8632090032	66.729156756	94.2403082206	69.3380313708	69.3746504616	75.8472112381	74.5973301471	76.7534493353	56.1883679521	51.2638303463	71.9769555169	54.2579917717	73.8953252366	69.2568270643	49.7832145354	59.5981270073	79.7122107436	62.0378947945	76.3876508487	71.8036619532	69.4096204732	82.4449997319	54.6784211528	69.243039382	65.4199638222	52.0257710466	69.1790779984	68.344778478	68.1609457535	62.817615464	46.8989165088	51.8661735719	48.839617917	48.5721297682	62.3070981912	61.7906802756	68.3400937212	68.0571337619	66.4473138755	57.0273148524	78.3406222097	66.1827606142	67.2145984214	50.7713718407	48.9964596991	67.638463729	69.1379055351	51.7558459848	70.3510956683	74.5042916952	70.8624467286	72.2235088169	78.013397235	59.8448802361	67.5200836747	65.8129163825	73.0312948119	52.6328091111	59.1581924169	69.2689449566	42.2378068988	73.3441068415	69.915187	61.2658670407	46.7348675509	68.6362129299
41.2993952268	30.1119723332	42.1842239656	34.8865640906	41.7538983559	48.3785134788	43.2372583839	67.3005867425	30.486533783	37.7159673285	60.3487213824	45.2350401569	63.9390074601	60.3593724367	47.8386587506	57.0080964268	70.1235719285	48.0068500284	68.6141431797	63.3041758468	48.6435659382	51.8347806226	58.6334197457	49.7540113239	69.3380313708	94.2403082206	65.9992787873	71.2173772589	56.5820315236	67.166706761	44.361352792	32.6411529331	53.7703076267	35.9638268871	56.2569513554	87.4987797051	44.0148087086	41.2053919219	60.3773526441	46.4064259878	59.5539480669	59.9797163594	53.8618049002	70.8536069294	58.3072934665	50.4964870262	45.5683332035	39.2549804241	88.1311708247	51.3807376387	50.5212778806	45.3503409618	53.2123349477	38.9381323331	36.0465621306	33.009835255	44.7579732461	60.0017080483	66.7977633308	55.6720167009	68.6352431769	62.2561164054	63.8070122342	56.1754094014	77.9533739248	35.7234374548	29.8141328319	74.7527907112	51.2431845255	31.4168168732	73.0310532069	63.3919612504	72.1503046505	73.83863012	63.198698247	63.3206449346	55.6676231789	61.4229659462	73.9320748421	37.166853327	46.3986297574	54.8039778335	48.8656407737	62.4540791687	49.5075431819	48.6747549254	40.1313253604	58.9344009062
59.1923382672	46.0899177609	55.8719652401	46.8382574029	52.4907642385	47.8035204074	57.4513972262	67.5043777564	46.7245056057	55.3037827321	57.4722020897	61.0492756833	52.0294188245	68.8773862902	56.7836508494	67.1826605753	63.0953108049	63.5543332602	66.6903791873	65.4975838189	64.8013586174	67.9210979848	69.3354054718	62.2905343322	69.3746504616	65.9992787873	94.2403082206	61.9183593988	71.9678365321	63.1091095138	59.3809371833	56.1633927739	58.6737316009	58.5611490137	63.7053661927	66.5966116965	50.7085363776	62.2133505551	65.6690382458	48.8292875551	64.7863205035	61.4877990866	68.5626054052	68.2704535837	63.6072775878	53.4051928642	66.72062671	57.1482616013	66.5638373739	67.815256318	59.7138449717	64.8977557441	59.7351123934	58.7838542439	56.3984473697	50.0036863426	47.0657875752	62.8486548712	64.7643013291	67.46023716	64.8954594462	64.5686713424	64.1595367147	71.8357302546	71.2951927792	58.1134985023	51.9462706722	71.5889135109	65.0863552677	53.7233334611	65.7234413883	60.4511271869	62.2671298444	64.0971672877	68.6566829979	72.4400803641	66.6726468664	54.1502855782	73.0125023333	57.5935057714	61.564214286	56.5309514128	49.2203187959	57.8746431569	54.4080960032	58.1633182349	59.1197460479	68.2239482548
55.2496315508	38.3906487478	46.8931436211	48.3647437167	54.6148684277	54.7413704555	56.5303776104	44.1918220565	49.0807133181	43.5103771366	68.618209178	41.7623876592	81.3794825178	67.3267788934	60.3305154281	57.3898912851	82.3687017595	63.3859450144	60.0496442198	83.0342051224	55.2194526455	66.1183671901	65.0301612197	63.4479357141	75.8472112381	71.2173772589	61.9183593988	94.2403082206	63.82763233	73.3540136332	54.8734646284	49.9927332847	65.4358505645	50.7963948362	72.4221162667	61.6116792351	50.7947317847	57.2022199255	78.1673054071	51.91093202	74.086721203	72.645095849	71.2881378628	81.5288125508	45.8433624673	68.5881982476	67.1581375862	52.0863964993	67.7457904131	67.6150399987	53.9173936162	54.056319417	35.8293865458	59.6311646819	46.8155686062	41.1331143331	65.8318100603	60.1940965282	74.47752282	65.7583111478	73.7554544535	46.5421520124	64.7076766186	67.4042425823	58.0745878426	57.0277484421	50.9697882553	57.6928544001	72.5360030525	58.9298169355	70.3321073068	84.0120622423	61.0594365223	73.9397790896	61.6221393962	44.7282873049	49.9398413537	65.1574739922	75.9917531529	41.5476816577	70.0046075844	79.811628103	30.0656749817	69.6285379648	70.8750211931	53.6074897183	39.7443246208	67.8733237091
65.1433818459	59.0441530975	68.9548097385	44.680755268	65.2086333285	62.4476959209	65.8644275564	57.9400718257	61.4638041321	62.3115840802	64.6616250429	57.0466724363	55.9938645111	70.6237143196	65.1450854962	74.8089130382	71.1440871833	62.7004066959	64.2163577733	74.0842914617	74.1900569644	68.493217387	73.7992215689	71.4475471927	74.5973301471	56.5820315236	71.9678365321	63.82763233	94.2403082206	71.9930978261	65.2177122282	57.833170396	68.5378313307	64.8085990925	76.919752807	58.4941669822	53.5982146537	69.6644994019	78.3734288182	67.6098474181	76.500164393	64.5077874924	73.7245452743	79.1486837482	61.9794766346	62.8809783474	69.9318064513	68.7690593609	57.9895320925	77.6818751707	67.943925537	72.8812672696	54.0782588438	54.6218278507	59.8293680522	53.538713858	50.6422126012	69.6686298459	62.6841270246	68.1874565897	62.1404927256	54.8588533978	73.7023004652	68.591088036	60.7074054479	57.5140025367	51.3484631945	62.7454099536	66.682305075	53.7381192826	62.1788695037	68.8857246559	55.1540046583	57.0844598351	77.630581914	63.4857574668	66.249533654	63.837687011	71.7101086827	62.9689712015	63.2849307163	55.6340152777	45.4339778386	64.7898624616	66.0723421358	61.2805914021	44.2701889515	63.2641381718
62.5775978116	47.6450931558	51.2410371275	42.8048334619	56.9064389855	51.9001066679	59.1008678878	56.5051843113	54.5734618001	51.3944196649	74.66177451	40.5579155057	74.6773574364	70.9075626129	62.1348779598	62.2432375607	82.4375055155	59.5560093304	65.7138666675	79.3613836551	67.9605524974	63.1304944431	70.8345365681	68.6642943461	76.7534493353	67.166706761	63.1091095138	73.3540136332	71.9930978261	94.2403082206	52.1711083874	52.9269289658	72.2287361221	50.7534362885	75.6450561878	68.5248051457	48.2342029658	61.0969438186	75.8406723125	62.5935919956	80.3694154692	72.0574111871	69.2829299145	83.6061997266	47.9263178965	71.2814000338	66.6876492842	54.7130317127	70.1280897311	67.7936852149	54.9449747096	62.8043068574	47.8830864603	56.8270656754	54.3459017133	39.9822071278	64.6562467162	69.4357766075	71.6252410773	67.4271662768	71.383020901	58.8675329229	69.2357957182	66.5116625042	67.0759070821	52.5102075052	52.241765524	65.4223731814	69.9710623326	54.2029492995	64.5049723241	78.0933955398	63.7375905095	74.0286721982	73.523394215	51.7958086106	54.7454705882	64.4411949921	75.5011309517	51.0451022635	60.9479634615	67.7014119263	37.2200288427	74.2900337367	71.2166567878	54.3641452172	39.5019347164	64.2849517306
59.7691578316	47.168289	56.3940164041	54.3712664923	60.2427689854	48.5466729317	58.0647805398	40.3581319452	48.7663932615	58.904559372	53.1569846762	50.8147137144	42.4446029873	68.2817663012	51.247845608	65.7197034095	58.3517945802	67.0132377748	49.2689844706	66.7627734229	63.0132033199	65.7828432765	68.9828063362	64.016677368	56.1883679521	44.361352792	59.3809371833	54.8734646284	65.2177122282	52.1711083874	94.2403082206	55.4457788754	51.79699854	53.0723819925	67.2084276683	43.1502341807	49.7538168067	64.4895764154	62.3284022641	49.5777075811	64.8463325002	54.6519440995	71.0619286213	61.830378676	55.1984006014	54.884835911	66.4781510766	58.6334134818	47.3920168423	71.7651934182	58.702660144	63.7018353526	36.6700434417	52.8824095012	51.679533242	50.2049173321	51.594708981	50.4572315772	58.4425723622	54.7002492212	51.3125780717	32.3258760693	53.0896543419	65.862280315	47.6115682843	59.2613617266	50.5933559298	55.496704556	62.9604262651	57.4944170043	48.2370601232	63.9628556858	34.6716190403	51.7909159245	66.9844111713	45.9113879971	50.8343325721	55.8154824276	62.3311037298	59.5781078903	65.4217734921	54.3436697573	36.4256446907	53.4245025366	51.8011179603	59.1966728044	45.5744165257	57.3882357029
