Tissue	braincerebellum
N_samples	102
Chr	10
Gene	ENSG00000176769.9
SNP	rs67500661
Gene_list	ENSG00000162494.5	ENSG00000008196.8	ENSG00000171617.9	ENSG00000152784.11	ENSG00000151136.10	ENSG00000176769.9	ENSG00000196482.12
Gene expression stats (Y^T * Y): 
94.2403082206	75.5012153214	63.758810938	70.6505667618	82.6758329796	60.5797852187	55.8092460006
75.5012153214	94.2403082206	61.8514019377	70.3938296239	75.3510254521	60.0358200408	62.1437705832
63.758810938	61.8514019377	94.2403082206	61.5368565678	65.7599011058	59.2322045334	60.4590385911
70.6505667618	70.3938296239	61.5368565678	94.2403082206	68.9748974787	58.2847530022	47.3148003782
82.6758329796	75.3510254521	65.7599011058	68.9748974787	94.2403082206	58.589333758	58.9848094097
60.5797852187	60.0358200408	59.2322045334	58.2847530022	58.589333758	94.2403082206	58.5897101056
55.8092460006	62.1437705832	60.4590385911	47.3148003782	58.9848094097	58.5897101056	94.2403082206
Genotype stats (X^T * X): 	39.9078260882
Gene expression - Genotype stats (Y^T * X): 
-13.6462366119	-14.3897048637	-11.4076935911	-11.5571327651	-12.702698243	-24.446333371	-14.9617898664