Tissue	braincerebellum
N_samples	102
Chr	5
Gene	ENSG00000171444.13
SNP	rs58531861
Gene_list	ENSG00000197977.3	ENSG00000103489.7	ENSG00000151834.11	ENSG00000140262.13	ENSG00000154229.7	ENSG00000046889.14	ENSG00000080493.9	ENSG00000137693.9	ENSG00000171444.13
Gene expression stats (Y^T * Y): 
94.2403082206	60.678751506	52.2129760941	56.349715679	60.7098925053	59.0548492951	56.8509828991	32.6002670695	65.430859499
60.678751506	94.2403082206	60.4334821504	60.9879679833	53.1725171834	51.0446256527	59.9320787793	25.4545355163	57.2407221723
52.2129760941	60.4334821504	94.2403082206	66.4745402866	52.2363754874	40.3821000198	68.8055608496	46.2420653807	58.8334562117
56.349715679	60.9879679833	66.4745402866	94.2403082206	56.5460885333	50.3268091761	61.7880366199	49.3969128408	66.5383327746
60.7098925053	53.1725171834	52.2363754874	56.5460885333	94.2403082206	42.9379758483	51.6409515777	47.2965206824	64.1902907163
59.0548492951	51.0446256527	40.3821000198	50.3268091761	42.9379758483	94.2403082206	46.6785324342	43.1243035711	60.6488620924
56.8509828991	59.9320787793	68.8055608496	61.7880366199	51.6409515777	46.6785324342	94.2403082206	42.6051881365	58.7022606367
32.6002670695	25.4545355163	46.2420653807	49.3969128408	47.2965206824	43.1243035711	42.6051881365	94.2403082206	59.3887360895
65.430859499	57.2407221723	58.8334562117	66.5383327746	64.1902907163	60.6488620924	58.7022606367	59.3887360895	94.2403082206
Genotype stats (X^T * X): 	11.3355355784
Gene expression - Genotype stats (Y^T * X): 
9.27136923689	12.0259347715	9.90901832248	12.2757853057	6.08967675195	6.68106874578	9.79819695058	5.9274761533	10.42299683