Tissue	braincerebellum
N_samples	102
Chr	19
Gene	ENSG00000220008.2
SNP	rs8110704
Gene_list	ENSG00000066230.6	ENSG00000220008.2	ENSG00000074370.13	ENSG00000215045.4	ENSG00000105642.11	ENSG00000187664.8	ENSG00000175938.6	ENSG00000006283.13	ENSG00000175040.4
Gene expression stats (Y^T * Y): 
94.2403082206	56.9621012684	61.4555994804	59.9498639097	54.6563372518	61.464953254	45.791788125	62.3135305411	58.1215833375
56.9621012684	94.2403082206	57.8642278892	61.6921362459	63.191491898	57.0404858054	62.5600993101	58.696168725	59.968876491
61.4555994804	57.8642278892	94.2403082206	58.514972331	64.3242113006	82.0369796181	59.6170194034	90.4409757163	83.8286658766
59.9498639097	61.6921362459	58.514972331	94.2403082206	65.8771509333	59.3648211857	59.998792527	62.8879859037	59.6597675559
54.6563372518	63.191491898	64.3242113006	65.8771509333	94.2403082206	57.919515027	63.8788326272	66.6701545629	71.1112294868
61.464953254	57.0404858054	82.0369796181	59.3648211857	57.919515027	94.2403082206	52.977584474	81.4928954046	78.1272138182
45.791788125	62.5600993101	59.6170194034	59.998792527	63.8788326272	52.977584474	94.2403082206	59.3085774663	63.9274169614
62.3135305411	58.696168725	90.4409757163	62.8879859037	66.6701545629	81.4928954046	59.3085774663	94.2403082206	86.0088481059
58.1215833375	59.968876491	83.8286658766	59.6597675559	71.1112294868	78.1272138182	63.9274169614	86.0088481059	94.2403082206
Genotype stats (X^T * X): 	41.3585043235
Gene expression - Genotype stats (Y^T * X): 
1.18102600232	27.0652625536	0.296305394611	5.76121533939	4.06736556651	1.55097892928	6.46112838331	0.670579981097	0.235530837087