Tissue	braincerebellum
N_samples	102
Chr	19
Gene	ENSG00000167685.10
SNP	rs8110131
Gene_list	ENSG00000243449.2	ENSG00000234965.1	ENSG00000130748.6	ENSG00000235034.2	ENSG00000167685.10	ENSG00000184709.7
Gene expression stats (Y^T * Y): 
94.2403082206	68.4259719443	75.4777694538	73.6479632761	58.3652180383	67.3842485773
68.4259719443	94.2403082206	78.5335023043	74.1872608778	57.3318858492	63.3228418013
75.4777694538	78.5335023043	94.2403082206	77.3089951487	59.9390141827	67.3632428619
73.6479632761	74.1872608778	77.3089951487	94.2403082206	65.6736718308	71.9393573132
58.3652180383	57.3318858492	59.9390141827	65.6736718308	94.2403082206	58.7738540161
67.3842485773	63.3228418013	67.3632428619	71.9393573132	58.7738540161	94.2403082206
Genotype stats (X^T * X): 	44.8511759608
Gene expression - Genotype stats (Y^T * X): 
-13.3530011732	-15.440113473	-15.897858548	-14.0252533222	-20.8385279202	-12.7563349428