Tissue	braincerebellum
N_samples	102
Chr	13
Gene	ENSG00000165474.5
SNP	rs7337092
Gene_list	ENSG00000096696.9	ENSG00000165474.5	ENSG00000121742.11	ENSG00000099937.6	ENSG00000168952.11	ENSG00000006075.11	ENSG00000129277.9	ENSG00000197262.8	ENSG00000163817.11	ENSG00000112175.6	ENSG00000197901.7	ENSG00000108950.7	ENSG00000104313.13	ENSG00000127083.7	ENSG00000116690.7	ENSG00000122176.10
Gene expression stats (Y^T * Y): 
94.2403082206	78.6835256404	29.5227236586	77.0618656877	56.0829311723	69.5448681791	63.7926332969	67.8971945845	73.902948892	72.7098925792	73.8065685159	67.7693368379	63.8143381638	73.8429041617	57.6466327917	70.2516629495
78.6835256404	94.2403082206	58.3261787603	71.6521175204	57.5943639894	65.0349189948	56.9185705438	59.3350713325	65.7828666862	64.4785399624	66.3656726435	61.1690067455	60.5235471055	64.729508687	58.5249543836	57.7606873517
29.5227236586	58.3261787603	94.2403082206	22.2421736756	40.3409878023	21.5149664903	20.9617630356	28.2015582038	29.731978645	32.1299413236	32.3468974265	24.8101676971	36.0864941072	34.6864254301	13.7161744523	19.1665859811
77.0618656877	71.6521175204	22.2421736756	94.2403082206	41.9566983648	58.6073127289	45.0901850867	44.3234016352	67.4790828517	46.7888575249	66.8153614284	65.8282660806	41.3320055692	56.9164998488	74.4557306514	71.5074328729
56.0829311723	57.5943639894	40.3409878023	41.9566983648	94.2403082206	48.3749418902	51.6062917062	56.7709220059	58.2586549385	65.8005439334	60.2123750775	48.9588025979	61.5053569784	59.9966188523	25.9410316141	42.2141310312
69.5448681791	65.0349189948	21.5149664903	58.6073127289	48.3749418902	94.2403082206	83.0398637512	73.1558558862	53.3705081924	65.0407932355	58.1480543572	43.8569192819	55.3222936253	60.3779469396	51.68666037	44.2319883776
63.7926332969	56.9185705438	20.9617630356	45.0901850867	51.6062917062	83.0398637512	94.2403082206	71.5032579573	55.190997369	72.7797482524	59.5563599781	46.9721836211	63.1368872928	63.5811879319	35.848154295	43.5537655002
67.8971945845	59.3350713325	28.2015582038	44.3234016352	56.7709220059	73.1558558862	71.5032579573	94.2403082206	60.9686091174	74.0373516174	62.7695159835	48.8326745812	63.8063619948	66.3495253206	34.5638706944	46.3124265818
73.902948892	65.7828666862	29.731978645	67.4790828517	58.2586549385	53.3705081924	55.190997369	60.9686091174	94.2403082206	76.7065866446	84.6462230426	81.1192288217	72.2068937678	74.3473304473	36.7460314164	69.6998423774
72.7098925792	64.4785399624	32.1299413236	46.7888575249	65.8005439334	65.0407932355	72.7797482524	74.0373516174	76.7065866446	94.2403082206	73.3762614717	64.4924843091	82.7934757153	81.5104207343	27.2667502028	52.3425727353
73.8065685159	66.3656726435	32.3468974265	66.8153614284	60.2123750775	58.1480543572	59.5563599781	62.7695159835	84.6462230426	73.3762614717	94.2403082206	74.0084205972	66.840412998	70.8182010691	40.9861999335	69.3668408441
67.7693368379	61.1690067455	24.8101676971	65.8282660806	48.9588025979	43.8569192819	46.9721836211	48.8326745812	81.1192288217	64.4924843091	74.0084205972	94.2403082206	63.5153516422	60.2327141703	38.3060294783	66.2783976376
63.8143381638	60.5235471055	36.0864941072	41.3320055692	61.5053569784	55.3222936253	63.1368872928	63.8063619948	72.2068937678	82.7934757153	66.840412998	63.5153516422	94.2403082206	73.6003234473	23.0225266687	48.2319878526
73.8429041617	64.729508687	34.6864254301	56.9164998488	59.9966188523	60.3779469396	63.5811879319	66.3495253206	74.3473304473	81.5104207343	70.8182010691	60.2327141703	73.6003234473	94.2403082206	35.5365588545	60.5194594178
57.6466327917	58.5249543836	13.7161744523	74.4557306514	25.9410316141	51.68666037	35.848154295	34.5638706944	36.7460314164	27.2667502028	40.9861999335	38.3060294783	23.0225266687	35.5365588545	94.2403082206	52.1772698503
70.2516629495	57.7606873517	19.1665859811	71.5074328729	42.2141310312	44.2319883776	43.5537655002	46.3124265818	69.6998423774	52.3425727353	69.3668408441	66.2783976376	48.2319878526	60.5194594178	52.1772698503	94.2403082206
Genotype stats (X^T * X): 	31.5011853431
Gene expression - Genotype stats (Y^T * X): 
12.1397132539	16.6885069306	14.2521263083	4.38663793784	15.1296101636	9.62022650122	17.303885652	11.5157546408	12.8691295241	17.5701730873	13.2572031244	11.9023436553	19.0027107005	12.7999045352	-3.17200097825	8.23889576044