Tissue	braincerebellum
N_samples	102
Chr	3
Gene	ENSG00000169908.6
SNP	rs9861894
Gene_list	ENSG00000060138.8	ENSG00000077238.9	ENSG00000198959.7	ENSG00000185022.7	ENSG00000187479.4	ENSG00000069399.8	ENSG00000177464.4	ENSG00000221869.4	ENSG00000108622.6	ENSG00000122862.4	ENSG00000184557.3	ENSG00000137507.7	ENSG00000196843.11	ENSG00000169908.6	ENSG00000158710.10
Gene expression stats (Y^T * Y): 
94.2403082206	40.9795316129	58.7895618329	45.8135041189	66.3049720958	44.9074354159	43.7098535367	60.4230817743	43.1191835947	63.8633444052	60.072200233	56.3745490259	35.751504252	64.2826010362	68.7904460832
40.9795316129	94.2403082206	58.0391600697	29.6944884791	41.6184114286	48.4921113646	50.6259110572	50.5955021732	39.32581573	41.2992228818	57.90572474	58.3553582702	31.3462527844	57.1013219502	37.2879885688
58.7895618329	58.0391600697	94.2403082206	21.8588620507	43.1078443753	47.7934318098	41.3675978184	54.2605083312	56.6379945693	51.1705756461	53.5537027346	55.4395700038	33.8008036287	61.8583018321	64.4630418763
45.8135041189	29.6944884791	21.8588620507	94.2403082206	53.1629640337	34.5070800258	55.1942966455	45.4791390536	33.0683434847	42.2086586904	47.3255338375	42.790605481	58.3951793526	56.9010826429	19.8002771131
66.3049720958	41.6184114286	43.1078443753	53.1629640337	94.2403082206	42.5416362229	51.357568187	60.0534844209	39.3687193504	46.8054326975	50.2708910832	58.2306308728	48.9029728831	64.3535447354	48.0040766357
44.9074354159	48.4921113646	47.7934318098	34.5070800258	42.5416362229	94.2403082206	50.2081272056	44.2782690632	34.2004731661	35.5148352956	65.3198654148	59.1280808003	47.8346669701	58.4281617434	33.9901511183
43.7098535367	50.6259110572	41.3675978184	55.1942966455	51.357568187	50.2081272056	94.2403082206	49.0345578967	45.5923668456	35.9727069485	48.9748924231	57.7262812562	41.4381639808	63.4416840154	31.4791748
60.4230817743	50.5955021732	54.2605083312	45.4791390536	60.0534844209	44.2782690632	49.0345578967	94.2403082206	32.4735169456	63.4087780327	69.6188529713	57.1247970782	40.2705736706	59.0740708954	43.6411223347
43.1191835947	39.32581573	56.6379945693	33.0683434847	39.3687193504	34.2004731661	45.5923668456	32.4735169456	94.2403082206	49.5646931183	37.9298874875	49.23237812	37.9467768899	57.6495728349	55.0125140884
63.8633444052	41.2992228818	51.1705756461	42.2086586904	46.8054326975	35.5148352956	35.9727069485	63.4087780327	49.5646931183	94.2403082206	55.5162000679	53.2725871709	33.5730132086	59.9274373123	63.7055021197
60.072200233	57.90572474	53.5537027346	47.3255338375	50.2708910832	65.3198654148	48.9748924231	69.6188529713	37.9298874875	55.5162000679	94.2403082206	61.5389217812	59.1821645101	69.8544444727	41.2342325496
56.3745490259	58.3553582702	55.4395700038	42.790605481	58.2306308728	59.1280808003	57.7262812562	57.1247970782	49.23237812	53.2725871709	61.5389217812	94.2403082206	48.3701011826	65.7976428065	42.5064887743
35.751504252	31.3462527844	33.8008036287	58.3951793526	48.9029728831	47.8346669701	41.4381639808	40.2705736706	37.9467768899	33.5730132086	59.1821645101	48.3701011826	94.2403082206	60.7774545385	22.5071570821
64.2826010362	57.1013219502	61.8583018321	56.9010826429	64.3535447354	58.4281617434	63.4416840154	59.0740708954	57.6495728349	59.9274373123	69.8544444727	65.7976428065	60.7774545385	94.2403082206	57.0692875753
68.7904460832	37.2879885688	64.4630418763	19.8002771131	48.0040766357	33.9901511183	31.4791748	43.6411223347	55.0125140884	63.7055021197	41.2342325496	42.5064887743	22.5071570821	57.0692875753	94.2403082206
Genotype stats (X^T * X): 	40.6839818431
Gene expression - Genotype stats (Y^T * X): 
9.27597744926	10.2253958351	13.7966122358	13.8937321345	11.084782115	17.018952895	12.8668289641	9.89049692077	13.4749886921	6.43581797195	8.78195396351	11.3007397243	16.6412116249	20.7093749299	14.966017655