Tissue	braincerebellum
N_samples	102
Chr	3
Gene	ENSG00000180353.6
SNP	rs186439118
Gene_list	ENSG00000162511.7	ENSG00000119535.13	ENSG00000137841.7	ENSG00000105366.11	ENSG00000123338.8	ENSG00000143119.8	ENSG00000180353.6	ENSG00000081237.14	ENSG00000018280.12
Gene expression stats (Y^T * Y): 
94.2403082206	54.901739892	55.4855345565	51.2433891554	49.9212948893	65.7463116623	64.0742471491	59.4608618413	57.5702468749
54.901739892	94.2403082206	49.936911728	32.0042966798	49.4497285247	53.939312969	62.8003166553	60.6733908116	48.0340005032
55.4855345565	49.936911728	94.2403082206	55.2688745304	43.0090413228	51.1032509239	56.7106261056	58.6043901502	36.5151561557
51.2433891554	32.0042966798	55.2688745304	94.2403082206	46.1738144676	35.9180907777	57.9610597195	33.6781457978	26.649453702
49.9212948893	49.4497285247	43.0090413228	46.1738144676	94.2403082206	57.8937071353	59.0759653059	67.6581497127	33.2017173488
65.7463116623	53.939312969	51.1032509239	35.9180907777	57.8937071353	94.2403082206	58.5291920176	63.5252323779	49.5979724133
64.0742471491	62.8003166553	56.7106261056	57.9610597195	59.0759653059	58.5291920176	94.2403082206	57.6032313748	57.4447762269
59.4608618413	60.6733908116	58.6043901502	33.6781457978	67.6581497127	63.5252323779	57.6032313748	94.2403082206	39.326585104
57.5702468749	48.0340005032	36.5151561557	26.649453702	33.2017173488	49.5979724133	57.4447762269	39.326585104	94.2403082206
Genotype stats (X^T * X): 	15.3205708725
Gene expression - Genotype stats (Y^T * X): 
-6.43410072639	-10.5337710247	-7.62188337501	-5.05968681859	-9.50930724347	-8.50654426534	-12.3114824672	-12.5262821395	-8.44908671732