Tissue	braincerebellum
N_samples	102
Chr	19
Gene	ENSG00000188508.6
SNP	rs28824005
Gene_list	ENSG00000178372.6	ENSG00000134760.5	ENSG00000188508.6	ENSG00000189001.6	ENSG00000186395.6	ENSG00000178934.4	ENSG00000186847.5	ENSG00000186081.7	ENSG00000172867.3	ENSG00000167768.4	ENSG00000161634.7	ENSG00000203782.5	ENSG00000163347.5	ENSG00000081277.7
Gene expression stats (Y^T * Y): 
94.2403082206	68.1955773065	76.7471413299	53.741731124	53.6500238481	65.2497729972	68.6399115018	48.1130355064	77.9220009027	73.1789116404	63.0930453234	78.2966523961	52.4418422741	57.2513524537
68.1955773065	94.2403082206	65.7807131053	55.3390969786	49.3570982567	56.4392743672	64.3229199949	51.5413660345	70.4985108883	70.8272881155	48.4831867954	62.2233512712	53.7287330166	50.034145956
76.7471413299	65.7807131053	94.2403082206	59.1888973192	57.9424134995	66.5820286951	71.1699343462	56.5551102022	68.6976742101	73.9417455343	60.8431852693	70.6310572379	57.2549946744	57.7009055632
53.741731124	55.3390969786	59.1888973192	94.2403082206	44.7316482871	60.8801582722	63.6065204009	66.6175087434	50.9870424555	55.6949882693	48.2508740979	57.6085467526	53.4995627842	62.0125969317
53.6500238481	49.3570982567	57.9424134995	44.7316482871	94.2403082206	56.7634112905	54.1968559688	55.0977648512	50.8217600285	66.337667934	35.2828933998	49.83231235	50.9730781081	42.9804907351
65.2497729972	56.4392743672	66.5820286951	60.8801582722	56.7634112905	94.2403082206	68.0603883363	66.6563256409	55.8600942892	73.740019805	51.4421064813	50.0067318089	51.9687477755	59.9724733419
68.6399115018	64.3229199949	71.1699343462	63.6065204009	54.1968559688	68.0603883363	94.2403082206	73.2384752823	64.8604541449	69.3092712198	49.0598678572	61.5625026572	55.3193123707	62.3368408563
48.1130355064	51.5413660345	56.5551102022	66.6175087434	55.0977648512	66.6563256409	73.2384752823	94.2403082206	40.6965674601	63.0362960098	29.3178862408	44.0758346208	50.8412561171	58.825196918
77.9220009027	70.4985108883	68.6976742101	50.9870424555	50.8217600285	55.8600942892	64.8604541449	40.6965674601	94.2403082206	68.1018450804	64.262621275	70.9575803705	55.6302421719	53.7142604088
73.1789116404	70.8272881155	73.9417455343	55.6949882693	66.337667934	73.740019805	69.3092712198	63.0362960098	68.1018450804	94.2403082206	53.4349041311	63.8627978259	52.876039182	56.0614157373
63.0930453234	48.4831867954	60.8431852693	48.2508740979	35.2828933998	51.4421064813	49.0598678572	29.3178862408	64.262621275	53.4349041311	94.2403082206	61.4408678387	50.8639152052	38.4592786486
78.2966523961	62.2233512712	70.6310572379	57.6085467526	49.83231235	50.0067318089	61.5625026572	44.0758346208	70.9575803705	63.8627978259	61.4408678387	94.2403082206	56.4279663746	51.458894343
52.4418422741	53.7287330166	57.2549946744	53.4995627842	50.9730781081	51.9687477755	55.3193123707	50.8412561171	55.6302421719	52.876039182	50.8639152052	56.4279663746	94.2403082206	46.0116994375
57.2513524537	50.034145956	57.7009055632	62.0125969317	42.9804907351	59.9724733419	62.3368408563	58.825196918	53.7142604088	56.0614157373	38.4592786486	51.458894343	46.0116994375	94.2403082206
Genotype stats (X^T * X): 	54.1921887941
Gene expression - Genotype stats (Y^T * X): 
-12.0881099803	-17.1123264526	-21.7122211646	-16.3393250956	-10.4482922743	-14.0887978877	-19.1310792092	-23.2674341626	-11.7239394955	-19.7486769536	-6.00149591118	-17.9670032251	-12.0059851485	-8.8503238792