Tissue	braincerebellum
N_samples	102
Chr	20
Gene	ENSG00000088882.7
SNP	rs6138919
Gene_list	ENSG00000088882.7	ENSG00000096696.9	ENSG00000109625.14	ENSG00000173068.13	ENSG00000159212.8	ENSG00000163817.11	ENSG00000112175.6	ENSG00000128052.8	ENSG00000187720.10	ENSG00000104313.13	ENSG00000152779.12	ENSG00000127083.7
Gene expression stats (Y^T * Y): 
94.2403082206	60.3362880665	57.1939003679	57.4724305405	67.8555477271	57.3404640786	71.3315993563	60.1840981895	60.9523252047	64.6867058849	58.7561166864	65.8781673797
60.3362880665	94.2403082206	53.4917713008	60.5739958679	64.6215494618	73.902948892	72.7098925792	69.662107069	68.3116958978	63.8143381638	55.2468405016	73.8429041617
57.1939003679	53.4917713008	94.2403082206	48.5684346094	58.006703706	57.9453242079	53.7888063006	52.8642146479	56.0051675878	56.1065000345	42.5234629454	48.1596660588
57.4724305405	60.5739958679	48.5684346094	94.2403082206	69.1506424907	60.9615057346	68.5032403847	61.8816172249	61.7237867668	60.6439390816	46.5953307837	62.5191563076
67.8555477271	64.6215494618	58.006703706	69.1506424907	94.2403082206	72.0563216749	77.6040040766	69.5658253424	69.9427913454	70.5748652006	58.261937354	75.9806092162
57.3404640786	73.902948892	57.9453242079	60.9615057346	72.0563216749	94.2403082206	76.7065866446	71.3970717274	72.8472524832	72.2068937678	72.1034299242	74.3473304473
71.3315993563	72.7098925792	53.7888063006	68.5032403847	77.6040040766	76.7065866446	94.2403082206	77.2815021654	72.554655342	82.7934757153	66.0887303309	81.5104207343
60.1840981895	69.662107069	52.8642146479	61.8816172249	69.5658253424	71.3970717274	77.2815021654	94.2403082206	75.2688566189	68.8454458005	60.8717501234	68.8565707597
60.9523252047	68.3116958978	56.0051675878	61.7237867668	69.9427913454	72.8472524832	72.554655342	75.2688566189	94.2403082206	69.3387533365	61.2865232481	71.7226147886
64.6867058849	63.8143381638	56.1065000345	60.6439390816	70.5748652006	72.2068937678	82.7934757153	68.8454458005	69.3387533365	94.2403082206	57.2796674471	73.6003234473
58.7561166864	55.2468405016	42.5234629454	46.5953307837	58.261937354	72.1034299242	66.0887303309	60.8717501234	61.2865232481	57.2796674471	94.2403082206	64.8007958823
65.8781673797	73.8429041617	48.1596660588	62.5191563076	75.9806092162	74.3473304473	81.5104207343	68.8565707597	71.7226147886	73.6003234473	64.8007958823	94.2403082206
Genotype stats (X^T * X): 	35.0196078431
Gene expression - Genotype stats (Y^T * X): 
18.1451747433	14.7336221285	4.25083900585	8.70606589671	11.3547896578	7.15323748467	10.2366653194	4.89813350428	6.90680174885	9.21412507078	7.14976263395	15.661263515