Tissue	braincerebellum
N_samples	102
Chr	8
Gene	ENSG00000197892.8
SNP	rs12682543
Gene_list	ENSG00000171840.7	ENSG00000197892.8	ENSG00000179178.6	ENSG00000086205.12	ENSG00000112893.5	ENSG00000176381.4
Gene expression stats (Y^T * Y): 
94.2403082206	58.3716609036	65.8503183506	62.5377803245	60.4094127935	64.7302256535
58.3716609036	94.2403082206	60.9557569812	56.8085059044	57.239415865	65.1803892955
65.8503183506	60.9557569812	94.2403082206	74.9200140278	69.2384681207	74.7735866442
62.5377803245	56.8085059044	74.9200140278	94.2403082206	69.3594598715	72.7160563892
60.4094127935	57.239415865	69.2384681207	69.3594598715	94.2403082206	71.7090881348
64.7302256535	65.1803892955	74.7735866442	72.7160563892	71.7090881348	94.2403082206
Genotype stats (X^T * X): 	44.3137254902
Gene expression - Genotype stats (Y^T * X): 
-12.4681835233	-22.1418885025	-13.6186971398	-9.47083355202	-13.6427297059	-16.7696211414