Tissue	braincerebellum
N_samples	102
Chr	16
Gene	ENSG00000257017.4
SNP	rs6499555
Gene_list	ENSG00000173432.6	ENSG00000257017.4	ENSG00000163631.12	ENSG00000110245.7	ENSG00000229314.4	ENSG00000228278.2	ENSG00000171564.7	ENSG00000171560.10	ENSG00000171557.12	ENSG00000158874.7
Gene expression stats (Y^T * Y): 
94.2403082206	57.8582823339	51.0173760422	36.5099718964	51.3895558313	54.5509513873	59.3426413684	61.7807041995	62.3903475993	42.407944927
57.8582823339	94.2403082206	78.5279870013	65.5639637254	56.7632634094	58.5834522016	62.754300483	66.0100960211	63.2849884228	63.4670923259
51.0173760422	78.5279870013	94.2403082206	69.5454575016	52.5468062222	53.771693034	63.1699335103	64.1340443121	61.7163284453	69.0648052835
36.5099718964	65.5639637254	69.5454575016	94.2403082206	52.0673528393	59.241935602	57.9981952272	60.1442008977	58.8535056187	76.9240668892
51.3895558313	56.7632634094	52.5468062222	52.0673528393	94.2403082206	64.5851021651	64.8139835023	64.6593750171	63.8081356532	55.4326907988
54.5509513873	58.5834522016	53.771693034	59.241935602	64.5851021651	94.2403082206	78.6321593104	84.00263939	77.7656334802	74.1122026129
59.3426413684	62.754300483	63.1699335103	57.9981952272	64.8139835023	78.6321593104	94.2403082206	90.5114128237	88.3985280468	70.4478686674
61.7807041995	66.0100960211	64.1340443121	60.1442008977	64.6593750171	84.00263939	90.5114128237	94.2403082206	88.8565626834	71.7501158459
62.3903475993	63.2849884228	61.7163284453	58.8535056187	63.8081356532	77.7656334802	88.3985280468	88.8565626834	94.2403082206	67.1758256787
42.407944927	63.4670923259	69.0648052835	76.9240668892	55.4326907988	74.1122026129	70.4478686674	71.7501158459	67.1758256787	94.2403082206
Genotype stats (X^T * X): 	14.0003370196
Gene expression - Genotype stats (Y^T * X): 
5.86868974621	11.6139002182	6.81883035002	6.5784881678	3.95204059818	1.94624110085	1.5413320307	2.26984247415	2.50048431007	3.45584652257