Tissue	braincerebellum
N_samples	102
Chr	19
Gene	ENSG00000099795.2
SNP	rs11879888
Gene_list	ENSG00000167468.12	ENSG00000175756.9	ENSG00000103363.10	ENSG00000174886.8	ENSG00000099795.2	ENSG00000176340.3	ENSG00000135940.2	ENSG00000241468.3	ENSG00000111775.2
Gene expression stats (Y^T * Y): 
94.2403082206	50.9258109245	49.0136832448	45.3696485825	62.9841998165	62.7827402353	49.7240999709	38.4129914002	60.8696697232
50.9258109245	94.2403082206	33.7889428043	48.8044768637	59.158987689	35.6097428042	62.8759328374	42.9122174828	49.2251994912
49.0136832448	33.7889428043	94.2403082206	41.8804761073	57.0350306667	55.997745638	46.1155997745	49.9049397173	52.9788222718
45.3696485825	48.8044768637	41.8804761073	94.2403082206	56.772542496	57.7330979502	51.6706858657	45.1676658477	41.7685573838
62.9841998165	59.158987689	57.0350306667	56.772542496	94.2403082206	62.6160964503	59.9921501897	57.4202421075	61.1605690051
62.7827402353	35.6097428042	55.997745638	57.7330979502	62.6160964503	94.2403082206	57.8650579602	42.4830630812	55.4062691674
49.7240999709	62.8759328374	46.1155997745	51.6706858657	59.9921501897	57.8650579602	94.2403082206	47.4389128054	66.7423087808
38.4129914002	42.9122174828	49.9049397173	45.1676658477	57.4202421075	42.4830630812	47.4389128054	94.2403082206	51.7328885796
60.8696697232	49.2251994912	52.9788222718	41.7685573838	61.1605690051	55.4062691674	66.7423087808	51.7328885796	94.2403082206
Genotype stats (X^T * X): 	54.9107638137
Gene expression - Genotype stats (Y^T * X): 
-16.9327682512	-16.5555226469	-11.7556011098	-16.1518216535	-24.791874229	-16.2720322561	-18.8949322691	-20.1872965683	-20.9479780307