Tissue	braincerebellum
N_samples	102
Chr	5
Gene	ENSG00000086570.8
SNP	rs35225143
Gene_list	ENSG00000128482.11	ENSG00000139899.6	ENSG00000105711.6	ENSG00000138606.15	ENSG00000102924.7	ENSG00000139625.8	ENSG00000110931.14	ENSG00000148341.13	ENSG00000171130.13	ENSG00000086570.8	ENSG00000162706.8
Gene expression stats (Y^T * Y): 
94.2403082206	56.4408673813	55.2770121418	43.0337618479	53.5240005311	67.9111457686	44.471237173	64.6363647859	56.1524224734	62.3230304972	41.5403053578
56.4408673813	94.2403082206	62.8408011394	37.8317926156	73.8707727988	54.3317719674	48.593926465	60.0188300393	67.8097967892	59.7095586195	70.823075783
55.2770121418	62.8408011394	94.2403082206	20.9120386879	56.384004658	51.2036700559	49.680188228	55.1677843899	56.9983959151	57.962239221	54.4772454637
43.0337618479	37.8317926156	20.9120386879	94.2403082206	41.9184037058	48.2895129216	41.0742601205	35.4556485331	43.5097647034	58.4532408011	40.7452368226
53.5240005311	73.8707727988	56.384004658	41.9184037058	94.2403082206	58.3116133332	44.9214432276	58.6129435716	57.0313467186	60.3992625091	56.3358584455
67.9111457686	54.3317719674	51.2036700559	48.2895129216	58.3116133332	94.2403082206	39.8734457358	62.3747950493	59.2241147774	69.32403031	42.5493285291
44.471237173	48.593926465	49.680188228	41.0742601205	44.9214432276	39.8734457358	94.2403082206	44.0988514111	35.298340096	57.5033996584	54.6141211606
64.6363647859	60.0188300393	55.1677843899	35.4556485331	58.6129435716	62.3747950493	44.0988514111	94.2403082206	72.6008811764	60.5313584529	42.9234513034
56.1524224734	67.8097967892	56.9983959151	43.5097647034	57.0313467186	59.2241147774	35.298340096	72.6008811764	94.2403082206	60.286857867	44.267790892
62.3230304972	59.7095586195	57.962239221	58.4532408011	60.3992625091	69.32403031	57.5033996584	60.5313584529	60.286857867	94.2403082206	58.6866434802
41.5403053578	70.823075783	54.4772454637	40.7452368226	56.3358584455	42.5493285291	54.6141211606	42.9234513034	44.267790892	58.6866434802	94.2403082206
Genotype stats (X^T * X): 	20.0784313725
Gene expression - Genotype stats (Y^T * X): 
-9.53491306906	-10.3302254827	-7.92303838851	-8.89928452119	-9.86515099736	-12.9481692852	-12.5910103974	-7.90911036283	-10.5124910439	-16.9437988497	-9.74565712816