Tissue	braincerebellum
N_samples	102
Chr	5
Gene	ENSG00000164587.7
SNP	rs2748241
Gene_list	ENSG00000144713.8	ENSG00000142676.8	ENSG00000125691.8	ENSG00000108298.5	ENSG00000105193.4	ENSG00000142937.7	ENSG00000265681.2	ENSG00000213741.4	ENSG00000229117.4	ENSG00000083845.4	ENSG00000071082.6	ENSG00000148303.12	ENSG00000164587.7	ENSG00000197756.5
Gene expression stats (Y^T * Y): 
94.2403082206	78.9270026063	78.4960528268	78.7923069281	58.3218377747	69.6528482174	71.1256835184	69.0807584651	64.541712096	73.4855275609	76.7112418911	73.0675364533	62.2516975695	74.468149228
78.9270026063	94.2403082206	79.8093134433	74.1046086807	56.2040295909	77.6631731016	81.4831880224	73.4721612712	63.0000218441	71.5467617274	70.4864048062	72.0897295367	63.5274489181	71.0624824129
78.4960528268	79.8093134433	94.2403082206	71.2845009418	57.0501579419	73.2947635635	71.6314424153	64.0482828661	63.7876694475	61.8468657553	79.0482102464	70.2862800805	64.9315209659	72.4901052
78.7923069281	74.1046086807	71.2845009418	94.2403082206	63.8746792452	72.008079152	64.9688320312	64.0278339421	65.2502427036	72.5718802933	72.0290713091	74.4878790926	63.7131995994	70.599488888
58.3218377747	56.2040295909	57.0501579419	63.8746792452	94.2403082206	54.5374784119	51.7283606578	47.235013923	72.7479300115	64.9271653048	47.4581383249	57.3823682509	60.1501644905	72.3759039553
69.6528482174	77.6631731016	73.2947635635	72.008079152	54.5374784119	94.2403082206	76.8445576661	74.0129920291	65.4977582142	71.3162136204	69.9729118623	65.6922191381	60.3118373361	56.4615105962
71.1256835184	81.4831880224	71.6314424153	64.9688320312	51.7283606578	76.8445576661	94.2403082206	69.5374321066	67.236084269	69.9326290715	64.923361759	65.3659181108	56.6737946768	55.9041135805
69.0807584651	73.4721612712	64.0482828661	64.0278339421	47.235013923	74.0129920291	69.5374321066	94.2403082206	60.0471888069	73.5456454205	65.2605259733	59.1086953167	56.964226385	59.5759411292
64.541712096	63.0000218441	63.7876694475	65.2502427036	72.7479300115	65.4977582142	67.236084269	60.0471888069	94.2403082206	69.0194703912	56.028230519	59.6418173571	58.6711594582	66.2547335261
73.4855275609	71.5467617274	61.8468657553	72.5718802933	64.9271653048	71.3162136204	69.9326290715	73.5456454205	69.0194703912	94.2403082206	63.626853664	72.072678626	63.4886831304	62.589740757
76.7112418911	70.4864048062	79.0482102464	72.0290713091	47.4581383249	69.9729118623	64.923361759	65.2605259733	56.028230519	63.626853664	94.2403082206	71.3761306845	57.9677734857	68.3258428341
73.0675364533	72.0897295367	70.2862800805	74.4878790926	57.3823682509	65.6922191381	65.3659181108	59.1086953167	59.6418173571	72.072678626	71.3761306845	94.2403082206	62.6995249441	68.7989568455
62.2516975695	63.5274489181	64.9315209659	63.7131995994	60.1501644905	60.3118373361	56.6737946768	56.964226385	58.6711594582	63.4886831304	57.9677734857	62.6995249441	94.2403082206	60.9760604075
74.468149228	71.0624824129	72.4901052	70.599488888	72.3759039553	56.4615105962	55.9041135805	59.5759411292	66.2547335261	62.589740757	68.3258428341	68.7989568455	60.9760604075	94.2403082206
Genotype stats (X^T * X): 	49.5784313725
Gene expression - Genotype stats (Y^T * X): 
-6.9634341237	-11.3148768959	-9.32039135712	-7.10127641852	-4.42510443518	-4.96157005798	-13.0996093703	-8.56457719397	-7.74807714088	-11.0496301819	-5.6115274905	-11.3086337002	-35.8888858556	-1.4686276183