Tissue	braincerebellum
N_samples	102
Chr	9
Gene	ENSG00000120217.9
SNP	rs10122089
Gene_list	ENSG00000120217.9	ENSG00000134326.7	ENSG00000134321.7	ENSG00000107201.5	ENSG00000010030.9	ENSG00000130589.12	ENSG00000168062.5	ENSG00000119922.7	ENSG00000111331.8	ENSG00000111335.8	ENSG00000197536.6
Gene expression stats (Y^T * Y): 
94.2403082206	64.5067238166	64.9972127966	64.6287235826	59.1000582025	60.8141752756	60.3924762178	59.6364450208	59.393042273	63.529330805	64.8042848902
64.5067238166	94.2403082206	83.9227756147	75.1261269022	76.423332843	72.1218173785	66.8349012735	64.9012383813	66.7079280961	74.7469034031	53.3057103029
64.9972127966	83.9227756147	94.2403082206	73.8171368822	68.4784013831	74.8644014967	65.8767706689	63.2498683934	68.2702863345	75.5959900617	56.3754695758
64.6287235826	75.1261269022	73.8171368822	94.2403082206	54.15721604	75.3926131045	52.0849599009	86.1844267604	87.8964091384	89.2002910319	64.1268686769
59.1000582025	76.423332843	68.4784013831	54.15721604	94.2403082206	56.2892691801	70.2835209544	45.3290350805	44.0012449394	52.4567381646	39.1663973899
60.8141752756	72.1218173785	74.8644014967	75.3926131045	56.2892691801	94.2403082206	59.3678975536	65.0355679216	72.3709303547	76.3982678147	61.7948734233
60.3924762178	66.8349012735	65.8767706689	52.0849599009	70.2835209544	59.3678975536	94.2403082206	42.7879733692	45.5659847862	50.3773974113	44.8129405347
59.6364450208	64.9012383813	63.2498683934	86.1844267604	45.3290350805	65.0355679216	42.7879733692	94.2403082206	88.3917631539	84.1694641542	65.7304240993
59.393042273	66.7079280961	68.2702863345	87.8964091384	44.0012449394	72.3709303547	45.5659847862	88.3917631539	94.2403082206	88.720671655	68.1672015413
63.529330805	74.7469034031	75.5959900617	89.2002910319	52.4567381646	76.3982678147	50.3773974113	84.1694641542	88.720671655	94.2403082206	67.9477427539
64.8042848902	53.3057103029	56.3754695758	64.1268686769	39.1663973899	61.7948734233	44.8129405347	65.7304240993	68.1672015413	67.9477427539	94.2403082206
Genotype stats (X^T * X): 	61.5868067549
Gene expression - Genotype stats (Y^T * X): 
-34.0103974092	-12.1120444587	-12.1936228601	-10.6681733968	-14.5464666726	-13.1746568776	-6.67216678017	-6.73737066004	-2.54425228422	-9.0909540915	-17.8206048432