Tissue	wholeblood
N_samples	334
Chr	14
Gene	ENSG00000100448.3
SNP	rs8008222
Gene_list	ENSG00000172232.5	ENSG00000196415.5	ENSG00000197561.2	ENSG00000164821.4	ENSG00000169397.3	ENSG00000100448.3	ENSG00000005381.6	ENSG00000149516.9
Gene expression stats (Y^T * Y): 
324.073016144	291.257652078	304.396001183	284.846065731	273.593627707	305.409677742	295.342742559	249.018050213
291.257652078	324.073016144	305.561721931	272.164337678	237.970484427	291.552878362	287.132759154	222.731319793
304.396001183	305.561721931	324.073016144	299.737354251	246.162689749	292.987784794	280.994045075	228.691000947
284.846065731	272.164337678	299.737354251	324.073016144	240.15177121	270.203327011	248.179978894	241.740291674
273.593627707	237.970484427	246.162689749	240.15177121	324.073016144	283.420276757	260.905931013	250.246613421
305.409677742	291.552878362	292.987784794	270.203327011	283.420276757	324.073016144	305.436529835	262.542506043
295.342742559	287.132759154	280.994045075	248.179978894	260.905931013	305.436529835	324.073016144	256.675043729
249.018050213	222.731319793	228.691000947	241.740291674	250.246613421	262.542506043	256.675043729	324.073016144
Genotype stats (X^T * X): 	45.1086074012
Gene expression - Genotype stats (Y^T * X): 
30.5406736633	28.7874503582	28.0707457021	20.5169513361	24.623759197	26.8919689633	29.2375809774	18.6905993099