Tissue	wholeblood
N_samples	334
Chr	17
Gene	ENSG00000161970.8
SNP	rs11078739
Gene_list	ENSG00000171863.8	ENSG00000161970.8	ENSG00000142676.8	ENSG00000125691.8	ENSG00000265681.2	ENSG00000123349.9	ENSG00000147604.9	ENSG00000138326.14	ENSG00000071082.6	ENSG00000109475.12	ENSG00000145425.5	ENSG00000182899.10	ENSG00000114942.9
Gene expression stats (Y^T * Y): 
324.073016144	293.280125282	284.940493884	311.670602944	315.252655057	286.91035143	305.986463697	297.638910581	311.527431276	307.276825364	299.009157165	278.873499818	275.515492802
293.280125282	324.073016144	292.925775449	301.189718473	290.527428623	272.814397748	299.952136823	304.177786199	293.414066339	305.038359548	280.56345027	259.617146447	266.883408918
284.940493884	292.925775449	324.073016144	294.270120331	282.44708874	280.396006215	292.572321202	278.062694171	290.567715107	285.126453181	286.380447897	274.250864774	242.195683711
311.670602944	301.189718473	294.270120331	324.073016144	309.605450201	293.022234002	303.79084796	301.971311494	313.956772883	311.719420585	287.34951407	275.709196954	273.334423438
315.252655057	290.527428623	282.44708874	309.605450201	324.073016144	282.101026191	311.863319486	298.275711117	313.136524006	307.081153806	306.022163294	278.070361635	259.885629754
286.91035143	272.814397748	280.396006215	293.022234002	282.101026191	324.073016144	282.059892617	280.113778309	297.991935858	285.189764348	273.770894233	266.262815242	234.473830606
305.986463697	299.952136823	292.572321202	303.79084796	311.863319486	282.059892617	324.073016144	296.672466102	305.075127009	298.326415845	308.899637011	271.761065031	246.684147806
297.638910581	304.177786199	278.062694171	301.971311494	298.275711117	280.113778309	296.672466102	324.073016144	303.097451213	311.759771211	275.873042983	251.068876808	272.751557039
311.527431276	293.414066339	290.567715107	313.956772883	313.136524006	297.991935858	305.075127009	303.097451213	324.073016144	312.627305314	297.503450992	285.391388691	261.669509602
307.276825364	305.038359548	285.126453181	311.719420585	307.081153806	285.189764348	298.326415845	311.759771211	312.627305314	324.073016144	285.548372973	276.781958783	281.540397074
299.009157165	280.56345027	286.380447897	287.34951407	306.022163294	273.770894233	308.899637011	275.873042983	297.503450992	285.548372973	324.073016144	278.047072693	226.596169877
278.873499818	259.617146447	274.250864774	275.709196954	278.070361635	266.262815242	271.761065031	251.068876808	285.391388691	276.781958783	278.047072693	324.073016144	240.492763369
275.515492802	266.883408918	242.195683711	273.334423438	259.885629754	234.473830606	246.684147806	272.751557039	261.669509602	281.540397074	226.596169877	240.492763369	324.073016144
Genotype stats (X^T * X): 	116.935024826
Gene expression - Genotype stats (Y^T * X): 
31.572817201	35.9479639951	33.3031836468	30.2465596648	30.7699074039	21.8694724585	28.5725130678	34.9701375544	29.1443799935	31.0631111418	28.2639201579	30.7584465238	33.9932126927