Tissue	wholeblood
N_samples	334
Chr	12
Gene	ENSG00000123349.9
SNP	rs941138
Gene_list	ENSG00000171863.8	ENSG00000161970.8	ENSG00000142676.8	ENSG00000125691.8	ENSG00000265681.2	ENSG00000123349.9	ENSG00000229117.4	ENSG00000147604.9	ENSG00000138326.14	ENSG00000071082.6	ENSG00000109475.12	ENSG00000145425.5	ENSG00000182899.10
Gene expression stats (Y^T * Y): 
324.073016144	293.280125282	284.940493884	311.670602944	315.252655057	286.91035143	243.401399587	305.986463697	297.638910581	311.527431276	307.276825364	299.009157165	278.873499818
293.280125282	324.073016144	292.925775449	301.189718473	290.527428623	272.814397748	235.274305129	299.952136823	304.177786199	293.414066339	305.038359548	280.56345027	259.617146447
284.940493884	292.925775449	324.073016144	294.270120331	282.44708874	280.396006215	267.797761383	292.572321202	278.062694171	290.567715107	285.126453181	286.380447897	274.250864774
311.670602944	301.189718473	294.270120331	324.073016144	309.605450201	293.022234002	248.980398367	303.79084796	301.971311494	313.956772883	311.719420585	287.34951407	275.709196954
315.252655057	290.527428623	282.44708874	309.605450201	324.073016144	282.101026191	244.916867703	311.863319486	298.275711117	313.136524006	307.081153806	306.022163294	278.070361635
286.91035143	272.814397748	280.396006215	293.022234002	282.101026191	324.073016144	267.78299493	282.059892617	280.113778309	297.991935858	285.189764348	273.770894233	266.262815242
243.401399587	235.274305129	267.797761383	248.980398367	244.916867703	267.78299493	324.073016144	255.558648682	216.070525331	261.12772104	230.904154129	261.259171151	265.199342406
305.986463697	299.952136823	292.572321202	303.79084796	311.863319486	282.059892617	255.558648682	324.073016144	296.672466102	305.075127009	298.326415845	308.899637011	271.761065031
297.638910581	304.177786199	278.062694171	301.971311494	298.275711117	280.113778309	216.070525331	296.672466102	324.073016144	303.097451213	311.759771211	275.873042983	251.068876808
311.527431276	293.414066339	290.567715107	313.956772883	313.136524006	297.991935858	261.12772104	305.075127009	303.097451213	324.073016144	312.627305314	297.503450992	285.391388691
307.276825364	305.038359548	285.126453181	311.719420585	307.081153806	285.189764348	230.904154129	298.326415845	311.759771211	312.627305314	324.073016144	285.548372973	276.781958783
299.009157165	280.56345027	286.380447897	287.34951407	306.022163294	273.770894233	261.259171151	308.899637011	275.873042983	297.503450992	285.548372973	324.073016144	278.047072693
278.873499818	259.617146447	274.250864774	275.709196954	278.070361635	266.262815242	265.199342406	271.761065031	251.068876808	285.391388691	276.781958783	278.047072693	324.073016144
Genotype stats (X^T * X): 	53.9281437126
Gene expression - Genotype stats (Y^T * X): 
-15.3915653796	-11.6175782965	-17.01607281	-15.6230611725	-14.8046067676	-21.1226380091	-18.00743225	-15.0635706833	-11.2762467937	-16.3201796332	-14.7114827452	-16.3123117052	-18.2009497756