Tissue	wholeblood
N_samples	334
Chr	12
Gene	ENSG00000111331.8
SNP	rs7135260
Gene_list	ENSG00000134321.7	ENSG00000137959.11	ENSG00000138646.4	ENSG00000185745.8	ENSG00000111331.8	ENSG00000111335.8
Gene expression stats (Y^T * Y): 
324.073016144	274.958032653	263.636683628	265.599720915	293.671538775	245.439729858
274.958032653	324.073016144	219.280098618	207.665342636	276.440219197	212.913881873
263.636683628	219.280098618	324.073016144	268.609608372	279.552109933	250.958751191
265.599720915	207.665342636	268.609608372	324.073016144	266.922816957	254.344269926
293.671538775	276.440219197	279.552109933	266.922816957	324.073016144	273.772198812
245.439729858	212.913881873	250.958751191	254.344269926	273.772198812	324.073016144
Genotype stats (X^T * X): 	140.812984135
Gene expression - Genotype stats (Y^T * X): 
36.1499506885	27.5345417795	25.3042212109	25.6350852691	34.6810967461	15.3507536881