Tissue	wholeblood
N_samples	334
Chr	20
Gene	ENSG00000101425.8
SNP	rs1780622
Gene_list	ENSG00000172232.5	ENSG00000197561.2	ENSG00000164821.4	ENSG00000101425.8	ENSG00000124469.6	ENSG00000012223.8
Gene expression stats (Y^T * Y): 
324.073016144	304.396001183	284.846065731	274.17903504	258.059027835	234.266646961
304.396001183	324.073016144	299.737354251	269.430117028	245.264924298	237.679821761
284.846065731	299.737354251	324.073016144	274.73889479	256.889550337	239.136061842
274.17903504	269.430117028	274.73889479	324.073016144	267.242320196	272.070473437
258.059027835	245.264924298	256.889550337	267.242320196	324.073016144	216.864866169
234.266646961	237.679821761	239.136061842	272.070473437	216.864866169	324.073016144
Genotype stats (X^T * X): 	141.516831272
Gene expression - Genotype stats (Y^T * X): 
-47.4723399125	-41.6833883352	-36.5792974682	-52.7209418177	-27.7270696402	-43.0666016695