Tissue	wholeblood
N_samples	334
Chr	22
Gene	ENSG00000211677.2
SNP	rs455941
Gene_list	ENSG00000211653.2	ENSG00000211666.2	ENSG00000211673.2	ENSG00000211675.2	ENSG00000211677.2	ENSG00000211679.2	ENSG00000241351.1	ENSG00000239951.1	ENSG00000244116.1	ENSG00000211895.3	ENSG00000211896.2
Gene expression stats (Y^T * Y): 
324.073016144	281.541950517	283.032013238	250.096761223	263.614333704	256.024540196	289.23523962	283.593543528	257.488443838	233.853945032	240.114615634
281.541950517	324.073016144	263.93870537	259.799611573	268.008806769	259.071861328	285.709674654	283.790757653	277.962642947	226.645342614	245.227843782
283.032013238	263.93870537	324.073016144	250.256720385	268.017581383	250.602265512	273.138041275	276.835258109	252.597566704	228.973642488	231.561381
250.096761223	259.799611573	250.256720385	324.073016144	275.954244815	305.67511498	249.844481386	269.589732895	283.254068053	284.682973355	286.428884261
263.614333704	268.008806769	268.017581383	275.954244815	324.073016144	277.013762098	265.653619278	270.395414948	267.553342864	271.48694327	262.090079619
256.024540196	259.071861328	250.602265512	305.67511498	277.013762098	324.073016144	254.690976243	269.621161202	267.466322211	293.647132721	280.258989558
289.23523962	285.709674654	273.138041275	249.844481386	265.653619278	254.690976243	324.073016144	295.553936342	275.131057816	238.559913219	240.685002789
283.593543528	283.790757653	276.835258109	269.589732895	270.395414948	269.621161202	295.553936342	324.073016144	290.241685554	242.978950715	254.697472928
257.488443838	277.962642947	252.597566704	283.254068053	267.553342864	267.466322211	275.131057816	290.241685554	324.073016144	246.398138468	266.348351605
233.853945032	226.645342614	228.973642488	284.682973355	271.48694327	293.647132721	238.559913219	242.978950715	246.398138468	324.073016144	272.303363248
240.114615634	245.227843782	231.561381	286.428884261	262.090079619	280.258989558	240.685002789	254.697472928	266.348351605	272.303363248	324.073016144
Genotype stats (X^T * X): 	115.524381928
Gene expression - Genotype stats (Y^T * X): 
-9.69790857949	-12.0831491728	-24.9273806388	5.89554051017	-44.6559551909	1.59364151883	-11.58505514	-9.2569788507	-4.59498021664	-9.38590434976	-10.0323702928