Tissue	wholeblood
N_samples	334
Chr	14
Gene	ENSG00000211964.2
SNP	rs55996323
Gene_list	ENSG00000211648.2	ENSG00000211651.2	ENSG00000254709.2	ENSG00000241755.1	ENSG00000211938.2	ENSG00000211945.2	ENSG00000211947.2	ENSG00000211949.2	ENSG00000211956.2	ENSG00000211959.2	ENSG00000211964.2	ENSG00000224650.2	ENSG00000170476.11
Gene expression stats (Y^T * Y): 
324.073016144	271.046039015	272.905221552	245.735545962	268.943258001	219.583325146	241.122033254	271.365281242	235.811988729	241.423423938	260.180180087	277.869085973	259.783138343
271.046039015	324.073016144	278.528199597	257.818307078	267.623527056	249.623049694	271.465263475	278.54658812	218.930675182	261.077312046	269.642556189	237.052424549	284.021782723
272.905221552	278.528199597	324.073016144	265.429445922	279.020456271	236.250250344	257.191602504	265.365768357	223.68394903	242.054684557	280.397189741	270.242614971	296.452088132
245.735545962	257.818307078	265.429445922	324.073016144	258.34453753	253.585639511	259.001167558	248.965958183	239.441826289	243.919653968	270.204993845	255.451966027	254.202453315
268.943258001	267.623527056	279.020456271	258.34453753	324.073016144	238.156851849	274.78111831	291.628110963	245.850448767	255.323581676	281.299214177	270.780185727	266.772940954
219.583325146	249.623049694	236.250250344	253.585639511	238.156851849	324.073016144	278.217249966	258.452824469	238.148104978	273.589638094	259.279526186	217.343056272	239.222495108
241.122033254	271.465263475	257.191602504	259.001167558	274.78111831	278.217249966	324.073016144	287.754121512	243.957134821	273.033410421	274.837365286	227.176681001	256.656992536
271.365281242	278.54658812	265.365768357	248.965958183	291.628110963	258.452824469	287.754121512	324.073016144	250.9751089	265.759481147	269.001458827	249.579255691	266.613773397
235.811988729	218.930675182	223.68394903	239.441826289	245.850448767	238.148104978	243.957134821	250.9751089	324.073016144	232.259530698	259.45575648	238.099464777	209.028091031
241.423423938	261.077312046	242.054684557	243.919653968	255.323581676	273.589638094	273.033410421	265.759481147	232.259530698	324.073016144	266.929352148	214.823396051	255.378441561
260.180180087	269.642556189	280.397189741	270.204993845	281.299214177	259.279526186	274.837365286	269.001458827	259.45575648	266.929352148	324.073016144	272.760536473	261.355139879
277.869085973	237.052424549	270.242614971	255.451966027	270.780185727	217.343056272	227.176681001	249.579255691	238.099464777	214.823396051	272.760536473	324.073016144	232.464650075
259.783138343	284.021782723	296.452088132	254.202453315	266.772940954	239.222495108	256.656992536	266.613773397	209.028091031	255.378441561	261.355139879	232.464650075	324.073016144
Genotype stats (X^T * X): 	58.9730177365
Gene expression - Genotype stats (Y^T * X): 
-17.5918574242	-21.8486866417	-21.708931667	-20.2296356909	-15.8195505878	-22.3573866763	-21.0128381772	-27.7132013008	-21.9986688988	-17.3068392142	-26.4290937707	-20.1652985158	-20.5653516709