Tissue	wholeblood
N_samples	334
Chr	20
Gene	ENSG00000124098.9
SNP	rs6024788
Gene_list	ENSG00000167671.7	ENSG00000244734.2	ENSG00000060138.8	ENSG00000158856.13	ENSG00000171552.8	ENSG00000169877.5	ENSG00000100225.13	ENSG00000013306.11	ENSG00000124098.9	ENSG00000145335.11	ENSG00000133606.6	ENSG00000143416.16	ENSG00000082146.8	ENSG00000159346.8
Gene expression stats (Y^T * Y): 
324.073016144	231.483443469	248.384384973	276.76260148	237.904745144	229.949865602	240.84853077	284.567897289	267.182144552	216.072693745	214.999536973	237.02271965	246.818599483	240.742197693
231.483443469	324.073016144	250.652687724	241.377373637	251.352113469	247.479312191	233.203668436	247.006238232	260.445328476	260.840971132	229.228241091	244.811515703	256.748905837	250.933084782
248.384384973	250.652687724	324.073016144	281.446118184	258.872757434	235.221721365	245.757972818	263.092264761	281.562686283	265.612498496	254.787667711	268.207807142	274.685834813	273.568270604
276.76260148	241.377373637	281.446118184	324.073016144	289.811045818	251.914735935	274.0713634	298.468116339	289.833445903	268.717376474	273.230215245	277.150376723	282.225228539	267.708784374
237.904745144	251.352113469	258.872757434	289.811045818	324.073016144	260.394421296	286.86776099	279.39862162	285.516788656	292.632883283	289.660719332	284.319018463	275.273606547	259.882779641
229.949865602	247.479312191	235.221721365	251.914735935	260.394421296	324.073016144	236.752748082	251.009550241	260.498185266	254.949323808	236.52705176	269.390173309	234.612574933	226.626204022
240.84853077	233.203668436	245.757972818	274.0713634	286.86776099	236.752748082	324.073016144	271.846411784	276.926919578	270.709991145	268.020374719	253.227040004	250.42424398	250.837676171
284.567897289	247.006238232	263.092264761	298.468116339	279.39862162	251.009550241	271.846411784	324.073016144	287.40423132	254.28894042	255.874221097	272.065710995	268.938668094	248.998250508
267.182144552	260.445328476	281.562686283	289.833445903	285.516788656	260.498185266	276.926919578	287.40423132	324.073016144	276.655634169	260.103171603	278.583464856	278.708638066	270.814373877
216.072693745	260.840971132	265.612498496	268.717376474	292.632883283	254.949323808	270.709991145	254.28894042	276.655634169	324.073016144	270.17342229	291.621545496	270.287017901	258.117238699
214.999536973	229.228241091	254.787667711	273.230215245	289.660719332	236.52705176	268.020374719	255.874221097	260.103171603	270.17342229	324.073016144	264.565012735	264.869744588	252.546522465
237.02271965	244.811515703	268.207807142	277.150376723	284.319018463	269.390173309	253.227040004	272.065710995	278.583464856	291.621545496	264.565012735	324.073016144	270.272745627	253.483759506
246.818599483	256.748905837	274.685834813	282.225228539	275.273606547	234.612574933	250.42424398	268.938668094	278.708638066	270.287017901	264.869744588	270.272745627	324.073016144	270.060049177
240.742197693	250.933084782	273.568270604	267.708784374	259.882779641	226.626204022	250.837676171	248.998250508	270.814373877	258.117238699	252.546522465	253.483759506	270.060049177	324.073016144
Genotype stats (X^T * X): 	113.996197476
Gene expression - Genotype stats (Y^T * X): 
-11.7482426491	-9.96899068064	-10.9954193262	-19.3965086507	-21.2726996239	-20.5295820347	-18.2432315898	-12.5157187062	-34.022668715	-19.9721703567	-17.6290511567	-17.0502825746	-13.6886423226	-14.9358938018