Tissue	wholeblood
N_samples	334
Chr	1
Gene	ENSG00000203785.4
SNP	rs77806119
Gene_list	ENSG00000105427.5	ENSG00000205420.6	ENSG00000140519.8	ENSG00000143536.7	ENSG00000169474.3	ENSG00000203785.4	ENSG00000189334.4
Gene expression stats (Y^T * Y): 
324.073016144	283.202251479	297.679572414	287.900777109	288.271201313	281.737770724	261.202766441
283.202251479	324.073016144	310.780631785	304.886872796	302.632359922	287.8167855	290.602825778
297.679572414	310.780631785	324.073016144	316.719598203	307.839652297	295.171170293	294.263265707
287.900777109	304.886872796	316.719598203	324.073016144	300.38487267	275.425395023	300.120960108
288.271201313	302.632359922	307.839652297	300.38487267	324.073016144	288.063321934	273.661842624
281.737770724	287.8167855	295.171170293	275.425395023	288.063321934	324.073016144	266.296213332
261.202766441	290.602825778	294.263265707	300.120960108	273.661842624	266.296213332	324.073016144
Genotype stats (X^T * X): 	27.0588977725
Gene expression - Genotype stats (Y^T * X): 
14.6866858459	14.6895400196	14.5980800273	13.264883853	12.7155263329	17.6935811168	9.46890688787