Tissue	wholeblood
N_samples	334
Chr	1
Gene	ENSG00000169474.3
SNP	rs7519371
Gene_list	ENSG00000105427.5	ENSG00000205420.6	ENSG00000140519.8	ENSG00000143536.7	ENSG00000169474.3	ENSG00000163209.10	ENSG00000203785.4	ENSG00000189334.4
Gene expression stats (Y^T * Y): 
324.073016144	283.202251479	297.679572414	287.900777109	288.271201313	264.673457145	281.737770724	261.202766441
283.202251479	324.073016144	310.780631785	304.886872796	302.632359922	276.669978021	287.8167855	290.602825778
297.679572414	310.780631785	324.073016144	316.719598203	307.839652297	281.923133069	295.171170293	294.263265707
287.900777109	304.886872796	316.719598203	324.073016144	300.38487267	294.936610423	275.425395023	300.120960108
288.271201313	302.632359922	307.839652297	300.38487267	324.073016144	276.809516216	288.063321934	273.661842624
264.673457145	276.669978021	281.923133069	294.936610423	276.809516216	324.073016144	230.470851837	254.06835047
281.737770724	287.8167855	295.171170293	275.425395023	288.063321934	230.470851837	324.073016144	266.296213332
261.202766441	290.602825778	294.263265707	300.120960108	273.661842624	254.06835047	266.296213332	324.073016144
Genotype stats (X^T * X): 	48.4283650449
Gene expression - Genotype stats (Y^T * X): 
-16.4121604948	-23.7076313651	-21.9226957115	-21.2365759173	-21.9232013717	-17.4191375214	-17.8686093066	-16.3497910109