Tissue	wholeblood
N_samples	334
Chr	22
Gene	ENSG00000211648.2
SNP	rs58405320
Gene_list	ENSG00000211644.2	ENSG00000211648.2	ENSG00000211651.2	ENSG00000211663.2	ENSG00000211666.2	ENSG00000254709.2	ENSG00000132465.6	ENSG00000239951.1	ENSG00000241294.1	ENSG00000244116.1	ENSG00000243238.1	ENSG00000211938.2	ENSG00000211949.2	ENSG00000211964.2	ENSG00000224650.2	ENSG00000170476.11
Gene expression stats (Y^T * Y): 
324.073016144	285.752332102	278.077105147	256.587356683	278.975684438	276.584567705	271.510269486	285.219073587	261.520901028	285.501223704	267.099010007	276.197061441	267.18842305	255.635427318	258.681595318	264.901811813
285.752332102	324.073016144	271.046039015	263.888023659	263.37785272	272.905221552	277.852416737	267.846056345	272.225553109	272.194976696	267.446328536	268.943258001	271.365281242	260.180180087	277.869085973	259.783138343
278.077105147	271.046039015	324.073016144	241.682675044	274.113394067	278.528199597	271.387579798	279.24971986	239.295970953	256.896628729	261.070651075	267.623527056	278.54658812	269.642556189	237.052424549	284.021782723
256.587356683	263.888023659	241.682675044	324.073016144	239.636177706	224.678176467	239.421925501	247.875396418	233.595961752	256.669925155	237.881726247	235.348399636	234.970142729	219.384834658	228.844649247	223.423933528
278.975684438	263.37785272	274.113394067	239.636177706	324.073016144	261.146030737	276.858001459	283.790757653	234.635979895	277.962642947	265.995305226	258.692457056	261.178895736	243.164307629	227.163051387	267.76087021
276.584567705	272.905221552	278.528199597	224.678176467	261.146030737	324.073016144	266.43533838	261.520615917	266.105260932	263.060710691	252.609775202	279.020456271	265.365768357	280.397189741	270.242614971	296.452088132
271.510269486	277.852416737	271.387579798	239.421925501	276.858001459	266.43533838	324.073016144	276.326291944	260.93264076	275.488935715	282.903201384	255.486046636	260.956188351	245.917494159	246.04281231	282.148291179
285.219073587	267.846056345	279.24971986	247.875396418	283.790757653	261.520615917	276.326291944	324.073016144	243.294941549	290.241685554	272.096448833	268.167447923	277.365711954	252.136248835	231.435341506	271.28496608
261.520901028	272.225553109	239.295970953	233.595961752	234.635979895	266.105260932	260.93264076	243.294941549	324.073016144	260.368930361	276.126067633	272.536940743	255.758271619	257.750714467	288.230549533	247.156145482
285.501223704	272.194976696	256.896628729	256.669925155	277.962642947	263.060710691	275.488935715	290.241685554	260.368930361	324.073016144	280.227179088	272.094921251	269.092637357	239.986851279	252.371725338	260.062755898
267.099010007	267.446328536	261.070651075	237.881726247	265.995305226	252.609775202	282.903201384	272.096448833	276.126067633	280.227179088	324.073016144	279.041157916	266.811004687	252.813981772	252.212840806	259.936060451
276.197061441	268.943258001	267.623527056	235.348399636	258.692457056	279.020456271	255.486046636	268.167447923	272.536940743	272.094921251	279.041157916	324.073016144	291.628110963	281.299214177	270.780185727	266.772940954
267.18842305	271.365281242	278.54658812	234.970142729	261.178895736	265.365768357	260.956188351	277.365711954	255.758271619	269.092637357	266.811004687	291.628110963	324.073016144	269.001458827	249.579255691	266.613773397
255.635427318	260.180180087	269.642556189	219.384834658	243.164307629	280.397189741	245.917494159	252.136248835	257.750714467	239.986851279	252.813981772	281.299214177	269.001458827	324.073016144	272.760536473	261.355139879
258.681595318	277.869085973	237.052424549	228.844649247	227.163051387	270.242614971	246.04281231	231.435341506	288.230549533	252.371725338	252.212840806	270.780185727	249.579255691	272.760536473	324.073016144	232.464650075
264.901811813	259.783138343	284.021782723	223.423933528	267.76087021	296.452088132	282.148291179	271.28496608	247.156145482	260.062755898	259.936060451	266.772940954	266.613773397	261.355139879	232.464650075	324.073016144
Genotype stats (X^T * X): 	19.2992931168
Gene expression - Genotype stats (Y^T * X): 
-8.6055721692	-13.2660593032	-7.81506480432	-8.88153493592	-10.4166748906	-8.46612473104	-8.98491648987	-4.90870592729	-8.7627575674	-11.505583567	-9.24162270488	-9.71769064301	-10.5408367812	-7.43947013238	-12.1398847884	-5.3773105218