Tissue	wholeblood
N_samples	334
Chr	14
Gene	ENSG00000211959.2
SNP	rs2467897
Gene_list	ENSG00000211651.2	ENSG00000211653.2	ENSG00000211660.3	ENSG00000241351.1	ENSG00000211943.2	ENSG00000211945.2	ENSG00000211947.2	ENSG00000211949.2	ENSG00000211955.2	ENSG00000211959.2	ENSG00000211964.2	ENSG00000211966.2	ENSG00000224373.2
Gene expression stats (Y^T * Y): 
324.073016144	290.269679659	288.199780561	277.76519115	232.203058601	249.623049694	271.465263475	278.54658812	259.026306234	261.077312046	269.642556189	256.999424024	258.380450791
290.269679659	324.073016144	290.298608254	289.23523962	231.146817096	241.079072982	267.241439201	269.38741312	256.766162798	262.301222986	253.771121252	254.784299596	257.015557731
288.199780561	290.298608254	324.073016144	279.366768436	238.07799722	250.521222145	264.029093117	269.18847476	250.524877234	259.312163823	257.029523213	248.355847762	252.084085073
277.76519115	289.23523962	279.366768436	324.073016144	247.548395705	242.858077625	271.495891857	279.426852427	270.271204021	259.858190954	258.196278181	258.414673613	248.555024182
232.203058601	231.146817096	238.07799722	247.548395705	324.073016144	258.945912601	254.744597158	256.567779888	259.873937429	265.693298361	246.021131198	263.846047842	249.928505425
249.623049694	241.079072982	250.521222145	242.858077625	258.945912601	324.073016144	278.217249966	258.452824469	256.484152688	273.589638094	259.279526186	268.852485612	263.726565458
271.465263475	267.241439201	264.029093117	271.495891857	254.744597158	278.217249966	324.073016144	287.754121512	272.614996979	273.033410421	274.837365286	270.381967877	265.360349545
278.54658812	269.38741312	269.18847476	279.426852427	256.567779888	258.452824469	287.754121512	324.073016144	273.318326727	265.759481147	269.001458827	264.617231782	253.739317108
259.026306234	256.766162798	250.524877234	270.271204021	259.873937429	256.484152688	272.614996979	273.318326727	324.073016144	264.252161308	251.720332692	262.905813995	252.745765373
261.077312046	262.301222986	259.312163823	259.858190954	265.693298361	273.589638094	273.033410421	265.759481147	264.252161308	324.073016144	266.929352148	269.408829193	280.447961996
269.642556189	253.771121252	257.029523213	258.196278181	246.021131198	259.279526186	274.837365286	269.001458827	251.720332692	266.929352148	324.073016144	243.608496789	251.818661442
256.999424024	254.784299596	248.355847762	258.414673613	263.846047842	268.852485612	270.381967877	264.617231782	262.905813995	269.408829193	243.608496789	324.073016144	264.635266097
258.380450791	257.015557731	252.084085073	248.555024182	249.928505425	263.726565458	265.360349545	253.739317108	252.745765373	280.447961996	251.818661442	264.635266097	324.073016144
Genotype stats (X^T * X): 	42.0537336527
Gene expression - Genotype stats (Y^T * X): 
-5.26205907176	-13.0569204773	-12.5216020344	-6.75228061641	-2.55716302596	-6.39723971238	-8.06707875842	-7.92349539626	-9.62138106502	-19.7905767666	-9.6647866724	-3.18878625672	-11.3485575064