Tissue	wholeblood
N_samples	334
Chr	3
Gene	ENSG00000114391.8
SNP	rs76747093
Gene_list	ENSG00000137154.8	ENSG00000124614.9	ENSG00000143947.8	ENSG00000008988.5	ENSG00000171858.13	ENSG00000114391.8	ENSG00000118181.6	ENSG00000182899.10
Gene expression stats (Y^T * Y): 
324.073016144	280.234172639	294.290271905	293.524783161	267.274008822	263.505075245	243.137630972	290.025849216
280.234172639	324.073016144	257.550665896	274.286018365	303.888373234	259.482289216	202.014622307	286.092687674
294.290271905	257.550665896	324.073016144	280.749358313	248.887950789	263.168756079	250.160799393	266.026060692
293.524783161	274.286018365	280.749358313	324.073016144	273.965503939	290.114684212	265.214447834	272.114727455
267.274008822	303.888373234	248.887950789	273.965503939	324.073016144	259.559516448	196.334153813	274.256337554
263.505075245	259.482289216	263.168756079	290.114684212	259.559516448	324.073016144	260.058920165	267.572807962
243.137630972	202.014622307	250.160799393	265.214447834	196.334153813	260.058920165	324.073016144	209.414497522
290.025849216	286.092687674	266.026060692	272.114727455	274.256337554	267.572807962	209.414497522	324.073016144
Genotype stats (X^T * X): 	43.2095808383
Gene expression - Genotype stats (Y^T * X): 
13.8391860129	11.5893930355	12.4462938267	13.5712186661	10.202165171	18.7734734026	15.8892828605	15.8856448713