Tissue	wholeblood
N_samples	334
Chr	12
Gene	ENSG00000060138.8
SNP	rs55709214
Gene_list	ENSG00000060138.8	ENSG00000158856.13	ENSG00000013306.11	ENSG00000124098.9	ENSG00000145335.11	ENSG00000143416.16	ENSG00000082146.8	ENSG00000159346.8
Gene expression stats (Y^T * Y): 
324.073016144	281.446118184	263.092264761	281.562686283	265.612498496	268.207807142	274.685834813	273.568270604
281.446118184	324.073016144	298.468116339	289.833445903	268.717376474	277.150376723	282.225228539	267.708784374
263.092264761	298.468116339	324.073016144	287.40423132	254.28894042	272.065710995	268.938668094	248.998250508
281.562686283	289.833445903	287.40423132	324.073016144	276.655634169	278.583464856	278.708638066	270.814373877
265.612498496	268.717376474	254.28894042	276.655634169	324.073016144	291.621545496	270.287017901	258.117238699
268.207807142	277.150376723	272.065710995	278.583464856	291.621545496	324.073016144	270.272745627	253.483759506
274.685834813	282.225228539	268.938668094	278.708638066	270.287017901	270.272745627	324.073016144	270.060049177
273.568270604	267.708784374	248.998250508	270.814373877	258.117238699	253.483759506	270.060049177	324.073016144
Genotype stats (X^T * X): 	109.246439653
Gene expression - Genotype stats (Y^T * X): 
33.4048116209	26.3964560268	17.8587338173	22.7594990685	24.8558324125	19.5699668187	29.5912170134	25.3070076537