Tissue	wholeblood
N_samples	334
Chr	16
Gene	ENSG00000169877.5
SNP	rs113313527
Gene_list	ENSG00000223609.3	ENSG00000171552.8	ENSG00000169877.5	ENSG00000124098.9	ENSG00000133742.9	ENSG00000143416.16
Gene expression stats (Y^T * Y): 
324.073016144	259.697781413	310.409148102	252.045393162	289.607612375	267.227904832
259.697781413	324.073016144	260.394421296	285.516788656	253.101079671	284.319018463
310.409148102	260.394421296	324.073016144	260.498185266	291.568362874	269.390173309
252.045393162	285.516788656	260.498185266	324.073016144	248.71259035	278.583464856
289.607612375	253.101079671	291.568362874	248.71259035	324.073016144	255.134616206
267.227904832	284.319018463	269.390173309	278.583464856	255.134616206	324.073016144
Genotype stats (X^T * X): 	24.103517991
Gene expression - Genotype stats (Y^T * X): 
-15.9714660846	-14.6220436671	-16.3707683296	-14.9370281947	-17.7772346616	-14.4183420879