Tissue	wholeblood
N_samples	334
Chr	2
Gene	ENSG00000240382.1
SNP	rs2848198
Gene_list	ENSG00000211644.2	ENSG00000211598.2	ENSG00000243466.1	ENSG00000241755.1	ENSG00000241351.1	ENSG00000244437.1	ENSG00000240382.1	ENSG00000239951.1	ENSG00000242076.1	ENSG00000251546.1	ENSG00000211938.2	ENSG00000211949.2
Gene expression stats (Y^T * Y): 
324.073016144	272.357650133	269.317486899	261.609706442	274.829095922	270.234996036	265.876927252	285.219073587	266.784974299	278.684980684	276.197061441	267.18842305
272.357650133	324.073016144	305.445856978	256.867874701	288.910334	281.696808658	269.355076935	287.607650496	272.857677596	283.064816026	267.484570919	277.152735132
269.317486899	305.445856978	324.073016144	256.944817745	288.810845304	278.869920704	260.144196346	284.286276933	274.07207983	283.053030907	262.761720635	273.748510893
261.609706442	256.867874701	256.944817745	324.073016144	260.969811201	253.580420058	266.718936285	265.609223561	260.135574271	266.703644487	258.34453753	248.965958183
274.829095922	288.910334	288.810845304	260.969811201	324.073016144	288.824343769	266.758228629	295.553936342	285.568727395	290.609990538	266.963723127	279.426852427
270.234996036	281.696808658	278.869920704	253.580420058	288.824343769	324.073016144	259.931310166	292.126313021	280.742120226	281.142596975	267.507408807	273.679374231
265.876927252	269.355076935	260.144196346	266.718936285	266.758228629	259.931310166	324.073016144	268.914543717	262.476065867	266.680876789	261.129254087	259.829529786
285.219073587	287.607650496	284.286276933	265.609223561	295.553936342	292.126313021	268.914543717	324.073016144	280.000496298	296.947175354	268.167447923	277.365711954
266.784974299	272.857677596	274.07207983	260.135574271	285.568727395	280.742120226	262.476065867	280.000496298	324.073016144	300.789805996	261.29811091	264.337581729
278.684980684	283.064816026	283.053030907	266.703644487	290.609990538	281.142596975	266.680876789	296.947175354	300.789805996	324.073016144	264.036610166	273.155282243
276.197061441	267.484570919	262.761720635	258.34453753	266.963723127	267.507408807	261.129254087	268.167447923	261.29811091	264.036610166	324.073016144	291.628110963
267.18842305	277.152735132	273.748510893	248.965958183	279.426852427	273.679374231	259.829529786	277.365711954	264.337581729	273.155282243	291.628110963	324.073016144
Genotype stats (X^T * X): 	60.1693103862
Gene expression - Genotype stats (Y^T * X): 
-17.3387032914	-14.6628736552	-11.1148828736	-18.5727647798	-15.1122195551	-12.9005979954	-32.8825241199	-15.4780415911	-15.6655155692	-19.7998686274	-22.5574088388	-19.6878149605