Tissue	wholeblood
N_samples	334
Chr	4
Gene	ENSG00000163682.11
SNP	rs1458255
Gene_list	ENSG00000171863.8	ENSG00000134419.11	ENSG00000125691.8	ENSG00000163682.11	ENSG00000131469.8	ENSG00000265681.2	ENSG00000147604.9	ENSG00000071082.6	ENSG00000109475.12	ENSG00000145425.5	ENSG00000182899.10
Gene expression stats (Y^T * Y): 
324.073016144	262.273768354	311.670602944	276.433921648	257.864663933	315.252655057	305.986463697	311.527431276	307.276825364	299.009157165	278.873499818
262.273768354	324.073016144	259.157275338	271.490362245	313.386794944	270.572652116	267.656606271	272.32657859	249.182402755	282.341068842	292.234525596
311.670602944	259.157275338	324.073016144	268.191114034	255.366340334	309.605450201	303.79084796	313.956772883	311.719420585	287.34951407	275.709196954
276.433921648	271.490362245	268.191114034	324.073016144	267.924482062	277.767525127	273.936048228	271.573914572	260.486309778	281.591509898	270.9221588
257.864663933	313.386794944	255.366340334	267.924482062	324.073016144	265.372502248	258.78891771	266.303443759	242.646629167	274.013655156	285.221300776
315.252655057	270.572652116	309.605450201	277.767525127	265.372502248	324.073016144	311.863319486	313.136524006	307.081153806	306.022163294	278.070361635
305.986463697	267.656606271	303.79084796	273.936048228	258.78891771	311.863319486	324.073016144	305.075127009	298.326415845	308.899637011	271.761065031
311.527431276	272.32657859	313.956772883	271.573914572	266.303443759	313.136524006	305.075127009	324.073016144	312.627305314	297.503450992	285.391388691
307.276825364	249.182402755	311.719420585	260.486309778	242.646629167	307.081153806	298.326415845	312.627305314	324.073016144	285.548372973	276.781958783
299.009157165	282.341068842	287.34951407	281.591509898	274.013655156	306.022163294	308.899637011	297.503450992	285.548372973	324.073016144	278.047072693
278.873499818	292.234525596	275.709196954	270.9221588	285.221300776	278.070361635	271.761065031	285.391388691	276.781958783	278.047072693	324.073016144
Genotype stats (X^T * X): 	153.389024275
Gene expression - Genotype stats (Y^T * X): 
6.18830724777	0.0789832139212	6.2958529209	-68.6379490504	-3.86188893466	6.36765754864	1.91559825767	8.49643995682	14.5976285809	2.78210211889	3.719160081