Tissue	wholeblood
N_samples	334
Chr	1
Gene	ENSG00000143536.7
SNP	rs12123907
Gene_list	ENSG00000171401.10	ENSG00000105427.5	ENSG00000205420.6	ENSG00000170477.8	ENSG00000140519.8	ENSG00000143536.7	ENSG00000169474.3	ENSG00000163209.10	ENSG00000203785.4	ENSG00000189334.4
Gene expression stats (Y^T * Y): 
324.073016144	224.84305807	244.547370047	261.743332646	246.658628588	261.772619738	242.17886399	302.411628197	187.514746761	226.149543903
224.84305807	324.073016144	283.202251479	203.196892942	297.679572414	287.900777109	288.271201313	264.673457145	281.737770724	261.202766441
244.547370047	283.202251479	324.073016144	234.96396993	310.780631785	304.886872796	302.632359922	276.669978021	287.8167855	290.602825778
261.743332646	203.196892942	234.96396993	324.073016144	239.371218524	271.441331995	221.655218505	270.883061052	166.333359451	251.417208411
246.658628588	297.679572414	310.780631785	239.371218524	324.073016144	316.719598203	307.839652297	281.923133069	295.171170293	294.263265707
261.772619738	287.900777109	304.886872796	271.441331995	316.719598203	324.073016144	300.38487267	294.936610423	275.425395023	300.120960108
242.17886399	288.271201313	302.632359922	221.655218505	307.839652297	300.38487267	324.073016144	276.809516216	288.063321934	273.661842624
302.411628197	264.673457145	276.669978021	270.883061052	281.923133069	294.936610423	276.809516216	324.073016144	230.470851837	254.06835047
187.514746761	281.737770724	287.8167855	166.333359451	295.171170293	275.425395023	288.063321934	230.470851837	324.073016144	266.296213332
226.149543903	261.202766441	290.602825778	251.417208411	294.263265707	300.120960108	273.661842624	254.06835047	266.296213332	324.073016144
Genotype stats (X^T * X): 	123.5
Gene expression - Genotype stats (Y^T * X): 
-33.2357647362	-37.3973608205	-44.1379129611	-27.386774015	-41.9697192887	-41.221075039	-41.8076108468	-40.8147960055	-42.0475309377	-31.7647477367