Tissue	wholeblood
N_samples	334
Chr	14
Gene	ENSG00000211966.2
SNP	rs55996323
Gene_list	ENSG00000211937.2	ENSG00000211941.2	ENSG00000211943.2	ENSG00000211945.2	ENSG00000211947.2	ENSG00000211949.2	ENSG00000211955.2	ENSG00000211959.2	ENSG00000211966.2	ENSG00000224373.2
Gene expression stats (Y^T * Y): 
324.073016144	245.796544292	238.3023847	250.423509798	241.503803888	229.057404553	235.501739297	248.067273934	261.110239025	245.997003162
245.796544292	324.073016144	240.709002628	266.568161736	253.409888827	246.636846345	240.461480397	250.387076872	259.300408977	246.220021146
238.3023847	240.709002628	324.073016144	258.945912601	254.744597158	256.567779888	259.873937429	265.693298361	263.846047842	249.928505425
250.423509798	266.568161736	258.945912601	324.073016144	278.217249966	258.452824469	256.484152688	273.589638094	268.852485612	263.726565458
241.503803888	253.409888827	254.744597158	278.217249966	324.073016144	287.754121512	272.614996979	273.033410421	270.381967877	265.360349545
229.057404553	246.636846345	256.567779888	258.452824469	287.754121512	324.073016144	273.318326727	265.759481147	264.617231782	253.739317108
235.501739297	240.461480397	259.873937429	256.484152688	272.614996979	273.318326727	324.073016144	264.252161308	262.905813995	252.745765373
248.067273934	250.387076872	265.693298361	273.589638094	273.033410421	265.759481147	264.252161308	324.073016144	269.408829193	280.447961996
261.110239025	259.300408977	263.846047842	268.852485612	270.381967877	264.617231782	262.905813995	269.408829193	324.073016144	264.635266097
245.997003162	246.220021146	249.928505425	263.726565458	265.360349545	253.739317108	252.745765373	280.447961996	264.635266097	324.073016144
Genotype stats (X^T * X): 	58.9730177365
Gene expression - Genotype stats (Y^T * X): 
-17.146931086	-23.2590325775	-16.2256742706	-22.3573866763	-21.0128381772	-27.7132013008	-17.8914598063	-17.3068392142	-22.1926935293	-14.6840441697