Tissue	skinsunexposedlowerleg
N_samples	299
Chr	1
Gene	ENSG00000122406.8
SNP	rs7536227
Gene_list	ENSG00000171863.8	ENSG00000161970.8	ENSG00000137154.8	ENSG00000142937.7	ENSG00000133112.12	ENSG00000265681.2	ENSG00000143947.8	ENSG00000138326.14	ENSG00000122406.8	ENSG00000071082.6	ENSG00000109475.12	ENSG00000145425.5	ENSG00000182899.10	ENSG00000114942.9
Gene expression stats (Y^T * Y): 
289.277195889	226.394579336	259.069535026	257.483840558	200.692028293	239.131679411	244.993787239	237.448671919	237.790820568	250.826708685	234.632272689	247.042716113	247.508524886	245.623577784
226.394579336	289.277195889	239.406969707	242.893376905	250.111937826	265.371012923	236.920967525	258.378122133	253.807511249	233.720540921	254.784255494	249.428240713	236.343824739	227.200108211
259.069535026	239.406969707	289.277195889	264.65230204	211.799551315	247.511136702	250.275814654	252.513522625	250.511412294	253.793891302	243.395750405	264.397180654	246.134199027	249.19958991
257.483840558	242.893376905	264.65230204	289.277195889	210.59005318	253.052783827	250.59241078	253.992117047	245.60826616	264.502473055	255.714471716	256.734823681	254.691879242	232.116589089
200.692028293	250.111937826	211.799551315	210.59005318	289.277195889	236.501671801	222.095423549	237.993360124	248.411887696	218.314112792	228.267803063	235.153285138	213.462226338	224.382309024
239.131679411	265.371012923	247.511136702	253.052783827	236.501671801	289.277195889	256.71348794	250.847859544	252.713720743	245.720390581	253.992564195	242.457149276	242.808616874	230.880455581
244.993787239	236.920967525	250.275814654	250.59241078	222.095423549	256.71348794	289.277195889	240.627575056	246.115619218	238.978114272	244.044124641	238.827683752	242.771622275	239.294002096
237.448671919	258.378122133	252.513522625	253.992117047	237.993360124	250.847859544	240.627575056	289.277195889	264.859588376	253.445431245	265.292741856	266.898102111	243.366398017	248.931302372
237.790820568	253.807511249	250.511412294	245.60826616	248.411887696	252.713720743	246.115619218	264.859588376	289.277195889	244.853861103	258.534212022	262.53973666	246.814108472	243.057088728
250.826708685	233.720540921	253.793891302	264.502473055	218.314112792	245.720390581	238.978114272	253.445431245	244.853861103	289.277195889	251.639077081	252.291237487	254.248979847	234.248755801
234.632272689	254.784255494	243.395750405	255.714471716	228.267803063	253.992564195	244.044124641	265.292741856	258.534212022	251.639077081	289.277195889	260.287648011	264.028205257	226.389028032
247.042716113	249.428240713	264.397180654	256.734823681	235.153285138	242.457149276	238.827683752	266.898102111	262.53973666	252.291237487	260.287648011	289.277195889	254.933962625	251.66941614
247.508524886	236.343824739	246.134199027	254.691879242	213.462226338	242.808616874	242.771622275	243.366398017	246.814108472	254.248979847	264.028205257	254.933962625	289.277195889	219.177075047
245.623577784	227.200108211	249.19958991	232.116589089	224.382309024	230.880455581	239.294002096	248.931302372	243.057088728	234.248755801	226.389028032	251.66941614	219.177075047	289.277195889
Genotype stats (X^T * X): 	62.957936903
Gene expression - Genotype stats (Y^T * X): 
-19.6048297883	-16.9174012576	-18.4868202016	-16.9488283312	-17.9924045545	-17.837812445	-20.3260015825	-18.0568526093	-22.4079791555	-15.6902126869	-23.8936288334	-19.6244583096	-20.7829487311	-17.7823816298