Tissue	skinsunexposedlowerleg
N_samples	299
Chr	19
Gene	ENSG00000179751.6
SNP	rs8110466
Gene_list	ENSG00000169347.12	ENSG00000219073.3	ENSG00000179751.6	ENSG00000168925.6	ENSG00000175535.6	ENSG00000170890.9	ENSG00000158516.7	ENSG00000091704.5
Gene expression stats (Y^T * Y): 
289.277195889	272.702308221	236.616344743	273.606005497	254.43630293	268.787189939	267.352733224	272.726793015
272.702308221	289.277195889	239.016143049	271.398393073	261.718605654	268.564748956	266.748550589	270.368030875
236.616344743	239.016143049	289.277195889	232.450712083	245.334028309	238.921830967	235.975919539	233.172195598
273.606005497	271.398393073	232.450712083	289.277195889	261.391143016	269.497806646	267.942671991	282.078236071
254.43630293	261.718605654	245.334028309	261.391143016	289.277195889	263.432529223	255.486085167	262.082463728
268.787189939	268.564748956	238.921830967	269.497806646	263.432529223	289.277195889	266.493144966	263.913533811
267.352733224	266.748550589	235.975919539	267.942671991	255.486085167	266.493144966	289.277195889	265.199894516
272.726793015	270.368030875	233.172195598	282.078236071	262.082463728	263.913533811	265.199894516	289.277195889
Genotype stats (X^T * X): 	68.8695652174
Gene expression - Genotype stats (Y^T * X): 
-25.9195877278	-19.9584015279	-28.1524090254	-17.5450190522	-19.1594217685	-23.2640495785	-23.2610006933	-17.3439361125