Tissue	skinsunexposedlowerleg
N_samples	299
Chr	19
Gene	ENSG00000063177.8
SNP	rs2544807
Gene_list	ENSG00000115268.5	ENSG00000140988.11	ENSG00000105640.8	ENSG00000063177.8	ENSG00000083845.4	ENSG00000149273.10	ENSG00000167526.9
Gene expression stats (Y^T * Y): 
289.277195889	217.207303282	258.178133425	247.85242493	234.546307122	211.687148584	258.696205678
217.207303282	289.277195889	242.032068224	232.803434565	246.53152916	235.059860878	207.750218859
258.178133425	242.032068224	289.277195889	257.678371502	261.790080971	228.439073687	247.96515702
247.85242493	232.803434565	257.678371502	289.277195889	259.814068542	231.637459621	238.520565873
234.546307122	246.53152916	261.790080971	259.814068542	289.277195889	231.092119994	226.871940064
211.687148584	235.059860878	228.439073687	231.637459621	231.092119994	289.277195889	201.857823455
258.696205678	207.750218859	247.96515702	238.520565873	226.871940064	201.857823455	289.277195889
Genotype stats (X^T * X): 	83.512263612
Gene expression - Genotype stats (Y^T * X): 
35.626432987	34.0692452132	28.6224054449	34.1504621393	34.8101838756	32.9942979062	29.0422360163