Tissue	skinsunexposedlowerleg
N_samples	299
Chr	16
Gene	ENSG00000140988.11
SNP	rs8055439
Gene_list	ENSG00000140988.11	ENSG00000105640.8	ENSG00000063177.8	ENSG00000170889.9	ENSG00000083845.4	ENSG00000149273.10
Gene expression stats (Y^T * Y): 
289.277195889	242.032068224	232.803434565	240.286164722	246.53152916	235.059860878
242.032068224	289.277195889	257.678371502	245.224636267	261.790080971	228.439073687
232.803434565	257.678371502	289.277195889	230.229064445	259.814068542	231.637459621
240.286164722	245.224636267	230.229064445	289.277195889	239.885840746	224.464714583
246.53152916	261.790080971	259.814068542	239.885840746	289.277195889	231.092119994
235.059860878	228.439073687	231.637459621	224.464714583	231.092119994	289.277195889
Genotype stats (X^T * X): 	138.989966555
Gene expression - Genotype stats (Y^T * X): 
39.6521778753	20.6523635865	20.4728557316	33.8322819216	21.5946857314	18.6105901524