Tissue	skinsunexposedlowerleg
N_samples	299
Chr	17
Gene	ENSG00000125691.8
SNP	rs1239176
Gene_list	ENSG00000161970.8	ENSG00000137154.8	ENSG00000125691.8	ENSG00000142937.7	ENSG00000265681.2	ENSG00000143947.8	ENSG00000071082.6	ENSG00000118181.6
Gene expression stats (Y^T * Y): 
289.277195889	239.406969707	247.038354431	242.893376905	265.371012923	236.920967525	233.720540921	258.564678051
239.406969707	289.277195889	232.305374095	264.65230204	247.511136702	250.275814654	253.793891302	225.065602772
247.038354431	232.305374095	289.277195889	240.899869647	257.067352396	234.661275307	239.18416982	245.345711867
242.893376905	264.65230204	240.899869647	289.277195889	253.052783827	250.59241078	264.502473055	232.25763126
265.371012923	247.511136702	257.067352396	253.052783827	289.277195889	256.71348794	245.720390581	246.812001167
236.920967525	250.275814654	234.661275307	250.59241078	256.71348794	289.277195889	238.978114272	229.397699479
233.720540921	253.793891302	239.18416982	264.502473055	245.720390581	238.978114272	289.277195889	213.81259687
258.564678051	225.065602772	245.345711867	232.25763126	246.812001167	229.397699479	213.81259687	289.277195889
Genotype stats (X^T * X): 	145.377926421
Gene expression - Genotype stats (Y^T * X): 
20.0665308906	20.6789586344	33.6149109068	24.1276244699	22.3150803302	27.0268375608	27.6883796005	20.2830600939