Tissue	skinsunexposedlowerleg
N_samples	299
Chr	17
Gene	ENSG00000171446.6
SNP	rs8077449
Gene_list	ENSG00000111291.4	ENSG00000244355.3	ENSG00000204897.6	ENSG00000171446.6	ENSG00000188581.8	ENSG00000214518.3	ENSG00000131738.5	ENSG00000197079.4	ENSG00000170523.3	ENSG00000139648.6	ENSG00000159450.8	ENSG00000203783.4	ENSG00000188015.5
Gene expression stats (Y^T * Y): 
289.277195889	271.362423904	206.953188738	234.732130051	270.955229233	265.906454581	274.173639816	244.904156267	283.927101976	218.098528109	200.838549644	259.260500666	226.63785528
271.362423904	289.277195889	210.212353394	243.087841689	244.577487871	242.404992777	249.097688314	255.858058647	269.93298781	226.653094488	227.654250941	264.021225664	224.465798208
206.953188738	210.212353394	289.277195889	276.010627465	218.720759842	223.122713888	224.315203143	251.558439681	215.903360674	283.594109	235.25527417	253.118536086	231.895582458
234.732130051	243.087841689	276.010627465	289.277195889	233.969729171	235.792843186	237.601532353	269.002524358	238.697624261	284.46801785	250.167342295	272.613014048	237.263098385
270.955229233	244.577487871	218.720759842	233.969729171	289.277195889	287.08909348	285.283270393	238.431908523	272.878069178	222.11034127	183.654172251	253.36859619	237.273969713
265.906454581	242.404992777	223.122713888	235.792843186	287.08909348	289.277195889	284.239909535	239.034408292	271.065670103	225.224884968	184.678363876	254.318904683	242.050681952
274.173639816	249.097688314	224.315203143	237.601532353	285.283270393	284.239909535	289.277195889	243.510611223	278.062242652	227.043026967	188.997940952	256.684924745	239.244841854
244.904156267	255.858058647	251.558439681	269.002524358	238.431908523	239.034408292	243.510611223	289.277195889	248.470197607	261.488377706	225.762767563	272.717669665	234.649434659
283.927101976	269.93298781	215.903360674	238.697624261	272.878069178	271.065670103	278.062242652	248.470197607	289.277195889	224.354003976	202.905002645	260.879253909	231.856960504
218.098528109	226.653094488	283.594109	284.46801785	222.11034127	225.224884968	227.043026967	261.488377706	224.354003976	289.277195889	246.267313307	262.447708546	232.379703714
200.838549644	227.654250941	235.25527417	250.167342295	183.654172251	184.678363876	188.997940952	225.762767563	202.905002645	246.267313307	289.277195889	238.406807617	195.3572291
259.260500666	264.021225664	253.118536086	272.613014048	253.36859619	254.318904683	256.684924745	272.717669665	260.879253909	262.447708546	238.406807617	289.277195889	249.939777305
226.63785528	224.465798208	231.895582458	237.263098385	237.273969713	242.050681952	239.244841854	234.649434659	231.856960504	232.379703714	195.3572291	249.939777305	289.277195889
Genotype stats (X^T * X): 	63.4314381271
Gene expression - Genotype stats (Y^T * X): 
18.5425556669	15.1277408435	17.2102900514	22.6209744388	20.7311878202	19.8252617683	21.4919510053	15.6250989033	17.5416581905	20.7608523646	16.910481755	18.2767486348	13.3150136637