Tissue	skinsunexposedlowerleg
N_samples	299
Chr	11
Gene	ENSG00000118181.6
SNP	rs12282752
Gene_list	ENSG00000161970.8	ENSG00000134419.11	ENSG00000125691.8	ENSG00000142937.7	ENSG00000265681.2	ENSG00000123349.9	ENSG00000008988.5	ENSG00000109475.12	ENSG00000089009.11	ENSG00000118181.6	ENSG00000182899.10
Gene expression stats (Y^T * Y): 
289.277195889	214.389097644	247.038354431	242.893376905	265.371012923	218.536784126	218.32120429	254.784255494	241.510993546	258.564678051	236.343824739
214.389097644	289.277195889	222.379427097	213.900227854	207.652779135	229.383186041	229.879353949	189.077313844	209.768328559	233.589859428	228.388669239
247.038354431	222.379427097	289.277195889	240.899869647	257.067352396	195.099916602	220.020197637	225.471148497	217.263285085	245.345711867	225.222818411
242.893376905	213.900227854	240.899869647	289.277195889	253.052783827	192.966811606	235.924803443	255.714471716	212.846502976	232.25763126	254.691879242
265.371012923	207.652779135	257.067352396	253.052783827	289.277195889	214.214616308	233.804561821	253.992564195	227.958580319	246.812001167	242.808616874
218.536784126	229.383186041	195.099916602	192.966811606	214.214616308	289.277195889	234.75140214	205.774927872	199.56460501	235.674454251	227.4160106
218.32120429	229.879353949	220.020197637	235.924803443	233.804561821	234.75140214	289.277195889	229.299740345	210.302666421	233.975559527	255.174132191
254.784255494	189.077313844	225.471148497	255.714471716	253.992564195	205.774927872	229.299740345	289.277195889	204.788165543	237.027985046	264.028205257
241.510993546	209.768328559	217.263285085	212.846502976	227.958580319	199.56460501	210.302666421	204.788165543	289.277195889	232.521287489	212.02672365
258.564678051	233.589859428	245.345711867	232.25763126	246.812001167	235.674454251	233.975559527	237.027985046	232.521287489	289.277195889	243.063111085
236.343824739	228.388669239	225.222818411	254.691879242	242.808616874	227.4160106	255.174132191	264.028205257	212.02672365	243.063111085	289.277195889
Genotype stats (X^T * X): 	48.9698996656
Gene expression - Genotype stats (Y^T * X): 
-15.2338119726	-14.4171291766	-12.4472106749	-15.4105473314	-13.6228501796	-16.2767714302	-17.2755177552	-13.3801310624	-22.7063260905	-21.8369248955	-18.6300105014