Tissue	skinsunexposedlowerleg
N_samples	299
Chr	2
Gene	ENSG00000114942.9
SNP	rs62195378
Gene_list	ENSG00000171863.8	ENSG00000137154.8	ENSG00000142937.7	ENSG00000143947.8	ENSG00000138326.14	ENSG00000122406.8	ENSG00000071082.6	ENSG00000145425.5	ENSG00000114942.9
Gene expression stats (Y^T * Y): 
289.277195889	259.069535026	257.483840558	244.993787239	237.448671919	237.790820568	250.826708685	247.042716113	245.623577784
259.069535026	289.277195889	264.65230204	250.275814654	252.513522625	250.511412294	253.793891302	264.397180654	249.19958991
257.483840558	264.65230204	289.277195889	250.59241078	253.992117047	245.60826616	264.502473055	256.734823681	232.116589089
244.993787239	250.275814654	250.59241078	289.277195889	240.627575056	246.115619218	238.978114272	238.827683752	239.294002096
237.448671919	252.513522625	253.992117047	240.627575056	289.277195889	264.859588376	253.445431245	266.898102111	248.931302372
237.790820568	250.511412294	245.60826616	246.115619218	264.859588376	289.277195889	244.853861103	262.53973666	243.057088728
250.826708685	253.793891302	264.502473055	238.978114272	253.445431245	244.853861103	289.277195889	252.291237487	234.248755801
247.042716113	264.397180654	256.734823681	238.827683752	266.898102111	262.53973666	252.291237487	289.277195889	251.66941614
245.623577784	249.19958991	232.116589089	239.294002096	248.931302372	243.057088728	234.248755801	251.66941614	289.277195889
Genotype stats (X^T * X): 	96.4985785753
Gene expression - Genotype stats (Y^T * X): 
33.9738640335	39.4518044244	33.0324486298	27.8255235067	41.2059196165	46.3657251703	34.185142591	43.4363519555	43.4627493828