Tissue	skinsunexposedlowerleg
N_samples	299
Chr	17
Gene	ENSG00000161970.8
SNP	rs62063366
Gene_list	ENSG00000161970.8	ENSG00000137154.8	ENSG00000125691.8	ENSG00000142937.7	ENSG00000133112.12	ENSG00000265681.2	ENSG00000143947.8	ENSG00000138326.14	ENSG00000122406.8	ENSG00000071082.6	ENSG00000109475.12	ENSG00000089009.11	ENSG00000118181.6	ENSG00000145425.5	ENSG00000182899.10
Gene expression stats (Y^T * Y): 
289.277195889	239.406969707	247.038354431	242.893376905	250.111937826	265.371012923	236.920967525	258.378122133	253.807511249	233.720540921	254.784255494	241.510993546	258.564678051	249.428240713	236.343824739
239.406969707	289.277195889	232.305374095	264.65230204	211.799551315	247.511136702	250.275814654	252.513522625	250.511412294	253.793891302	243.395750405	229.212274329	225.065602772	264.397180654	246.134199027
247.038354431	232.305374095	289.277195889	240.899869647	224.24208951	257.067352396	234.661275307	230.810611152	219.181428032	239.18416982	225.471148497	217.263285085	245.345711867	216.803019377	225.222818411
242.893376905	264.65230204	240.899869647	289.277195889	210.59005318	253.052783827	250.59241078	253.992117047	245.60826616	264.502473055	255.714471716	212.846502976	232.25763126	256.734823681	254.691879242
250.111937826	211.799551315	224.24208951	210.59005318	289.277195889	236.501671801	222.095423549	237.993360124	248.411887696	218.314112792	228.267803063	210.744487752	223.606185842	235.153285138	213.462226338
265.371012923	247.511136702	257.067352396	253.052783827	236.501671801	289.277195889	256.71348794	250.847859544	252.713720743	245.720390581	253.992564195	227.958580319	246.812001167	242.457149276	242.808616874
236.920967525	250.275814654	234.661275307	250.59241078	222.095423549	256.71348794	289.277195889	240.627575056	246.115619218	238.978114272	244.044124641	207.199427406	229.397699479	238.827683752	242.771622275
258.378122133	252.513522625	230.810611152	253.992117047	237.993360124	250.847859544	240.627575056	289.277195889	264.859588376	253.445431245	265.292741856	218.448245331	226.388809145	266.898102111	243.366398017
253.807511249	250.511412294	219.181428032	245.60826616	248.411887696	252.713720743	246.115619218	264.859588376	289.277195889	244.853861103	258.534212022	223.369041137	226.177849396	262.53973666	246.814108472
233.720540921	253.793891302	239.18416982	264.502473055	218.314112792	245.720390581	238.978114272	253.445431245	244.853861103	289.277195889	251.639077081	205.053389263	213.81259687	252.291237487	254.248979847
254.784255494	243.395750405	225.471148497	255.714471716	228.267803063	253.992564195	244.044124641	265.292741856	258.534212022	251.639077081	289.277195889	204.788165543	237.027985046	260.287648011	264.028205257
241.510993546	229.212274329	217.263285085	212.846502976	210.744487752	227.958580319	207.199427406	218.448245331	223.369041137	205.053389263	204.788165543	289.277195889	232.521287489	231.369785969	212.02672365
258.564678051	225.065602772	245.345711867	232.25763126	223.606185842	246.812001167	229.397699479	226.388809145	226.177849396	213.81259687	237.027985046	232.521287489	289.277195889	228.75488715	243.063111085
249.428240713	264.397180654	216.803019377	256.734823681	235.153285138	242.457149276	238.827683752	266.898102111	262.53973666	252.291237487	260.287648011	231.369785969	228.75488715	289.277195889	254.933962625
236.343824739	246.134199027	225.222818411	254.691879242	213.462226338	242.808616874	242.771622275	243.366398017	246.814108472	254.248979847	264.028205257	212.02672365	243.063111085	254.933962625	289.277195889
Genotype stats (X^T * X): 	38.3520223813
Gene expression - Genotype stats (Y^T * X): 
-18.0352836099	-18.528730033	-10.8537291843	-15.2206831482	-18.5897852243	-16.9786631454	-12.669736229	-18.0959929293	-22.1781545852	-16.5521005933	-19.8184125665	-16.5665273548	-11.9460296018	-21.3780187923	-13.7466368277