Tissue	skinsunexposedlowerleg
N_samples	299
Chr	17
Gene	ENSG00000196859.3
SNP	rs11871942
Gene_list	ENSG00000205867.2	ENSG00000196224.7	ENSG00000241598.4	ENSG00000185940.9	ENSG00000196859.3	ENSG00000186860.3	ENSG00000128965.7	ENSG00000244411.2	ENSG00000241233.1	ENSG00000204572.5	ENSG00000185674.5	ENSG00000222001.2
Gene expression stats (Y^T * Y): 
289.277195889	284.921672213	259.844494705	281.067907308	258.242526697	244.624799871	223.685728639	285.281872671	286.114258939	254.523485251	234.980579294	208.087948987
284.921672213	289.277195889	256.459575584	278.151767729	262.88608389	241.973627595	217.280794264	280.769158668	282.468616091	252.531405924	248.03412362	211.605934516
259.844494705	256.459575584	289.277195889	275.495286119	249.198214021	188.956250875	237.97465392	270.787007222	266.614765927	285.924888019	211.013041649	230.91323137
281.067907308	278.151767729	275.495286119	289.277195889	260.013111773	225.728887682	235.102082952	285.536911909	283.394483868	270.681380719	231.67718442	221.361789041
258.242526697	262.88608389	249.198214021	260.013111773	289.277195889	231.849080479	241.577521488	257.5327627	255.072254319	246.2838783	240.403516219	244.903405002
244.624799871	241.973627595	188.956250875	225.728887682	231.849080479	289.277195889	185.621223069	232.344069993	236.59899362	180.85486042	217.19588025	173.262473423
223.685728639	217.280794264	237.97465392	235.102082952	241.577521488	185.621223069	289.277195889	232.518919376	227.016340476	235.028034343	163.518663553	213.345332803
285.281872671	280.769158668	270.787007222	285.536911909	257.5327627	232.344069993	232.518919376	289.277195889	286.985433825	265.597644437	226.183966426	213.530961286
286.114258939	282.468616091	266.614765927	283.394483868	255.072254319	236.59899362	227.016340476	286.985433825	289.277195889	261.771117013	229.973307324	208.811704937
254.523485251	252.531405924	285.924888019	270.681380719	246.2838783	180.85486042	235.028034343	265.597644437	261.771117013	289.277195889	210.418914491	233.440460666
234.980579294	248.03412362	211.013041649	231.67718442	240.403516219	217.19588025	163.518663553	226.183966426	229.973307324	210.418914491	289.277195889	213.196236579
208.087948987	211.605934516	230.91323137	221.361789041	244.903405002	173.262473423	213.345332803	213.530961286	208.811704937	233.440460666	213.196236579	289.277195889
Genotype stats (X^T * X): 	127.822866127
Gene expression - Genotype stats (Y^T * X): 
31.9023951735	35.0385469328	36.2634163505	33.524007147	38.9803556817	30.5384607747	39.1833243783	35.6630037665	35.4848101964	36.5712472411	30.1404667744	35.4835531148