Tissue	skinsunexposedlowerleg
N_samples	299
Chr	1
Gene	ENSG00000162438.7
SNP	rs141823783
Gene_list	ENSG00000162438.7	ENSG00000169347.12	ENSG00000219073.3	ENSG00000142789.15	ENSG00000168925.6	ENSG00000170890.9	ENSG00000158516.7	ENSG00000091704.5
Gene expression stats (Y^T * Y): 
289.277195889	237.625600148	236.111387829	232.80004335	235.917659954	237.249046595	240.383319873	235.568586322
237.625600148	289.277195889	272.702308221	273.878757303	273.606005497	268.787189939	267.352733224	272.726793015
236.111387829	272.702308221	289.277195889	270.032792259	271.398393073	268.564748956	266.748550589	270.368030875
232.80004335	273.878757303	270.032792259	289.277195889	279.065457926	265.506272558	262.799086631	279.419294608
235.917659954	273.606005497	271.398393073	279.065457926	289.277195889	269.497806646	267.942671991	282.078236071
237.249046595	268.787189939	268.564748956	265.506272558	269.497806646	289.277195889	266.493144966	263.913533811
240.383319873	267.352733224	266.748550589	262.799086631	267.942671991	266.493144966	289.277195889	265.199894516
235.568586322	272.726793015	270.368030875	279.419294608	282.078236071	263.913533811	265.199894516	289.277195889
Genotype stats (X^T * X): 	18.05784299
Gene expression - Genotype stats (Y^T * X): 
12.6730078702	9.28662049133	7.55132370244	8.06876068907	8.8005684098	6.88367357982	9.00031109951	8.87176172895