Tissue	skinsunexposedlowerleg
N_samples	299
Chr	12
Gene	ENSG00000135443.4
SNP	rs1894036
Gene_list	ENSG00000182591.4	ENSG00000204897.6	ENSG00000212899.1	ENSG00000212900.1	ENSG00000212901.2	ENSG00000221880.2	ENSG00000212725.3	ENSG00000170442.7	ENSG00000205426.6	ENSG00000135443.4	ENSG00000139648.6
Gene expression stats (Y^T * Y): 
289.277195889	219.482138363	255.340962072	256.584403787	278.592389324	241.167268939	252.395756917	266.454142855	264.970840318	273.367632948	202.759505459
219.482138363	289.277195889	232.038839213	226.320527486	195.196429425	225.986388645	226.258196214	232.515612296	233.045302634	248.428159024	283.594109
255.340962072	232.038839213	289.277195889	287.104688771	248.797000438	285.792902456	287.038280532	285.663715549	282.150759563	247.472602363	226.135376783
256.584403787	226.320527486	287.104688771	289.277195889	252.177547174	285.390517436	287.151781821	285.177420986	280.830716713	246.825367677	219.686497233
278.592389324	195.196429425	248.797000438	252.177547174	289.277195889	234.103915284	247.581268758	259.108954062	253.135968152	258.716488569	176.683297199
241.167268939	225.986388645	285.792902456	285.390517436	234.103915284	289.277195889	287.104412208	281.096181355	277.827441597	234.648813512	223.075892326
252.395756917	226.258196214	287.038280532	287.151781821	247.581268758	287.104412208	289.277195889	285.161167251	281.694670214	243.955356598	220.407339793
266.454142855	232.515612296	285.663715549	285.177420986	259.108954062	281.096181355	285.161167251	289.277195889	286.24773317	256.387130935	224.694030664
264.970840318	233.045302634	282.150759563	280.830716713	253.135968152	277.827441597	281.694670214	286.24773317	289.277195889	256.190995359	225.026962989
273.367632948	248.428159024	247.472602363	246.825367677	258.716488569	234.648813512	243.955356598	256.387130935	256.190995359	289.277195889	233.524323654
202.759505459	283.594109	226.135376783	219.686497233	176.683297199	223.075892326	220.407339793	224.694030664	225.026962989	233.524323654	289.277195889
Genotype stats (X^T * X): 	126.220735786
Gene expression - Genotype stats (Y^T * X): 
-31.7530866098	-35.4380451717	-28.7036367166	-28.057086049	-25.4487576946	-28.0961823884	-27.6455178322	-31.069230459	-33.0310756893	-31.8286069099	-34.7010997274