Tissue	skinsunexposedlowerleg
N_samples	299
Chr	19
Gene	ENSG00000104879.4
SNP	rs13181
Gene_list	ENSG00000180209.7	ENSG00000198125.8	ENSG00000173991.5	ENSG00000101470.5	ENSG00000104879.4	ENSG00000111245.10	ENSG00000168530.11
Gene expression stats (Y^T * Y): 
289.277195889	203.121028924	213.681696192	238.348539801	232.781544451	184.129284987	248.672261536
203.121028924	289.277195889	233.790149383	211.113215715	251.860196213	238.067620837	220.736922425
213.681696192	233.790149383	289.277195889	225.201311625	237.816755364	243.773600113	249.046842077
238.348539801	211.113215715	225.201311625	289.277195889	248.411720221	198.377300009	256.546313766
232.781544451	251.860196213	237.816755364	248.411720221	289.277195889	239.970983851	255.062821039
184.129284987	238.067620837	243.773600113	198.377300009	239.970983851	289.277195889	222.07959116
248.672261536	220.736922425	249.046842077	256.546313766	255.062821039	222.07959116	289.277195889
Genotype stats (X^T * X): 	155.768094308
Gene expression - Genotype stats (Y^T * X): 
-39.4145383369	-35.2685182794	-40.0894851046	-44.7916002541	-43.1423651735	-30.2045939343	-38.4789977436