Tissue	skinsunexposedlowerleg
N_samples	299
Chr	1
Gene	ENSG00000198854.4
SNP	rs35436039
Gene_list	ENSG00000244617.1	ENSG00000169509.5	ENSG00000187180.3	ENSG00000159455.7	ENSG00000198854.4	ENSG00000203786.5	ENSG00000197084.4	ENSG00000196734.6	ENSG00000186844.4
Gene expression stats (Y^T * Y): 
289.277195889	242.240226014	223.134588671	242.296027195	236.448434028	256.332642695	256.128424674	225.527848557	246.098318802
242.240226014	289.277195889	238.856293529	248.120385479	237.782192881	238.167676242	250.791466559	231.056363697	253.944314951
223.134588671	238.856293529	289.277195889	279.780668485	257.542486607	248.308569724	265.763229346	254.22002764	269.252110203
242.296027195	248.120385479	279.780668485	289.277195889	269.679723877	263.416840861	272.912277125	247.873035673	275.822055644
236.448434028	237.782192881	257.542486607	269.679723877	289.277195889	268.879442984	261.758454899	234.858431935	265.933595745
256.332642695	238.167676242	248.308569724	263.416840861	268.879442984	289.277195889	259.751877917	237.936348876	262.896654057
256.128424674	250.791466559	265.763229346	272.912277125	261.758454899	259.751877917	289.277195889	262.750775016	277.131149124
225.527848557	231.056363697	254.22002764	247.873035673	234.858431935	237.936348876	262.750775016	289.277195889	262.314382956
246.098318802	253.944314951	269.252110203	275.822055644	265.933595745	262.896654057	277.131149124	262.314382956	289.277195889
Genotype stats (X^T * X): 	134.07466414
Gene expression - Genotype stats (Y^T * X): 
-17.3840761747	-13.6742489257	-17.3210682317	-19.956194701	-38.5675838611	-30.966559893	-19.8163253738	-19.6434465601	-17.502027887