Tissue	skinsunexposedlowerleg
N_samples	299
Chr	11
Gene	ENSG00000241598.4
SNP	rs111163753
Gene_list	ENSG00000205867.2	ENSG00000196224.7	ENSG00000241598.4	ENSG00000185940.9	ENSG00000196859.3	ENSG00000128965.7	ENSG00000244411.2	ENSG00000241233.1	ENSG00000204572.5
Gene expression stats (Y^T * Y): 
289.277195889	284.921672213	259.844494705	281.067907308	258.242526697	223.685728639	285.281872671	286.114258939	254.523485251
284.921672213	289.277195889	256.459575584	278.151767729	262.88608389	217.280794264	280.769158668	282.468616091	252.531405924
259.844494705	256.459575584	289.277195889	275.495286119	249.198214021	237.97465392	270.787007222	266.614765927	285.924888019
281.067907308	278.151767729	275.495286119	289.277195889	260.013111773	235.102082952	285.536911909	283.394483868	270.681380719
258.242526697	262.88608389	249.198214021	260.013111773	289.277195889	241.577521488	257.5327627	255.072254319	246.2838783
223.685728639	217.280794264	237.97465392	235.102082952	241.577521488	289.277195889	232.518919376	227.016340476	235.028034343
285.281872671	280.769158668	270.787007222	285.536911909	257.5327627	232.518919376	289.277195889	286.985433825	265.597644437
286.114258939	282.468616091	266.614765927	283.394483868	255.072254319	227.016340476	286.985433825	289.277195889	261.771117013
254.523485251	252.531405924	285.924888019	270.681380719	246.2838783	235.028034343	265.597644437	261.771117013	289.277195889
Genotype stats (X^T * X): 	63.7491437926
Gene expression - Genotype stats (Y^T * X): 
-25.4340535747	-23.3768519885	-25.8745861754	-27.5321802865	-21.7589031674	-19.8983288441	-26.0338839437	-25.6885122039	-26.2453362641