Tissue	skinsunexposedlowerleg
N_samples	299
Chr	3
Gene	ENSG00000114391.8
SNP	rs13097625
Gene_list	ENSG00000171863.8	ENSG00000137154.8	ENSG00000142676.8	ENSG00000142937.7	ENSG00000143947.8	ENSG00000008988.5	ENSG00000114391.8	ENSG00000071082.6	ENSG00000182899.10
Gene expression stats (Y^T * Y): 
289.277195889	259.069535026	244.578214277	257.483840558	244.993787239	228.51572791	233.789533929	250.826708685	247.508524886
259.069535026	289.277195889	251.954347358	264.65230204	250.275814654	236.58367764	234.287832189	253.793891302	246.134199027
244.578214277	251.954347358	289.277195889	243.600945396	235.362023791	257.786822814	254.795240601	237.218489442	249.786700975
257.483840558	264.65230204	243.600945396	289.277195889	250.59241078	235.924803443	237.43159038	264.502473055	254.691879242
244.993787239	250.275814654	235.362023791	250.59241078	289.277195889	237.623443899	240.687577346	238.978114272	242.771622275
228.51572791	236.58367764	257.786822814	235.924803443	237.623443899	289.277195889	258.266303182	230.009740601	255.174132191
233.789533929	234.287832189	254.795240601	237.43159038	240.687577346	258.266303182	289.277195889	235.546819593	251.626551887
250.826708685	253.793891302	237.218489442	264.502473055	238.978114272	230.009740601	235.546819593	289.277195889	254.248979847
247.508524886	246.134199027	249.786700975	254.691879242	242.771622275	255.174132191	251.626551887	254.248979847	289.277195889
Genotype stats (X^T * X): 	83.5317725753
Gene expression - Genotype stats (Y^T * X): 
-29.4186322498	-33.6502028834	-30.2888409034	-34.5912350964	-33.9224296201	-35.7328380392	-33.8773437868	-34.5318905062	-29.9640387656