Tissue	skinsunexposedlowerleg
N_samples	299
Chr	19
Gene	ENSG00000115268.5
SNP	rs10411353
Gene_list	ENSG00000115268.5	ENSG00000130255.8	ENSG00000105640.8	ENSG00000105193.4	ENSG00000105372.2	ENSG00000063177.8	ENSG00000170889.9	ENSG00000083845.4	ENSG00000137818.7	ENSG00000167526.9
Gene expression stats (Y^T * Y): 
289.277195889	248.655657654	258.178133425	235.063445567	234.095424685	247.85242493	242.150805603	234.546307122	233.388617048	258.696205678
248.655657654	289.277195889	223.926707869	228.496651507	238.705308748	215.831303711	216.524368915	197.895524271	203.16025199	229.205055465
258.178133425	223.926707869	289.277195889	231.153763618	235.34624464	257.678371502	245.224636267	261.790080971	225.950133403	247.96515702
235.063445567	228.496651507	231.153763618	289.277195889	207.202311373	217.636634142	223.935554531	210.875883476	177.462063801	219.769605176
234.095424685	238.705308748	235.34624464	207.202311373	289.277195889	223.979322176	210.060710546	215.666270774	222.940923226	215.65553931
247.85242493	215.831303711	257.678371502	217.636634142	223.979322176	289.277195889	230.229064445	259.814068542	221.064373313	238.520565873
242.150805603	216.524368915	245.224636267	223.935554531	210.060710546	230.229064445	289.277195889	239.885840746	198.290868485	227.812339073
234.546307122	197.895524271	261.790080971	210.875883476	215.666270774	259.814068542	239.885840746	289.277195889	199.070175772	226.871940064
233.388617048	203.16025199	225.950133403	177.462063801	222.940923226	221.064373313	198.290868485	199.070175772	289.277195889	218.595037958
258.696205678	229.205055465	247.96515702	219.769605176	215.65553931	238.520565873	227.812339073	226.871940064	218.595037958	289.277195889
Genotype stats (X^T * X): 	38.7589644013
Gene expression - Genotype stats (Y^T * X): 
26.3208697337	23.5850162533	20.4145463722	23.2310480406	26.0146220951	22.6425185265	26.5818015394	24.1459388807	18.5999643911	20.0528681957