Tissue	adiposesubcutaneous
N_samples	295
Chr	20
Gene	ENSG00000100979.10
SNP	rs4810479
Gene_list	ENSG00000124491.11	ENSG00000173372.12	ENSG00000159189.7	ENSG00000173369.11	ENSG00000100979.10	ENSG00000110077.10
Gene expression stats (Y^T * Y): 
285.302015061	183.450748669	164.91392622	155.226289731	178.431362257	183.119342925
183.450748669	285.302015061	264.853038013	259.119183174	197.952270224	200.063526495
164.91392622	264.853038013	285.302015061	272.681008515	205.39798039	185.799504803
155.226289731	259.119183174	272.681008515	285.302015061	195.831155113	167.522860417
178.431362257	197.952270224	205.39798039	195.831155113	285.302015061	171.637648818
183.119342925	200.063526495	185.799504803	167.522860417	171.637648818	285.302015061
Genotype stats (X^T * X): 	111.606779661
Gene expression - Genotype stats (Y^T * X): 
10.7800108838	6.70489896091	5.18475146754	6.92277636672	35.8515117898	-7.3399730638