Tissue	adiposesubcutaneous
N_samples	295
Chr	5
Gene	ENSG00000120129.5
SNP	rs2618344
Gene_list	ENSG00000171223.4	ENSG00000128016.4	ENSG00000123358.15	ENSG00000177606.5	ENSG00000170345.5	ENSG00000142871.11	ENSG00000120129.5
Gene expression stats (Y^T * Y): 
285.302015061	235.010451706	202.942723132	215.41891899	193.912053011	148.38224889	183.783039228
235.010451706	285.302015061	187.976819305	219.992579359	185.300273708	183.631943553	193.230905429
202.942723132	187.976819305	285.302015061	179.073363336	156.04134371	141.730261219	171.964202281
215.41891899	219.992579359	179.073363336	285.302015061	159.677250548	203.694029681	195.837754071
193.912053011	185.300273708	156.04134371	159.677250548	285.302015061	146.36245269	193.724070508
148.38224889	183.631943553	141.730261219	203.694029681	146.36245269	285.302015061	192.753189164
183.783039228	193.230905429	171.964202281	195.837754071	193.724070508	192.753189164	285.302015061
Genotype stats (X^T * X): 	44.7322033898
Gene expression - Genotype stats (Y^T * X): 
-12.7111390308	-9.41711094527	-9.36464115768	-16.4869227728	-15.6219645989	-21.3712775143	-23.7851771686