Tissue	adiposesubcutaneous
N_samples	295
Chr	10
Gene	ENSG00000119927.9
SNP	rs2419613
Gene_list	ENSG00000072310.12	ENSG00000012660.9	ENSG00000062282.10	ENSG00000151365.2	ENSG00000169710.6	ENSG00000099194.5	ENSG00000119927.9
Gene expression stats (Y^T * Y): 
285.302015061	142.132149197	144.192187837	175.561144596	82.9298218047	93.4310665811	181.83317714
142.132149197	285.302015061	143.082854939	182.451915531	104.472362405	133.133699774	193.31509053
144.192187837	143.082854939	285.302015061	199.828366149	164.026795296	183.605268021	219.317945461
175.561144596	182.451915531	199.828366149	285.302015061	112.480452877	152.567776584	222.470476699
82.9298218047	104.472362405	164.026795296	112.480452877	285.302015061	199.565737713	181.396196359
93.4310665811	133.133699774	183.605268021	152.567776584	199.565737713	285.302015061	182.791982948
181.83317714	193.31509053	219.317945461	222.470476699	181.396196359	182.791982948	285.302015061
Genotype stats (X^T * X): 	163.627792427
Gene expression - Genotype stats (Y^T * X): 
-26.7142508894	-27.7882653738	-30.3023024998	-26.5920432294	-31.2762363677	-38.6507755263	-49.6371162284