Tissue	adiposesubcutaneous
N_samples	295
Chr	10
Gene	ENSG00000197746.9
SNP	rs10823852
Gene_list	ENSG00000117984.8	ENSG00000129226.9	ENSG00000164733.16	ENSG00000136235.11	ENSG00000011600.7	ENSG00000105223.14	ENSG00000030582.12	ENSG00000087086.9	ENSG00000101160.9	ENSG00000197746.9
Gene expression stats (Y^T * Y): 
285.302015061	231.454464702	227.822651833	114.350522551	220.875703938	188.714460335	174.622048162	193.695192831	187.610281944	174.982298344
231.454464702	285.302015061	229.128644638	153.101211823	227.869042273	201.712322218	192.678751446	164.888524757	189.054740795	192.775949691
227.822651833	229.128644638	285.302015061	94.0321420034	228.857090371	187.367148182	175.688696174	196.09221534	195.90104036	191.666593414
114.350522551	153.101211823	94.0321420034	285.302015061	117.304369199	154.951719446	121.174894879	122.94111164	101.571096781	175.467431161
220.875703938	227.869042273	228.857090371	117.304369199	285.302015061	205.29829881	187.090095162	190.38627081	206.481680868	196.070979379
188.714460335	201.712322218	187.367148182	154.951719446	205.29829881	285.302015061	232.419606974	174.635734467	199.24166515	221.632049648
174.622048162	192.678751446	175.688696174	121.174894879	187.090095162	232.419606974	285.302015061	156.621815284	189.455907653	199.136778721
193.695192831	164.888524757	196.09221534	122.94111164	190.38627081	174.635734467	156.621815284	285.302015061	172.332442046	192.127769292
187.610281944	189.054740795	195.90104036	101.571096781	206.481680868	199.24166515	189.455907653	172.332442046	285.302015061	192.607139481
174.982298344	192.775949691	191.666593414	175.467431161	196.070979379	221.632049648	199.136778721	192.127769292	192.607139481	285.302015061
Genotype stats (X^T * X): 	70.0155009288
Gene expression - Genotype stats (Y^T * X): 
-9.19276293576	-15.0669197085	-10.0172511112	-9.87794262327	-18.4169088498	-22.8333433854	-17.8134619723	-24.4323800218	-12.0198404566	-29.7820474488