Tissue	adiposesubcutaneous
N_samples	295
Chr	11
Gene	ENSG00000133800.4
SNP	rs11042817
Gene_list	ENSG00000124491.11	ENSG00000133800.4	ENSG00000129538.9	ENSG00000173372.12	ENSG00000010327.6	ENSG00000165457.9	ENSG00000170458.9
Gene expression stats (Y^T * Y): 
285.302015061	221.630226918	193.65663332	183.450748669	192.561177034	198.625760396	184.085163374
221.630226918	285.302015061	205.383680887	188.433062624	182.182646537	190.164534437	174.015602473
193.65663332	205.383680887	285.302015061	222.682103511	180.737608059	202.960766991	164.221785944
183.450748669	188.433062624	222.682103511	285.302015061	180.04238145	211.949789648	164.504431526
192.561177034	182.182646537	180.737608059	180.04238145	285.302015061	175.335928801	169.489676142
198.625760396	190.164534437	202.960766991	211.949789648	175.335928801	285.302015061	197.81390242
184.085163374	174.015602473	164.221785944	164.504431526	169.489676142	197.81390242	285.302015061
Genotype stats (X^T * X): 	49.169878
Gene expression - Genotype stats (Y^T * X): 
-20.4140867991	-22.5015977443	-16.5336528317	-16.8384121639	-18.2742343098	-19.937387266	-11.2573541874