Tissue	adiposesubcutaneous
N_samples	295
Chr	16
Gene	ENSG00000205364.3
SNP	rs2291956
Gene_list	ENSG00000125148.6	ENSG00000169715.10	ENSG00000205364.3	ENSG00000205362.6	ENSG00000187193.8	ENSG00000166741.3
Gene expression stats (Y^T * Y): 
285.302015061	215.608432188	224.895914253	198.607089382	238.097188094	222.444167883
215.608432188	285.302015061	202.421086744	155.701161957	176.818952721	150.801405798
224.895914253	202.421086744	285.302015061	242.917224609	209.968133	190.219568117
198.607089382	155.701161957	242.917224609	285.302015061	211.455917539	178.555888321
238.097188094	176.818952721	209.968133	211.455917539	285.302015061	216.842471558
222.444167883	150.801405798	190.219568117	178.555888321	216.842471558	285.302015061
Genotype stats (X^T * X): 	70.8263957085
Gene expression - Genotype stats (Y^T * X): 
-14.9063086815	-17.2744757561	-30.4943609204	-33.9893503291	-14.9452796488	-4.82765586476