Tissue	adiposesubcutaneous
N_samples	295
Chr	16
Gene	ENSG00000205362.6
SNP	rs1604122
Gene_list	ENSG00000161960.10	ENSG00000125148.6	ENSG00000205364.3	ENSG00000205362.6	ENSG00000187193.8	ENSG00000166741.3	ENSG00000135821.12
Gene expression stats (Y^T * Y): 
285.302015061	210.818023256	168.487326746	179.04899953	181.33375796	216.539250479	143.497781014
210.818023256	285.302015061	224.895914253	198.607089382	238.097188094	222.444167883	156.106479449
168.487326746	224.895914253	285.302015061	242.917224609	209.968133	190.219568117	158.322130681
179.04899953	198.607089382	242.917224609	285.302015061	211.455917539	178.555888321	198.651569587
181.33375796	238.097188094	209.968133	211.455917539	285.302015061	216.842471558	206.300213807
216.539250479	222.444167883	190.219568117	178.555888321	216.842471558	285.302015061	170.651985048
143.497781014	156.106479449	158.322130681	198.651569587	206.300213807	170.651985048	285.302015061
Genotype stats (X^T * X): 	107.455653932
Gene expression - Genotype stats (Y^T * X): 
10.3938241004	24.6144370432	35.7755623758	42.9438094647	30.7126632689	8.41035837816	10.089553111