Tissue	adiposesubcutaneous
N_samples	295
Chr	9
Gene	ENSG00000107372.8
SNP	rs13301596
Gene_list	ENSG00000116285.8	ENSG00000096060.10	ENSG00000146674.10	ENSG00000107372.8	ENSG00000076555.11	ENSG00000117289.7	ENSG00000135821.12
Gene expression stats (Y^T * Y): 
285.302015061	132.901286843	140.888178349	190.905530225	92.6505950083	172.527788153	96.0641890351
132.901286843	285.302015061	175.740257819	207.334086928	167.732705577	179.688927657	209.684488171
140.888178349	175.740257819	285.302015061	188.509879321	154.397958823	190.386113766	169.156800949
190.905530225	207.334086928	188.509879321	285.302015061	173.45049045	222.817517163	194.807455372
92.6505950083	167.732705577	154.397958823	173.45049045	285.302015061	168.620999119	169.195597648
172.527788153	179.688927657	190.386113766	222.817517163	168.620999119	285.302015061	176.15259631
96.0641890351	209.684488171	169.156800949	194.807455372	169.195597648	176.15259631	285.302015061
Genotype stats (X^T * X): 	46.8708910373
Gene expression - Genotype stats (Y^T * X): 
9.29871997176	18.5113306827	13.305213036	19.3538748542	16.6412448981	15.1411001361	15.7122235999