Tissue	adiposesubcutaneous
N_samples	295
Chr	12
Gene	ENSG00000081760.12
SNP	rs7965460
Gene_list	ENSG00000105088.4	ENSG00000130173.9	ENSG00000132142.15	ENSG00000131473.12	ENSG00000149485.12	ENSG00000134824.9	ENSG00000065833.7	ENSG00000170522.5	ENSG00000081760.12	ENSG00000186480.8
Gene expression stats (Y^T * Y): 
285.302015061	148.890381477	150.722303172	170.691600896	164.166693756	158.350293211	163.448157995	150.12057146	172.397947691	147.734486117
148.890381477	285.302015061	122.54314995	175.474414525	115.524720869	105.231213929	125.931500899	126.174206059	171.949354011	143.380031548
150.722303172	122.54314995	285.302015061	187.390801289	173.558101168	164.609843055	221.884810091	232.782777244	197.097282207	180.219496725
170.691600896	175.474414525	187.390801289	285.302015061	183.124076103	169.439142932	194.663520012	188.954190219	210.355843372	182.418061803
164.166693756	115.524720869	173.558101168	183.124076103	285.302015061	240.323170256	172.230190189	155.654091716	205.906233466	197.91454675
158.350293211	105.231213929	164.609843055	169.439142932	240.323170256	285.302015061	171.570626857	142.37638506	183.352369891	170.435329447
163.448157995	125.931500899	221.884810091	194.663520012	172.230190189	171.570626857	285.302015061	214.992768268	180.534227227	159.564723303
150.12057146	126.174206059	232.782777244	188.954190219	155.654091716	142.37638506	214.992768268	285.302015061	179.529722866	160.79403407
172.397947691	171.949354011	197.097282207	210.355843372	205.906233466	183.352369891	180.534227227	179.529722866	285.302015061	195.732091388
147.734486117	143.380031548	180.219496725	182.418061803	197.91454675	170.435329447	159.564723303	160.79403407	195.732091388	285.302015061
Genotype stats (X^T * X): 	28.1491525424
Gene expression - Genotype stats (Y^T * X): 
-17.4035428891	-7.83846690706	-10.0176204171	-12.7056418662	-18.2404047901	-20.5811392455	-14.6915682197	-15.5875617553	-15.547107044	-19.2830750924