Tissue	adiposesubcutaneous
N_samples	295
Chr	4
Gene	ENSG00000052802.8
SNP	rs72997706
Gene_list	ENSG00000067064.6	ENSG00000130164.7	ENSG00000079459.8	ENSG00000198911.7	ENSG00000112972.10	ENSG00000113161.11	ENSG00000167508.6	ENSG00000001630.11	ENSG00000104549.7	ENSG00000186480.8	ENSG00000120437.7	ENSG00000052802.8
Gene expression stats (Y^T * Y): 
285.302015061	180.423865852	144.377102809	169.51321938	199.942326973	173.255428589	175.9414087	201.126239159	184.629713471	180.097792494	174.03976349	214.847187744
180.423865852	285.302015061	148.820587322	171.622683493	162.474807058	150.778319369	158.584077596	174.117585673	156.60266992	187.31291555	144.00033174	189.728981197
144.377102809	148.820587322	285.302015061	173.517771093	170.035963671	146.427284508	143.668700935	176.674937898	167.785801261	139.990079346	172.391127916	185.36192483
169.51321938	171.622683493	173.517771093	285.302015061	161.758082543	153.884948128	144.611398596	192.24111746	201.268523428	122.220317531	170.785944352	184.913209868
199.942326973	162.474807058	170.035963671	161.758082543	285.302015061	185.04850756	194.233191458	210.492652741	194.007314711	171.17790561	203.045134746	239.547129409
173.255428589	150.778319369	146.427284508	153.884948128	185.04850756	285.302015061	138.281141832	204.450113541	186.156037933	103.685901266	155.543268787	200.260704003
175.9414087	158.584077596	143.668700935	144.611398596	194.233191458	138.281141832	285.302015061	164.688096664	150.66412625	185.287560699	189.974935216	197.667805011
201.126239159	174.117585673	176.674937898	192.24111746	210.492652741	204.450113541	164.688096664	285.302015061	211.238044535	145.27518351	192.529828241	229.858987761
184.629713471	156.60266992	167.785801261	201.268523428	194.007314711	186.156037933	150.66412625	211.238044535	285.302015061	125.298170847	177.89877638	208.276429057
180.097792494	187.31291555	139.990079346	122.220317531	171.17790561	103.685901266	185.287560699	145.27518351	125.298170847	285.302015061	146.772264503	180.113126268
174.03976349	144.00033174	172.391127916	170.785944352	203.045134746	155.543268787	189.974935216	192.529828241	177.89877638	146.772264503	285.302015061	201.764183112
214.847187744	189.728981197	185.36192483	184.913209868	239.547129409	200.260704003	197.667805011	229.858987761	208.276429057	180.113126268	201.764183112	285.302015061
Genotype stats (X^T * X): 	28.9491525424
Gene expression - Genotype stats (Y^T * X): 
-17.8921812583	-11.8139701733	-14.1500116237	-10.5500137258	-13.4380521802	-3.76026913214	-14.2369644313	-12.1161654611	-10.5349176818	-19.1905551326	-9.66350925926	-15.4212797442