Tissue	adiposesubcutaneous
N_samples	295
Chr	1
Gene	ENSG00000159176.9
SNP	rs1076611
Gene_list	ENSG00000075624.9	ENSG00000130176.3	ENSG00000133392.12	ENSG00000125868.11	ENSG00000101335.5	ENSG00000198467.9	ENSG00000163453.7	ENSG00000140416.15	ENSG00000163017.9	ENSG00000107796.8	ENSG00000149591.12	ENSG00000065534.14	ENSG00000122786.15	ENSG00000196923.9	ENSG00000159176.9	ENSG00000175084.7
Gene expression stats (Y^T * Y): 
285.302015061	123.234575123	124.205303284	116.923213378	126.389338958	144.982849534	128.742923834	126.115429516	146.488635612	177.983643181	186.060530985	108.049962762	121.350229703	151.312282214	175.759857651	96.2675201393
123.234575123	285.302015061	249.623313851	224.629290066	218.804967928	222.808714526	103.777772859	202.226296613	257.753016638	200.362850173	184.905298734	225.474212051	188.895060231	196.59648303	219.319019355	233.615671457
124.205303284	249.623313851	285.302015061	239.891928444	217.150231209	249.141274216	133.920054097	209.300417262	250.125981721	235.320747805	207.788284089	209.332480414	189.909710684	161.002233168	246.055891704	237.666188099
116.923213378	224.629290066	239.891928444	285.302015061	210.380846573	224.792087848	147.49195648	215.525512267	209.438820527	221.248947546	208.86506156	201.227850789	214.461864659	147.390185125	228.078659619	182.367600039
126.389338958	218.804967928	217.150231209	210.380846573	285.302015061	221.265390482	126.769145491	189.344737976	207.094102028	202.196527029	199.776071132	199.534574471	185.034396554	187.196996584	217.790235391	177.218662964
144.982849534	222.808714526	249.141274216	224.792087848	221.265390482	285.302015061	168.348999303	218.623357774	238.410855064	242.428594055	229.191460704	191.933667591	187.199489771	183.593819192	249.435864031	210.777031491
128.742923834	103.777772859	133.920054097	147.49195648	126.769145491	168.348999303	285.302015061	147.809785621	144.378322951	186.660238821	157.711165883	96.2889154324	146.625670293	111.753151087	171.849826378	98.0437321411
126.115429516	202.226296613	209.300417262	215.525512267	189.344737976	218.623357774	147.809785621	285.302015061	203.900022081	220.077696011	205.706008927	206.72711532	192.468436985	187.297226336	218.425829242	174.11684933
146.488635612	257.753016638	250.125981721	209.438820527	207.094102028	238.410855064	144.378322951	203.900022081	285.302015061	226.018132075	192.372606116	210.341043246	177.827413319	197.65651409	237.462846299	243.907353653
177.983643181	200.362850173	235.320747805	221.248947546	202.196527029	242.428594055	186.660238821	220.077696011	226.018132075	285.302015061	240.864871391	170.981014935	177.820383543	167.603575771	264.788384381	172.378521985
186.060530985	184.905298734	207.788284089	208.86506156	199.776071132	229.191460704	157.711165883	205.706008927	192.372606116	240.864871391	285.302015061	155.2135475	170.548292487	153.205937139	239.050676992	146.818547172
108.049962762	225.474212051	209.332480414	201.227850789	199.534574471	191.933667591	96.2889154324	206.72711532	210.341043246	170.981014935	155.2135475	285.302015061	224.617536355	177.887502946	183.092315998	187.160688396
121.350229703	188.895060231	189.909710684	214.461864659	185.034396554	187.199489771	146.625670293	192.468436985	177.827413319	177.820383543	170.548292487	224.617536355	285.302015061	157.145993986	181.895213252	135.584459989
151.312282214	196.59648303	161.002233168	147.390185125	187.196996584	183.593819192	111.753151087	187.297226336	197.65651409	167.603575771	153.205937139	177.887502946	157.145993986	285.302015061	186.679100555	151.156578353
175.759857651	219.319019355	246.055891704	228.078659619	217.790235391	249.435864031	171.849826378	218.425829242	237.462846299	264.788384381	239.050676992	183.092315998	181.895213252	186.679100555	285.302015061	194.601530082
96.2675201393	233.615671457	237.666188099	182.367600039	177.218662964	210.777031491	98.0437321411	174.11684933	243.907353653	172.378521985	146.818547172	187.160688396	135.584459989	151.156578353	194.601530082	285.302015061
Genotype stats (X^T * X): 	44.1355932203
Gene expression - Genotype stats (Y^T * X): 
0.590339300262	24.4314318569	23.1163317139	24.3520319868	14.3232572447	22.5011755657	12.0080780929	19.8428966929	22.4113363465	20.6647274142	21.0870042303	16.4060938064	20.9064686404	6.39908585753	20.7767156959	20.6321404886