Tissue	adiposesubcutaneous
N_samples	295
Chr	4
Gene	ENSG00000129116.13
SNP	rs62333884
Gene_list	ENSG00000130176.3	ENSG00000140416.15	ENSG00000163017.9	ENSG00000065534.14	ENSG00000122786.15	ENSG00000129116.13
Gene expression stats (Y^T * Y): 
285.302015061	202.226296613	257.753016638	225.474212051	188.895060231	181.422440058
202.226296613	285.302015061	203.900022081	206.72711532	192.468436985	173.184443323
257.753016638	203.900022081	285.302015061	210.341043246	177.827413319	176.680453337
225.474212051	206.72711532	210.341043246	285.302015061	224.617536355	214.171867028
188.895060231	192.468436985	177.827413319	224.617536355	285.302015061	200.455964464
181.422440058	173.184443323	176.680453337	214.171867028	200.455964464	285.302015061
Genotype stats (X^T * X): 	40.9327654441
Gene expression - Genotype stats (Y^T * X): 
9.13363807733	5.03224179288	5.84290674573	9.66454057038	8.67049407547	22.0498957409