Tissue	adiposesubcutaneous
N_samples	295
Chr	16
Gene	ENSG00000162069.10
SNP	rs2231608
Gene_list	ENSG00000162069.10	ENSG00000171243.7	ENSG00000124664.6	ENSG00000135373.8	ENSG00000108244.12	ENSG00000104140.6	ENSG00000167183.2	ENSG00000119888.6	ENSG00000039068.14	ENSG00000116299.12	ENSG00000114547.5	ENSG00000196542.4	ENSG00000182600.5
Gene expression stats (Y^T * Y): 
285.302015061	186.9255977	214.009960744	233.718268344	192.15487656	177.849891875	227.191879607	190.531891835	175.108120039	203.240337369	203.171579684	183.801307146	175.78685622
186.9255977	285.302015061	242.669908345	224.333504494	174.402882477	95.0894197608	234.474932217	211.297426517	136.298725934	223.576135197	186.09387587	165.574996838	208.627264855
214.009960744	242.669908345	285.302015061	248.038254864	204.921396686	99.1301879105	267.677403012	233.433196794	147.144765563	253.58250085	207.598510291	187.816194533	235.878716028
233.718268344	224.333504494	248.038254864	285.302015061	187.524345129	134.215060332	255.2700374	224.07719901	165.083087174	237.736284249	197.346081279	186.988444909	209.343336896
192.15487656	174.402882477	204.921396686	187.524345129	285.302015061	78.229726593	203.617675573	180.451910984	134.268227634	196.200358307	184.604612628	160.809398521	176.044444712
177.849891875	95.0894197608	99.1301879105	134.215060332	78.229726593	285.302015061	111.802353087	92.1405053526	180.766333726	94.8652725024	98.092179131	87.5472398037	78.3073860349
227.191879607	234.474932217	267.677403012	255.2700374	203.617675573	111.802353087	285.302015061	240.48214113	152.737146869	249.813186511	213.286256045	198.452647192	230.303840194
190.531891835	211.297426517	233.433196794	224.07719901	180.451910984	92.1405053526	240.48214113	285.302015061	145.769949625	215.661592837	181.885536164	167.092964405	195.690403728
175.108120039	136.298725934	147.144765563	165.083087174	134.268227634	180.766333726	152.737146869	145.769949625	285.302015061	134.419981743	104.446923767	100.021680837	114.860241292
203.240337369	223.576135197	253.58250085	237.736284249	196.200358307	94.8652725024	249.813186511	215.661592837	134.419981743	285.302015061	200.302864152	182.369249398	222.104975451
203.171579684	186.09387587	207.598510291	197.346081279	184.604612628	98.092179131	213.286256045	181.885536164	104.446923767	200.302864152	285.302015061	159.099087308	188.295386671
183.801307146	165.574996838	187.816194533	186.988444909	160.809398521	87.5472398037	198.452647192	167.092964405	100.021680837	182.369249398	159.099087308	285.302015061	165.619589811
175.78685622	208.627264855	235.878716028	209.343336896	176.044444712	78.3073860349	230.303840194	195.690403728	114.860241292	222.104975451	188.295386671	165.619589811	285.302015061
Genotype stats (X^T * X): 	97.2203389831
Gene expression - Genotype stats (Y^T * X): 
-35.3662442057	-18.4211692189	-32.8404541278	-24.4229905423	-30.8239707175	-23.8848121423	-30.3599115046	-25.671096479	-14.8912624033	-27.1512477787	-40.2580087717	-36.4681142997	-30.387871768