Tissue	adiposesubcutaneous
N_samples	295
Chr	11
Gene	ENSG00000124935.3
SNP	rs61896568
Gene_list	ENSG00000178372.6	ENSG00000163993.6	ENSG00000096696.9	ENSG00000089356.12	ENSG00000171346.9	ENSG00000171345.9	ENSG00000186847.5	ENSG00000128422.11	ENSG00000161798.6	ENSG00000135480.10	ENSG00000186081.7	ENSG00000172551.6	ENSG00000124935.3	ENSG00000110484.6	ENSG00000159763.3
Gene expression stats (Y^T * Y): 
285.302015061	157.203833532	232.891022443	243.872956885	248.251576216	198.922218711	242.795494523	247.414975301	224.440173496	143.773918155	215.020799129	191.345837272	209.372583038	181.978553554	218.931867635
157.203833532	285.302015061	168.180917023	187.37761503	163.401427677	168.324738218	179.567891348	188.99494473	198.859972918	135.035937088	134.279382889	127.353470419	203.331748048	156.386277045	187.826227455
232.891022443	168.180917023	285.302015061	217.924300814	200.23374175	162.778339422	202.838995439	212.788497279	187.150337763	126.539772815	195.162653389	150.189633069	181.883639377	158.149671548	180.679299925
243.872956885	187.37761503	217.924300814	285.302015061	249.826473564	228.148996092	248.062763246	240.846205351	242.30199697	165.511887383	211.71965713	177.819528982	225.49543503	178.29090758	231.96902348
248.251576216	163.401427677	200.23374175	249.826473564	285.302015061	225.73215976	260.625949957	248.755396329	247.12654686	172.556318544	219.863057431	216.208344882	240.386844295	208.057541804	246.90513942
198.922218711	168.324738218	162.778339422	228.148996092	225.73215976	285.302015061	217.142088654	196.069785513	239.170542035	164.754223473	164.877538132	193.454743947	216.128019283	184.668109744	223.928491428
242.795494523	179.567891348	202.838995439	248.062763246	260.625949957	217.142088654	285.302015061	250.166222744	232.296713152	162.365597686	222.769674199	192.253873636	244.215349325	197.162052833	243.002789443
247.414975301	188.99494473	212.788497279	240.846205351	248.755396329	196.069785513	250.166222744	285.302015061	234.976627119	157.629164371	198.235478267	174.989364007	244.087850762	194.738265524	235.988491476
224.440173496	198.859972918	187.150337763	242.30199697	247.12654686	239.170542035	232.296713152	234.976627119	285.302015061	183.548891016	173.082018607	208.343184056	250.635078149	206.673115658	258.489490951
143.773918155	135.035937088	126.539772815	165.511887383	172.556318544	164.754223473	162.365597686	157.629164371	183.548891016	285.302015061	153.323461418	159.604139708	183.880337943	163.79122237	184.567603057
215.020799129	134.279382889	195.162653389	211.71965713	219.863057431	164.877538132	222.769674199	198.235478267	173.082018607	153.323461418	285.302015061	164.605195675	193.70111423	170.261766892	193.095196367
191.345837272	127.353470419	150.189633069	177.819528982	216.208344882	193.454743947	192.253873636	174.989364007	208.343184056	159.604139708	164.605195675	285.302015061	207.681557482	254.707530437	217.739170746
209.372583038	203.331748048	181.883639377	225.49543503	240.386844295	216.128019283	244.215349325	244.087850762	250.635078149	183.880337943	193.70111423	207.681557482	285.302015061	234.641472434	270.107311283
181.978553554	156.386277045	158.149671548	178.29090758	208.057541804	184.668109744	197.162052833	194.738265524	206.673115658	163.79122237	170.261766892	254.707530437	234.641472434	285.302015061	213.772350499
218.931867635	187.826227455	180.679299925	231.96902348	246.90513942	223.928491428	243.002789443	235.988491476	258.489490951	184.567603057	193.095196367	217.739170746	270.107311283	213.772350499	285.302015061
Genotype stats (X^T * X): 	32.3242393424
Gene expression - Genotype stats (Y^T * X): 
17.5332809979	11.633976548	18.9159774999	16.9321827617	17.4470245247	13.9920253712	16.8842239227	15.9481539451	18.1933614504	8.77145415214	16.039085482	14.824826161	18.1119119411	15.8830077244	17.2355082684