Tissue	adiposesubcutaneous
N_samples	295
Chr	22
Gene	ENSG00000211679.2
SNP	rs11090192
Gene_list	ENSG00000211666.2	ENSG00000211675.2	ENSG00000211677.2	ENSG00000211679.2	ENSG00000132465.6	ENSG00000241351.1	ENSG00000239951.1	ENSG00000211893.3	ENSG00000211895.3	ENSG00000211896.2	ENSG00000211897.3	ENSG00000211899.3
Gene expression stats (Y^T * Y): 
285.302015061	155.915243395	166.82590956	201.497256743	211.843230924	183.127477121	190.800889693	163.599669031	173.688299154	147.644357786	189.786726482	161.851644384
155.915243395	285.302015061	148.994646526	191.435065086	185.394258735	119.633862889	159.159866773	163.433218261	183.738861101	196.245689186	162.376548604	127.501412738
166.82590956	148.994646526	285.302015061	173.08196678	179.890416368	160.033119362	172.5235689	184.40187943	186.389142207	189.627493975	188.36421675	153.675248118
201.497256743	191.435065086	173.08196678	285.302015061	201.767033764	173.559326042	191.413043353	205.798573474	225.618726052	224.311318913	206.903966159	186.476637143
211.843230924	185.394258735	179.890416368	201.767033764	285.302015061	193.205890994	223.662403332	186.461900642	199.997998259	187.764902618	203.894865112	188.028192025
183.127477121	119.633862889	160.033119362	173.559326042	193.205890994	285.302015061	183.111817402	181.94141552	165.942310162	157.002201082	184.430802918	170.434573897
190.800889693	159.159866773	172.5235689	191.413043353	223.662403332	183.111817402	285.302015061	204.970388343	193.298993165	187.295948555	192.731210554	182.748877332
163.599669031	163.433218261	184.40187943	205.798573474	186.461900642	181.94141552	204.970388343	285.302015061	206.792945995	200.751758652	197.86153723	174.182023956
173.688299154	183.738861101	186.389142207	225.618726052	199.997998259	165.942310162	193.298993165	206.792945995	285.302015061	204.636537215	179.895652669	180.242726626
147.644357786	196.245689186	189.627493975	224.311318913	187.764902618	157.002201082	187.295948555	200.751758652	204.636537215	285.302015061	198.457048145	146.153678208
189.786726482	162.376548604	188.36421675	206.903966159	203.894865112	184.430802918	192.731210554	197.86153723	179.895652669	198.457048145	285.302015061	161.616000991
161.851644384	127.501412738	153.675248118	186.476637143	188.028192025	170.434573897	182.748877332	174.182023956	180.242726626	146.153678208	161.616000991	285.302015061
Genotype stats (X^T * X): 	137.362295912
Gene expression - Genotype stats (Y^T * X): 
-18.2157010966	-43.1183526322	21.4072480321	-41.6353510771	-25.4019342711	-19.3486379282	-13.4443974945	-20.4870268413	-39.270349778	-38.3055425594	-23.2607257559	-18.1666743195