Tissue	adiposesubcutaneous
N_samples	295
Chr	19
Gene	ENSG00000105223.14
SNP	rs268680
Gene_list	ENSG00000117984.8	ENSG00000129226.9	ENSG00000102575.6	ENSG00000164733.16	ENSG00000159189.7	ENSG00000162511.7	ENSG00000011600.7	ENSG00000105223.14	ENSG00000030582.12	ENSG00000160255.12	ENSG00000087086.9	ENSG00000101160.9	ENSG00000197746.9
Gene expression stats (Y^T * Y): 
285.302015061	231.454464702	153.920394078	227.822651833	179.744101991	176.399751668	220.875703938	188.714460335	174.622048162	118.528724096	193.695192831	187.610281944	174.982298344
231.454464702	285.302015061	166.591940077	229.128644638	214.671060795	201.341528473	227.869042273	201.712322218	192.678751446	138.425865015	164.888524757	189.054740795	192.775949691
153.920394078	166.591940077	285.302015061	125.559400302	69.7758675748	177.43082588	139.186256631	176.536195891	171.609847065	190.537445638	105.17057455	142.215955698	114.203403901
227.822651833	229.128644638	125.559400302	285.302015061	220.596882526	209.799709009	228.857090371	187.367148182	175.688696174	125.464336725	196.09221534	195.90104036	191.666593414
179.744101991	214.671060795	69.7758675748	220.596882526	285.302015061	176.365526967	234.316815391	179.187190827	170.287213032	114.358367264	147.730134224	178.079051535	167.447284059
176.399751668	201.341528473	177.43082588	209.799709009	176.365526967	285.302015061	206.246373693	182.546223684	190.10210337	198.889036695	122.820260832	171.901363455	154.435754286
220.875703938	227.869042273	139.186256631	228.857090371	234.316815391	206.246373693	285.302015061	205.29829881	187.090095162	135.332778239	190.38627081	206.481680868	196.070979379
188.714460335	201.712322218	176.536195891	187.367148182	179.187190827	182.546223684	205.29829881	285.302015061	232.419606974	176.128041696	174.635734467	199.24166515	221.632049648
174.622048162	192.678751446	171.609847065	175.688696174	170.287213032	190.10210337	187.090095162	232.419606974	285.302015061	184.107102664	156.621815284	189.455907653	199.136778721
118.528724096	138.425865015	190.537445638	125.464336725	114.358367264	198.889036695	135.332778239	176.128041696	184.107102664	285.302015061	85.12201336	133.175297217	111.932389107
193.695192831	164.888524757	105.17057455	196.09221534	147.730134224	122.820260832	190.38627081	174.635734467	156.621815284	85.12201336	285.302015061	172.332442046	192.127769292
187.610281944	189.054740795	142.215955698	195.90104036	178.079051535	171.901363455	206.481680868	199.24166515	189.455907653	133.175297217	172.332442046	285.302015061	192.607139481
174.982298344	192.775949691	114.203403901	191.666593414	167.447284059	154.435754286	196.070979379	221.632049648	199.136778721	111.932389107	192.127769292	192.607139481	285.302015061
Genotype stats (X^T * X): 	94.1361713898
Gene expression - Genotype stats (Y^T * X): 
-27.8020447409	-23.7598196004	-19.6117554018	-26.1492806316	-31.9660431733	-31.5755127982	-40.0885718789	-40.4273788801	-27.0977326207	-25.3998579234	-29.5782935385	-29.8234661739	-39.1871458863