Tissue	adiposesubcutaneous
N_samples	295
Chr	12
Gene	ENSG00000059804.11
SNP	rs7971603
Gene_list	ENSG00000134107.4	ENSG00000059804.11	ENSG00000171223.4	ENSG00000124762.9	ENSG00000128016.4	ENSG00000184557.3	ENSG00000164056.6
Gene expression stats (Y^T * Y): 
285.302015061	217.118346367	192.823894974	130.848990276	174.084849197	135.438127411	134.170619701
217.118346367	285.302015061	181.006907359	181.094532907	184.473015703	175.019173092	189.507356177
192.823894974	181.006907359	285.302015061	135.534456588	235.010451706	153.424728038	154.114967015
130.848990276	181.094532907	135.534456588	285.302015061	165.412097846	193.521013283	174.939553564
174.084849197	184.473015703	235.010451706	165.412097846	285.302015061	157.558498423	191.80048727
135.438127411	175.019173092	153.424728038	193.521013283	157.558498423	285.302015061	121.998506244
134.170619701	189.507356177	154.114967015	174.939553564	191.80048727	121.998506244	285.302015061
Genotype stats (X^T * X): 	82.8728613017
Gene expression - Genotype stats (Y^T * X): 
-31.6315983604	-38.2364930092	-16.489816189	-30.5594745105	-16.1638581568	-18.9408250736	-30.6525929777