Tissue	adiposesubcutaneous
N_samples	295
Chr	3
Gene	ENSG00000172061.7
SNP	rs146791172
Gene_list	ENSG00000132000.7	ENSG00000160161.5	ENSG00000060718.14	ENSG00000123500.5	ENSG00000104415.9	ENSG00000136542.4	ENSG00000172061.7	ENSG00000162849.11
Gene expression stats (Y^T * Y): 
285.302015061	192.094803141	167.946180536	178.482435243	165.052443508	185.642388545	194.812981173	161.959560015
192.094803141	285.302015061	177.511651348	154.84826716	155.688361942	181.700524383	179.291131812	134.533100022
167.946180536	177.511651348	285.302015061	159.180593979	122.460865684	153.426603338	190.954520823	116.880910048
178.482435243	154.84826716	159.180593979	285.302015061	144.715678283	169.999092909	186.066669913	229.115538507
165.052443508	155.688361942	122.460865684	144.715678283	285.302015061	159.925598348	172.84951162	145.721113283
185.642388545	181.700524383	153.426603338	169.999092909	159.925598348	285.302015061	191.659919284	185.443373328
194.812981173	179.291131812	190.954520823	186.066669913	172.84951162	191.659919284	285.302015061	191.139672023
161.959560015	134.533100022	116.880910048	229.115538507	145.721113283	185.443373328	191.139672023	285.302015061
Genotype stats (X^T * X): 	56.5383983593
Gene expression - Genotype stats (Y^T * X): 
-22.4852725773	-17.4236122388	-24.6493654121	-17.4419361652	-16.7710411113	-11.8412140805	-22.368712412	-11.9002269385