Tissue	adiposesubcutaneous
N_samples	295
Chr	17
Gene	ENSG00000132142.15
SNP	rs11658403
Gene_list	ENSG00000006831.9	ENSG00000132142.15	ENSG00000131473.12	ENSG00000100344.6	ENSG00000149485.12	ENSG00000065833.7	ENSG00000170522.5	ENSG00000081760.12	ENSG00000186480.8	ENSG00000143158.6
Gene expression stats (Y^T * Y): 
285.302015061	174.104662391	131.947484128	142.606950158	158.511441706	159.365197896	148.336117829	149.759729452	147.055015162	121.0809257
174.104662391	285.302015061	187.390801289	181.674957338	173.558101168	221.884810091	232.782777244	197.097282207	180.219496725	185.737576473
131.947484128	187.390801289	285.302015061	130.518112284	183.124076103	194.663520012	188.954190219	210.355843372	182.418061803	160.664096505
142.606950158	181.674957338	130.518112284	285.302015061	144.488239953	131.696326103	159.619259513	148.039384648	154.714759823	137.281646506
158.511441706	173.558101168	183.124076103	144.488239953	285.302015061	172.230190189	155.654091716	205.906233466	197.91454675	132.722467606
159.365197896	221.884810091	194.663520012	131.696326103	172.230190189	285.302015061	214.992768268	180.534227227	159.564723303	181.23754939
148.336117829	232.782777244	188.954190219	159.619259513	155.654091716	214.992768268	285.302015061	179.529722866	160.79403407	201.313652551
149.759729452	197.097282207	210.355843372	148.039384648	205.906233466	180.534227227	179.529722866	285.302015061	195.732091388	149.761201276
147.055015162	180.219496725	182.418061803	154.714759823	197.91454675	159.564723303	160.79403407	195.732091388	285.302015061	126.1101648
121.0809257	185.737576473	160.664096505	137.281646506	132.722467606	181.23754939	201.313652551	149.761201276	126.1101648	285.302015061
Genotype stats (X^T * X): 	20.7524100475
Gene expression - Genotype stats (Y^T * X): 
9.32800128068	15.2505679241	11.7018218421	9.59389608629	7.4646160833	11.0451787215	15.0727074336	11.5251401183	12.867200195	13.6029055414