Tissue	adiposesubcutaneous
N_samples	295
Chr	14
Gene	ENSG00000211893.3
SNP	rs61983336
Gene_list	ENSG00000211677.2	ENSG00000211679.2	ENSG00000132465.6	ENSG00000211598.2	ENSG00000243466.1	ENSG00000241351.1	ENSG00000244437.1	ENSG00000239951.1	ENSG00000211893.3	ENSG00000211895.3	ENSG00000211896.2	ENSG00000211897.3	ENSG00000211899.3
Gene expression stats (Y^T * Y): 
285.302015061	173.08196678	179.890416368	164.107468815	156.659555462	160.033119362	153.472641915	172.5235689	184.40187943	186.389142207	189.627493975	188.36421675	153.675248118
173.08196678	285.302015061	201.767033764	166.837728007	165.165358972	173.559326042	170.984733828	191.413043353	205.798573474	225.618726052	224.311318913	206.903966159	186.476637143
179.890416368	201.767033764	285.302015061	204.443644622	190.0685126	193.205890994	194.271742286	223.662403332	186.461900642	199.997998259	187.764902618	203.894865112	188.028192025
164.107468815	166.837728007	204.443644622	285.302015061	191.992552445	161.685992385	179.663644321	198.751054597	188.349144113	156.973219303	162.84403214	198.985637649	160.561875311
156.659555462	165.165358972	190.0685126	191.992552445	285.302015061	183.999366465	167.694792583	179.331196794	174.672052341	149.810585434	172.890030797	187.827078578	147.50755988
160.033119362	173.559326042	193.205890994	161.685992385	183.999366465	285.302015061	188.160813439	183.111817402	181.94141552	165.942310162	157.002201082	184.430802918	170.434573897
153.472641915	170.984733828	194.271742286	179.663644321	167.694792583	188.160813439	285.302015061	190.090991293	176.315298539	162.159494658	155.317834856	195.712451107	165.696638273
172.5235689	191.413043353	223.662403332	198.751054597	179.331196794	183.111817402	190.090991293	285.302015061	204.970388343	193.298993165	187.295948555	192.731210554	182.748877332
184.40187943	205.798573474	186.461900642	188.349144113	174.672052341	181.94141552	176.315298539	204.970388343	285.302015061	206.792945995	200.751758652	197.86153723	174.182023956
186.389142207	225.618726052	199.997998259	156.973219303	149.810585434	165.942310162	162.159494658	193.298993165	206.792945995	285.302015061	204.636537215	179.895652669	180.242726626
189.627493975	224.311318913	187.764902618	162.84403214	172.890030797	157.002201082	155.317834856	187.295948555	200.751758652	204.636537215	285.302015061	198.457048145	146.153678208
188.36421675	206.903966159	203.894865112	198.985637649	187.827078578	184.430802918	195.712451107	192.731210554	197.86153723	179.895652669	198.457048145	285.302015061	161.616000991
153.675248118	186.476637143	188.028192025	160.561875311	147.50755988	170.434573897	165.696638273	182.748877332	174.182023956	180.242726626	146.153678208	161.616000991	285.302015061
Genotype stats (X^T * X): 	20.2929849288
Gene expression - Genotype stats (Y^T * X): 
10.6940347069	13.370897977	14.0261093705	10.9203337475	6.97007742399	12.7462938939	14.7947868269	17.2981968361	16.3709878028	15.6872805847	12.4554842623	11.2307997487	14.0898222349