Tissue	adiposesubcutaneous
N_samples	295
Chr	1
Gene	ENSG00000169469.7
SNP	rs11205203
Gene_list	ENSG00000166535.15	ENSG00000137440.3	ENSG00000188505.4	ENSG00000167757.9	ENSG00000167656.4	ENSG00000133710.11	ENSG00000143536.7	ENSG00000169469.7
Gene expression stats (Y^T * Y): 
285.302015061	215.362167311	177.345910222	211.365019722	191.854754025	154.016478693	145.982075215	223.80029862
215.362167311	285.302015061	148.054575812	185.654436802	171.028058157	141.862846026	129.357439393	202.97673987
177.345910222	148.054575812	285.302015061	193.565774573	229.527981259	190.183768095	92.9358866588	196.547994556
211.365019722	185.654436802	193.565774573	285.302015061	216.834582357	135.229682795	92.7351327747	213.723942825
191.854754025	171.028058157	229.527981259	216.834582357	285.302015061	159.154690996	89.0347360183	227.986548898
154.016478693	141.862846026	190.183768095	135.229682795	159.154690996	285.302015061	139.407135774	181.183089746
145.982075215	129.357439393	92.9358866588	92.7351327747	89.0347360183	139.407135774	285.302015061	173.98047966
223.80029862	202.97673987	196.547994556	213.723942825	227.986548898	181.183089746	173.98047966	285.302015061
Genotype stats (X^T * X): 	46.6122953017
Gene expression - Genotype stats (Y^T * X): 
-16.8827441938	-15.3043346524	-16.8798274518	-13.6155004014	-14.2893221821	-14.8004295686	-12.4880733614	-20.3825625967