Tissue	adiposesubcutaneous
N_samples	295
Chr	1
Gene	ENSG00000169442.4
SNP	rs111524787
Gene_list	ENSG00000117984.8	ENSG00000102575.6	ENSG00000216490.3	ENSG00000169442.4	ENSG00000162511.7	ENSG00000011600.7	ENSG00000101160.9	ENSG00000118785.9	ENSG00000107798.13
Gene expression stats (Y^T * Y): 
285.302015061	153.920394078	231.586942422	183.894633279	176.399751668	220.875703938	187.610281944	183.420605091	140.283740312
153.920394078	285.302015061	151.444649106	195.159763093	177.43082588	139.186256631	142.215955698	163.822078313	214.928645805
231.586942422	151.444649106	285.302015061	202.378318615	221.664095315	238.695492524	196.620104632	198.167670711	142.764712658
183.894633279	195.159763093	202.378318615	285.302015061	172.580881739	182.860734522	184.36745559	184.519381594	201.668498269
176.399751668	177.43082588	221.664095315	172.580881739	285.302015061	206.246373693	171.901363455	164.112251446	167.486243023
220.875703938	139.186256631	238.695492524	182.860734522	206.246373693	285.302015061	206.481680868	161.162506669	118.52949869
187.610281944	142.215955698	196.620104632	184.36745559	171.901363455	206.481680868	285.302015061	140.419846569	142.331256956
183.420605091	163.822078313	198.167670711	184.519381594	164.112251446	161.162506669	140.419846569	285.302015061	179.649417489
140.283740312	214.928645805	142.764712658	201.668498269	167.486243023	118.52949869	142.331256956	179.649417489	285.302015061
Genotype stats (X^T * X): 	64.5206829288
Gene expression - Genotype stats (Y^T * X): 
-10.3184159566	-6.95260347423	-8.23055138131	-30.2189267086	-2.53301329511	-7.34021781785	-3.18667666614	6.75930277552	-8.63004241534