Tissue	adiposesubcutaneous
N_samples	295
Chr	19
Gene	ENSG00000105492.11
SNP	rs8108825
Gene_list	ENSG00000105366.11	ENSG00000105492.11	ENSG00000157404.11	ENSG00000149534.4	ENSG00000163751.3	ENSG00000196533.6
Gene expression stats (Y^T * Y): 
285.302015061	175.942797185	157.519693979	189.560545235	157.893844309	170.10155622
175.942797185	285.302015061	180.400207209	185.727223668	173.479210304	187.193040931
157.519693979	180.400207209	285.302015061	189.633063761	206.961014435	198.576781938
189.560545235	185.727223668	189.633063761	285.302015061	188.588563615	183.028790102
157.893844309	173.479210304	206.961014435	188.588563615	285.302015061	205.5063869
170.10155622	187.193040931	198.576781938	183.028790102	205.5063869	285.302015061
Genotype stats (X^T * X): 	125.911864407
Gene expression - Genotype stats (Y^T * X): 
24.842179687	36.560162962	23.4663198668	33.6569407623	32.2508707666	20.3130425993