Tissue	adiposesubcutaneous
N_samples	295
Chr	1
Gene	ENSG00000162511.7
SNP	rs2377571
Gene_list	ENSG00000117984.8	ENSG00000129226.9	ENSG00000102575.6	ENSG00000164733.16	ENSG00000216490.3	ENSG00000159189.7	ENSG00000173369.11	ENSG00000169442.4	ENSG00000162511.7	ENSG00000011600.7	ENSG00000105223.14	ENSG00000030582.12	ENSG00000160255.12	ENSG00000101160.9	ENSG00000090382.2	ENSG00000158869.6
Gene expression stats (Y^T * Y): 
285.302015061	231.454464702	153.920394078	227.822651833	231.586942422	179.744101991	193.068731599	183.894633279	176.399751668	220.875703938	188.714460335	174.622048162	118.528724096	187.610281944	128.064730003	167.809491026
231.454464702	285.302015061	166.591940077	229.128644638	226.613637003	214.671060795	214.179095909	154.901829017	201.341528473	227.869042273	201.712322218	192.678751446	138.425865015	189.054740795	142.520645549	192.831458469
153.920394078	166.591940077	285.302015061	125.559400302	151.444649106	69.7758675748	76.6413482484	195.159763093	177.43082588	139.186256631	176.536195891	171.609847065	190.537445638	142.215955698	136.075116676	78.8196039939
227.822651833	229.128644638	125.559400302	285.302015061	240.905950991	220.596882526	228.232347518	148.573696669	209.799709009	228.857090371	187.367148182	175.688696174	125.464336725	195.90104036	127.685900177	219.177830615
231.586942422	226.613637003	151.444649106	240.905950991	285.302015061	192.761090561	200.808600667	202.378318615	221.664095315	238.695492524	166.447714712	164.834384416	134.671685875	196.620104632	160.579050663	214.478561406
179.744101991	214.671060795	69.7758675748	220.596882526	192.761090561	285.302015061	272.681008515	89.5794601986	176.365526967	234.316815391	179.187190827	170.287213032	114.358367264	178.079051535	138.243317665	237.656695265
193.068731599	214.179095909	76.6413482484	228.232347518	200.808600667	272.681008515	285.302015061	98.9123833239	171.253039268	233.518986228	162.404725199	159.992490824	101.320618823	169.973661523	126.795130499	240.877269401
183.894633279	154.901829017	195.159763093	148.573696669	202.378318615	89.5794601986	98.9123833239	285.302015061	172.580881739	182.860734522	158.293063012	145.217179657	159.839146754	184.36745559	155.906751698	115.368078464
176.399751668	201.341528473	177.43082588	209.799709009	221.664095315	176.365526967	171.253039268	172.580881739	285.302015061	206.246373693	182.546223684	190.10210337	198.889036695	171.901363455	179.552566451	202.766827241
220.875703938	227.869042273	139.186256631	228.857090371	238.695492524	234.316815391	233.518986228	182.860734522	206.246373693	285.302015061	205.29829881	187.090095162	135.332778239	206.481680868	168.283764866	228.424111295
188.714460335	201.712322218	176.536195891	187.367148182	166.447714712	179.187190827	162.404725199	158.293063012	182.546223684	205.29829881	285.302015061	232.419606974	176.128041696	199.24166515	151.898050635	146.190092178
174.622048162	192.678751446	171.609847065	175.688696174	164.834384416	170.287213032	159.992490824	145.217179657	190.10210337	187.090095162	232.419606974	285.302015061	184.107102664	189.455907653	159.651737241	157.003087552
118.528724096	138.425865015	190.537445638	125.464336725	134.671685875	114.358367264	101.320618823	159.839146754	198.889036695	135.332778239	176.128041696	184.107102664	285.302015061	133.175297217	172.556201317	119.89902169
187.610281944	189.054740795	142.215955698	195.90104036	196.620104632	178.079051535	169.973661523	184.36745559	171.901363455	206.481680868	199.24166515	189.455907653	133.175297217	285.302015061	146.469696158	167.431555584
128.064730003	142.520645549	136.075116676	127.685900177	160.579050663	138.243317665	126.795130499	155.906751698	179.552566451	168.283764866	151.898050635	159.651737241	172.556201317	146.469696158	285.302015061	146.534277885
167.809491026	192.831458469	78.8196039939	219.177830615	214.478561406	237.656695265	240.877269401	115.368078464	202.766827241	228.424111295	146.190092178	157.003087552	119.89902169	167.431555584	146.534277885	285.302015061
Genotype stats (X^T * X): 	92.0637705763
Gene expression - Genotype stats (Y^T * X): 
-20.6898110432	-24.0199233022	-25.7650229631	-31.4809677075	-31.6855643476	-30.4011986223	-26.9782600142	-25.8942074279	-40.0466942898	-33.3168971388	-35.603255749	-30.7232522964	-23.8530534214	-30.3986604125	-22.2646370545	-31.7552336083