Tissue	adiposesubcutaneous
N_samples	295
Chr	2
Gene	ENSG00000168542.8
SNP	rs7424790
Gene_list	ENSG00000142156.10	ENSG00000142173.10	ENSG00000108821.9	ENSG00000182718.12	ENSG00000139329.4	ENSG00000164692.13	ENSG00000106333.8	ENSG00000091986.11	ENSG00000154096.9	ENSG00000211445.7	ENSG00000113140.6	ENSG00000168542.8	ENSG00000115414.14
Gene expression stats (Y^T * Y): 
285.302015061	253.230989529	237.547111305	129.933762202	194.074090754	233.428469683	161.739628695	147.086502651	145.760964926	-191.795956382	115.086588202	216.373554888	200.957346121
253.230989529	285.302015061	220.963902755	91.9473953141	191.812833946	221.222190509	130.61937139	134.493684458	101.836156535	-180.257927414	78.2537069626	185.94806966	205.231055086
237.547111305	220.963902755	285.302015061	107.778120247	212.062054762	267.306768112	181.511156198	168.317310132	150.917091727	-193.23319235	118.562983486	241.443074286	207.248349498
129.933762202	91.9473953141	107.778120247	285.302015061	101.809931946	121.415989219	169.25355069	175.823137949	174.959098029	-88.4085949177	176.050512569	178.055454608	78.6479083342
194.074090754	191.812833946	212.062054762	101.809931946	285.302015061	233.49170734	159.564565428	174.636248346	127.073791912	-177.464693682	111.341336404	193.126619911	194.733232022
233.428469683	221.222190509	267.306768112	121.415989219	233.49170734	285.302015061	191.267040529	185.420969506	157.819420311	-193.63199742	129.577750721	244.662032857	210.511135783
161.739628695	130.61937139	181.511156198	169.25355069	159.564565428	191.267040529	285.302015061	227.021860961	216.5024471	-137.12495985	170.256106752	216.957056062	130.340484653
147.086502651	134.493684458	168.317310132	175.823137949	174.636248346	185.420969506	227.021860961	285.302015061	200.666192867	-131.416815076	194.400253893	216.488078597	133.283932794
145.760964926	101.836156535	150.917091727	174.959098029	127.073791912	157.819420311	216.5024471	200.666192867	285.302015061	-126.651393613	196.375293116	205.577086182	113.3468073
-191.795956382	-180.257927414	-193.23319235	-88.4085949177	-177.464693682	-193.63199742	-137.12495985	-131.416815076	-126.651393613	285.302015061	-122.393711848	-182.704118106	-195.22795867
115.086588202	78.2537069626	118.562983486	176.050512569	111.341336404	129.577750721	170.256106752	194.400253893	196.375293116	-122.393711848	285.302015061	189.905273094	93.0015922291
216.373554888	185.94806966	241.443074286	178.055454608	193.126619911	244.662032857	216.957056062	216.488078597	205.577086182	-182.704118106	189.905273094	285.302015061	185.328197927
200.957346121	205.231055086	207.248349498	78.6479083342	194.733232022	210.511135783	130.340484653	133.283932794	113.3468073	-195.22795867	93.0015922291	185.328197927	285.302015061
Genotype stats (X^T * X): 	143.390742997
Gene expression - Genotype stats (Y^T * X): 
-23.2060749747	-17.2351007471	-31.9893551614	-8.73003522998	-23.3018097707	-30.312900029	-15.7475626762	-4.00472586423	-18.0021443855	11.7230061061	2.32909545348	-35.4805081754	-18.663603455