Tissue	adiposesubcutaneous
N_samples	295
Chr	12
Gene	ENSG00000178878.8
SNP	rs17212166
Gene_list	ENSG00000111859.12	ENSG00000178878.8	ENSG00000142178.7	ENSG00000129657.10	ENSG00000170989.8	ENSG00000148841.11	ENSG00000164056.6
Gene expression stats (Y^T * Y): 
285.302015061	189.519291119	181.810244039	178.585133479	167.825185672	154.847979955	137.224206977
189.519291119	285.302015061	233.886023836	172.776507134	191.126448795	191.316139806	184.055841873
181.810244039	233.886023836	285.302015061	161.39313655	164.039922271	196.987767181	168.062052503
178.585133479	172.776507134	161.39313655	285.302015061	161.882049575	133.658110181	128.007251212
167.825185672	191.126448795	164.039922271	161.882049575	285.302015061	114.275353107	167.78630629
154.847979955	191.316139806	196.987767181	133.658110181	114.275353107	285.302015061	124.514733832
137.224206977	184.055841873	168.062052503	128.007251212	167.78630629	124.514733832	285.302015061
Genotype stats (X^T * X): 	61.9595387254
Gene expression - Genotype stats (Y^T * X): 
11.9325266351	24.6601363759	26.7868796857	18.4846527832	19.506449685	21.4176578648	15.8363710564