Tissue	adiposesubcutaneous
N_samples	295
Chr	6
Gene	ENSG00000204257.10
SNP	rs3097645
Gene_list	ENSG00000204287.9	ENSG00000242574.4	ENSG00000204257.10	ENSG00000231389.3	ENSG00000223865.6	ENSG00000019582.10
Gene expression stats (Y^T * Y): 
285.302015061	165.122820986	211.566523484	243.228863662	238.166498141	261.73829778
165.122820986	285.302015061	220.044558754	167.057760717	204.864406416	139.15188133
211.566523484	220.044558754	285.302015061	211.403229929	233.86892506	190.411391048
243.228863662	167.057760717	211.403229929	285.302015061	233.850694624	236.835349245
238.166498141	204.864406416	233.86892506	233.850694624	285.302015061	226.771633314
261.73829778	139.15188133	190.411391048	236.835349245	226.771633314	285.302015061
Genotype stats (X^T * X): 	53.4462379119
Gene expression - Genotype stats (Y^T * X): 
-0.330452789825	-1.04523826026	-29.0421375676	-3.6887456202	0.408859183753	4.42549878046