Tissue	adiposesubcutaneous
N_samples	295
Chr	19
Gene	ENSG00000205076.4
SNP	rs4452073
Gene_list	ENSG00000158055.11	ENSG00000134760.5	ENSG00000189280.3	ENSG00000205076.4	ENSG00000188505.4	ENSG00000088002.7	ENSG00000169035.7	ENSG00000133710.11	ENSG00000159166.9
Gene expression stats (Y^T * Y): 
285.302015061	209.652589467	205.307206743	172.897715703	252.143936699	219.797355936	205.91921366	179.265698985	146.550573175
209.652589467	285.302015061	220.529737686	201.940389811	192.046935881	229.5957397	261.319227509	139.499226408	157.850903702
205.307206743	220.529737686	285.302015061	179.974470865	194.001863505	211.321940231	222.605925872	146.115905752	162.103998317
172.897715703	201.940389811	179.974470865	285.302015061	173.477139062	196.428058956	177.931592909	173.955044603	195.673213183
252.143936699	192.046935881	194.001863505	173.477139062	285.302015061	214.275430223	188.037704704	190.183768095	126.893206998
219.797355936	229.5957397	211.321940231	196.428058956	214.275430223	285.302015061	221.270698206	171.404859063	181.912470391
205.91921366	261.319227509	222.605925872	177.931592909	188.037704704	221.270698206	285.302015061	135.827928246	143.300134807
179.265698985	139.499226408	146.115905752	173.955044603	190.183768095	171.404859063	135.827928246	285.302015061	158.583132868
146.550573175	157.850903702	162.103998317	195.673213183	126.893206998	181.912470391	143.300134807	158.583132868	285.302015061
Genotype stats (X^T * X): 	136.896853369
Gene expression - Genotype stats (Y^T * X): 
-25.9583327505	-24.9821721838	-25.3011175102	-37.6780073414	-22.3948376318	-13.6108054198	-18.981338062	-13.1463242081	-9.28564614525