Tissue	adiposesubcutaneous
N_samples	295
Chr	12
Gene	ENSG00000167768.4
SNP	rs56059080
Gene_list	ENSG00000178372.6	ENSG00000188508.6	ENSG00000189001.6	ENSG00000186395.6	ENSG00000178934.4	ENSG00000172867.3	ENSG00000167768.4	ENSG00000203782.5
Gene expression stats (Y^T * Y): 
285.302015061	208.889940652	191.049131999	167.185621172	230.763406788	161.521060002	183.114703094	175.973877102
208.889940652	285.302015061	252.775176875	224.221665123	225.871554607	234.849672764	253.888540913	249.67617959
191.049131999	252.775176875	285.302015061	191.517621976	209.198757824	232.152396737	220.284506335	242.351228637
167.185621172	224.221665123	191.517621976	285.302015061	183.88449931	208.818807373	248.169312816	204.269529117
230.763406788	225.871554607	209.198757824	183.88449931	285.302015061	167.037801246	194.322860831	173.577965951
161.521060002	234.849672764	232.152396737	208.818807373	167.037801246	285.302015061	232.236350963	266.55301126
183.114703094	253.888540913	220.284506335	248.169312816	194.322860831	232.236350963	285.302015061	236.77853326
175.973877102	249.67617959	242.351228637	204.269529117	173.577965951	266.55301126	236.77853326	285.302015061
Genotype stats (X^T * X): 	23.5904457966
Gene expression - Genotype stats (Y^T * X): 
5.73758030105	13.454318095	9.88145262173	13.2750838073	9.09431165466	13.650040622	14.0499320221	11.6722512186