Tissue	adiposesubcutaneous
N_samples	295
Chr	5
Gene	ENSG00000164318.13
SNP	rs4133008
Gene_list	ENSG00000119801.8	ENSG00000204580.7	ENSG00000079215.9	ENSG00000164318.13	ENSG00000114737.11	ENSG00000139641.8	ENSG00000171862.5	ENSG00000138835.18
Gene expression stats (Y^T * Y): 
285.302015061	192.218942083	137.593161261	174.954180301	155.642384612	159.067829395	167.701916805	154.409687764
192.218942083	285.302015061	132.530902846	203.427193015	154.285880123	183.443351333	179.073557528	205.402637159
137.593161261	132.530902846	285.302015061	179.117226802	155.794963487	139.906770724	180.366249943	133.404141032
174.954180301	203.427193015	179.117226802	285.302015061	172.077614756	177.09989283	191.569596083	194.320623591
155.642384612	154.285880123	155.794963487	172.077614756	285.302015061	137.215968077	155.155732728	181.187210317
159.067829395	183.443351333	139.906770724	177.09989283	137.215968077	285.302015061	147.116254597	179.504241657
167.701916805	179.073557528	180.366249943	191.569596083	155.155732728	147.116254597	285.302015061	157.490834091
154.409687764	205.402637159	133.404141032	194.320623591	181.187210317	179.504241657	157.490834091	285.302015061
Genotype stats (X^T * X): 	130.667970597
Gene expression - Genotype stats (Y^T * X): 
22.0013915936	12.8072437652	5.54576721321	34.0118719077	9.8661586458	4.87503632777	20.422181337	24.357549228