Tissue	adiposesubcutaneous
N_samples	295
Chr	17
Gene	ENSG00000141750.6
SNP	rs78177842
Gene_list	ENSG00000124664.6	ENSG00000135373.8	ENSG00000141750.6	ENSG00000131746.8	ENSG00000167183.2	ENSG00000161798.6	ENSG00000176387.6	ENSG00000116039.7	ENSG00000116299.12
Gene expression stats (Y^T * Y): 
285.302015061	248.038254864	179.769308756	203.608577889	267.677403012	153.471484366	211.573691997	208.662559649	253.58250085
248.038254864	285.302015061	177.532697161	182.290800786	255.2700374	131.02087442	192.300183629	195.535913419	237.736284249
179.769308756	177.532697161	285.302015061	173.914394553	187.167161948	182.498576017	177.027374253	177.90458749	171.904837756
203.608577889	182.290800786	173.914394553	285.302015061	188.664715253	209.522821673	192.748698861	191.013911203	195.412690432
267.677403012	255.2700374	187.167161948	188.664715253	285.302015061	138.555117279	215.268305726	210.856705979	249.813186511
153.471484366	131.02087442	182.498576017	209.522821673	138.555117279	285.302015061	173.639879647	174.898960217	138.053582067
211.573691997	192.300183629	177.027374253	192.748698861	215.268305726	173.639879647	285.302015061	202.345149972	194.520245137
208.662559649	195.535913419	177.90458749	191.013911203	210.856705979	174.898960217	202.345149972	285.302015061	195.498945155
253.58250085	237.736284249	171.904837756	195.412690432	249.813186511	138.053582067	194.520245137	195.498945155	285.302015061
Genotype stats (X^T * X): 	29.7576567119
Gene expression - Genotype stats (Y^T * X): 
-9.70174067268	-0.835695710458	-18.4836499642	-13.1889834427	-9.12511278971	-19.8171501947	-7.91504156944	-8.70207263324	-8.1043030858