Tissue	adiposesubcutaneous
N_samples	295
Chr	6
Gene	ENSG00000096060.10
SNP	rs12215920
Gene_list	ENSG00000096060.10	ENSG00000146674.10	ENSG00000142973.8	ENSG00000107372.8	ENSG00000117289.7	ENSG00000135821.12
Gene expression stats (Y^T * Y): 
285.302015061	175.740257819	186.862211822	207.334086928	179.688927657	209.684488171
175.740257819	285.302015061	166.549061651	188.509879321	190.386113766	169.156800949
186.862211822	166.549061651	285.302015061	124.592502999	90.0115496529	126.083883869
207.334086928	188.509879321	124.592502999	285.302015061	222.817517163	194.807455372
179.688927657	190.386113766	90.0115496529	222.817517163	285.302015061	176.15259631
209.684488171	169.156800949	126.083883869	194.807455372	176.15259631	285.302015061
Genotype stats (X^T * X): 	127.830640305
Gene expression - Genotype stats (Y^T * X): 
35.6231449537	18.6208184434	30.0773881712	25.6583219542	21.121446507	30.7991180625