Tissue	adiposesubcutaneous
N_samples	295
Chr	3
Gene	ENSG00000138496.12
SNP	rs55740225
Gene_list	ENSG00000134326.7	ENSG00000134321.7	ENSG00000107201.5	ENSG00000157601.9	ENSG00000133106.10	ENSG00000156587.11	ENSG00000137959.11	ENSG00000119917.9	ENSG00000111331.8	ENSG00000111335.8	ENSG00000138496.12	ENSG00000163840.5
Gene expression stats (Y^T * Y): 
285.302015061	232.860415927	190.14771358	177.221696502	190.605873076	130.317263792	184.93076647	178.591051328	205.530367522	205.140332894	171.463048822	142.431114566
232.860415927	285.302015061	216.219556885	198.957909839	210.322591867	137.987410447	214.032825041	203.277768213	219.101017953	223.999706472	179.617678467	158.671681246
190.14771358	216.219556885	285.302015061	185.291744738	185.911619117	121.471583423	190.393178421	208.937376877	210.467783194	227.421062061	189.141294122	167.926380959
177.221696502	198.957909839	185.291744738	285.302015061	188.163084816	147.351644092	218.550685808	201.339218659	211.401564848	208.495401382	174.530166825	141.01010106
190.605873076	210.322591867	185.911619117	188.163084816	285.302015061	162.171193785	200.415261476	199.057037449	218.047568436	207.455691082	181.621425577	163.120725393
130.317263792	137.987410447	121.471583423	147.351644092	162.171193785	285.302015061	135.639817521	140.90018312	129.776064026	131.643470826	176.670549422	129.061175274
184.93076647	214.032825041	190.393178421	218.550685808	200.415261476	135.639817521	285.302015061	193.562852724	222.385549645	219.43502874	172.283870948	133.19090114
178.591051328	203.277768213	208.937376877	201.339218659	199.057037449	140.90018312	193.562852724	285.302015061	198.634551462	206.252868468	181.518915823	161.672910434
205.530367522	219.101017953	210.467783194	211.401564848	218.047568436	129.776064026	222.385549645	198.634551462	285.302015061	237.97310141	178.133040473	162.107903488
205.140332894	223.999706472	227.421062061	208.495401382	207.455691082	131.643470826	219.43502874	206.252868468	237.97310141	285.302015061	194.576780356	165.275495544
171.463048822	179.617678467	189.141294122	174.530166825	181.621425577	176.670549422	172.283870948	181.518915823	178.133040473	194.576780356	285.302015061	195.252271527
142.431114566	158.671681246	167.926380959	141.01010106	163.120725393	129.061175274	133.19090114	161.672910434	162.107903488	165.275495544	195.252271527	285.302015061
Genotype stats (X^T * X): 	86.3669529695
Gene expression - Genotype stats (Y^T * X): 
29.098552142	20.4636887495	21.713715045	24.7953583645	31.5527705555	10.0678704495	29.5298368065	25.9708917992	39.882168738	26.1421923186	29.145787787	25.3066073753