Tissue	adiposesubcutaneous
N_samples	295
Chr	22
Gene	ENSG00000077942.13
SNP	rs6007032
Gene_list	ENSG00000064205.6	ENSG00000077942.13	ENSG00000087245.8	ENSG00000035862.8	ENSG00000011465.12	ENSG00000143387.8
Gene expression stats (Y^T * Y): 
285.302015061	189.760924146	187.153895781	196.287718601	206.671918682	195.873059996
189.760924146	285.302015061	187.791651005	190.293265453	209.469947189	180.731053491
187.153895781	187.791651005	285.302015061	200.931842645	182.87662251	248.866832903
196.287718601	190.293265453	200.931842645	285.302015061	220.042728013	182.147297722
206.671918682	209.469947189	182.87662251	220.042728013	285.302015061	177.846864459
195.873059996	180.731053491	248.866832903	182.147297722	177.846864459	285.302015061
Genotype stats (X^T * X): 	123.004791708
Gene expression - Genotype stats (Y^T * X): 
17.8113026016	41.1880355108	35.8654113386	28.4613164785	25.4612239183	38.9950095879