Tissue	adiposesubcutaneous
N_samples	295
Chr	6
Gene	ENSG00000124678.13
SNP	rs17610836
Gene_list	ENSG00000130377.9	ENSG00000111305.14	ENSG00000179636.10	ENSG00000124678.13	ENSG00000186118.7	ENSG00000106013.8	ENSG00000163467.7	ENSG00000118245.2
Gene expression stats (Y^T * Y): 
285.302015061	207.397113441	177.902457241	183.950225869	176.078443774	166.350115337	170.24199833	157.993383834
207.397113441	285.302015061	197.879327186	230.301562325	204.338350028	226.951619684	224.232794832	201.948536864
177.902457241	197.879327186	285.302015061	189.962551582	170.120971936	183.623347101	169.575393323	159.75573454
183.950225869	230.301562325	189.962551582	285.302015061	191.679495365	206.831390542	205.362738934	182.970514492
176.078443774	204.338350028	170.120971936	191.679495365	285.302015061	192.581610923	198.443799047	162.058175342
166.350115337	226.951619684	183.623347101	206.831390542	192.581610923	285.302015061	200.605915164	178.88622302
170.24199833	224.232794832	169.575393323	205.362738934	198.443799047	200.605915164	285.302015061	189.057614461
157.993383834	201.948536864	159.75573454	182.970514492	162.058175342	178.88622302	189.057614461	285.302015061
Genotype stats (X^T * X): 	82.5423728814
Gene expression - Genotype stats (Y^T * X): 
-4.33550751364	3.09148619455	-0.212602842304	35.4198263397	4.26105883547	-4.31953057028	0.0772058756145	-2.62237250022