Tissue	adiposesubcutaneous
N_samples	295
Chr	5
Gene	ENSG00000211445.7
SNP	rs871269
Gene_list	ENSG00000131386.13	ENSG00000166710.13	ENSG00000146674.10	ENSG00000142156.10	ENSG00000142173.10	ENSG00000108821.9	ENSG00000139329.4	ENSG00000164692.13	ENSG00000196616.8	ENSG00000211445.7	ENSG00000117592.8	ENSG00000135821.12	ENSG00000168542.8	ENSG00000115414.14
Gene expression stats (Y^T * Y): 
285.302015061	-94.7507532314	191.275497803	-139.208920781	-90.8966524195	-133.798517183	-102.921782865	-125.962173681	152.122697047	187.351386703	106.644116291	141.124829835	-152.926288616	-111.977180296
-94.7507532314	285.302015061	-109.927980358	115.909739509	104.558466364	120.725149399	147.556332667	131.763434319	-184.38077995	-180.275909784	-181.335377673	-185.211160862	113.846364415	131.358171118
191.275497803	-109.927980358	285.302015061	-152.712368777	-133.478151087	-149.591826116	-118.65272376	-147.288572348	136.211579496	181.876686075	144.261261718	169.156800949	-139.133577577	-132.13555116
-139.208920781	115.909739509	-152.712368777	285.302015061	253.230989529	237.547111305	194.074090754	233.428469683	-182.748363686	-191.795956382	-183.935571215	-171.222008738	216.373554888	200.957346121
-90.8966524195	104.558466364	-133.478151087	253.230989529	285.302015061	220.963902755	191.812833946	221.222190509	-174.209376756	-180.257927414	-184.338179823	-152.185182855	185.94806966	205.231055086
-133.798517183	120.725149399	-149.591826116	237.547111305	220.963902755	285.302015061	212.062054762	267.306768112	-178.272111059	-193.23319235	-169.09588781	-163.982893823	241.443074286	207.248349498
-102.921782865	147.556332667	-118.65272376	194.074090754	191.812833946	212.062054762	285.302015061	233.49170734	-159.551007696	-177.464693682	-159.798783502	-150.971060757	193.126619911	194.733232022
-125.962173681	131.763434319	-147.288572348	233.428469683	221.222190509	267.306768112	233.49170734	285.302015061	-178.441473904	-193.63199742	-174.715427898	-162.327202207	244.662032857	210.511135783
152.122697047	-184.38077995	136.211579496	-182.748363686	-174.209376756	-178.272111059	-159.551007696	-178.441473904	285.302015061	225.603325407	211.003706815	189.967827626	-158.257689954	-195.946567811
187.351386703	-180.275909784	181.876686075	-191.795956382	-180.257927414	-193.23319235	-177.464693682	-193.63199742	225.603325407	285.302015061	202.842392869	205.873197664	-182.704118106	-195.22795867
106.644116291	-181.335377673	144.261261718	-183.935571215	-184.338179823	-169.09588781	-159.798783502	-174.715427898	211.003706815	202.842392869	285.302015061	208.99440993	-136.026787746	-167.200418412
141.124829835	-185.211160862	169.156800949	-171.222008738	-152.185182855	-163.982893823	-150.971060757	-162.327202207	189.967827626	205.873197664	208.99440993	285.302015061	-133.865352103	-162.926290482
-152.926288616	113.846364415	-139.133577577	216.373554888	185.94806966	241.443074286	193.126619911	244.662032857	-158.257689954	-182.704118106	-136.026787746	-133.865352103	285.302015061	185.328197927
-111.977180296	131.358171118	-132.13555116	200.957346121	205.231055086	207.248349498	194.733232022	210.511135783	-195.946567811	-195.22795867	-167.200418412	-162.926290482	185.328197927	285.302015061
Genotype stats (X^T * X): 	136.73220339
Gene expression - Genotype stats (Y^T * X): 
-20.0973990809	23.0785308658	-32.1906159789	11.9543970847	22.1392421195	17.1852562345	7.17152825094	14.077280194	-25.2180891483	-40.0536785011	-17.5064033368	-29.5694917175	15.9373228023	22.4099793517