Tissue	adiposesubcutaneous
N_samples	295
Chr	2
Gene	ENSG00000116039.7
SNP	rs4328661
Gene_list	ENSG00000171243.7	ENSG00000124664.6	ENSG00000135373.8	ENSG00000141750.6	ENSG00000131746.8	ENSG00000108244.12	ENSG00000166145.10	ENSG00000167183.2	ENSG00000119888.6	ENSG00000161798.6	ENSG00000185479.5	ENSG00000176387.6	ENSG00000116039.7	ENSG00000134873.5	ENSG00000116299.12	ENSG00000182600.5
Gene expression stats (Y^T * Y): 
285.302015061	242.669908345	224.333504494	151.35193123	170.049010185	174.402882477	170.501926315	234.474932217	211.297426517	134.326263531	164.249324175	181.224861432	182.47433258	189.394989978	223.576135197	208.627264855
242.669908345	285.302015061	248.038254864	179.769308756	203.608577889	204.921396686	190.556862084	267.677403012	233.433196794	153.471484366	192.581965905	211.573691997	208.662559649	209.04259376	253.58250085	235.878716028
224.333504494	248.038254864	285.302015061	177.532697161	182.290800786	187.524345129	188.656014729	255.2700374	224.07719901	131.02087442	188.196105997	192.300183629	195.535913419	192.13284282	237.736284249	209.343336896
151.35193123	179.769308756	177.532697161	285.302015061	173.914394553	153.530190397	129.921307492	187.167161948	155.586360044	182.498576017	163.354579298	177.027374253	177.90458749	160.703756338	171.904837756	169.971142811
170.049010185	203.608577889	182.290800786	173.914394553	285.302015061	207.879951497	149.44124339	188.664715253	162.415758495	209.522821673	218.473505823	192.748698861	191.013911203	165.347806137	195.412690432	194.38034215
174.402882477	204.921396686	187.524345129	153.530190397	207.879951497	285.302015061	141.653199773	203.617675573	180.451910984	136.655017012	181.8310777	179.161641618	174.147854895	155.126601336	196.200358307	176.044444712
170.501926315	190.556862084	188.656014729	129.921307492	149.44124339	141.653199773	285.302015061	192.047976522	168.864071274	134.790523287	173.516174913	172.986563377	174.091626438	150.303541001	167.140441369	166.321717898
234.474932217	267.677403012	255.2700374	187.167161948	188.664715253	203.617675573	192.047976522	285.302015061	240.48214113	138.555117279	183.624530092	215.268305726	210.856705979	206.300584095	249.813186511	230.303840194
211.297426517	233.433196794	224.07719901	155.586360044	162.415758495	180.451910984	168.864071274	240.48214113	285.302015061	125.272651658	162.582239992	190.009023263	186.306879415	187.64019533	215.661592837	195.690403728
134.326263531	153.471484366	131.02087442	182.498576017	209.522821673	136.655017012	134.790523287	138.555117279	125.272651658	285.302015061	186.486270287	173.639879647	174.898960217	146.384642454	138.053582067	158.706884349
164.249324175	192.581965905	188.196105997	163.354579298	218.473505823	181.8310777	173.516174913	183.624530092	162.582239992	186.486270287	285.302015061	189.557213824	181.812787274	156.873024169	192.424501412	184.49941744
181.224861432	211.573691997	192.300183629	177.027374253	192.748698861	179.161641618	172.986563377	215.268305726	190.009023263	173.639879647	189.557213824	285.302015061	202.345149972	172.924824795	194.520245137	199.214501832
182.47433258	208.662559649	195.535913419	177.90458749	191.013911203	174.147854895	174.091626438	210.856705979	186.306879415	174.898960217	181.812787274	202.345149972	285.302015061	174.734604313	195.498945155	198.680141253
189.394989978	209.04259376	192.13284282	160.703756338	165.347806137	155.126601336	150.303541001	206.300584095	187.64019533	146.384642454	156.873024169	172.924824795	174.734604313	285.302015061	194.01515668	191.930007181
223.576135197	253.58250085	237.736284249	171.904837756	195.412690432	196.200358307	167.140441369	249.813186511	215.661592837	138.053582067	192.424501412	194.520245137	195.498945155	194.01515668	285.302015061	222.104975451
208.627264855	235.878716028	209.343336896	169.971142811	194.38034215	176.044444712	166.321717898	230.303840194	195.690403728	158.706884349	184.49941744	199.214501832	198.680141253	191.930007181	222.104975451	285.302015061
Genotype stats (X^T * X): 	83.9692316475
Gene expression - Genotype stats (Y^T * X): 
25.9190015044	33.0005694678	25.3231213722	21.4601057725	23.4489445092	20.449964153	26.8885026653	30.3555007874	15.6732367205	22.8945640838	23.6409451691	23.5406787886	38.2997631427	24.3993872539	31.452771001	28.1702624759