Tissue	adiposesubcutaneous
N_samples	295
Chr	19
Gene	ENSG00000131941.3
SNP	rs12977146
Gene_list	ENSG00000131941.3	ENSG00000124664.6	ENSG00000135373.8	ENSG00000167183.2	ENSG00000119888.6	ENSG00000116299.12	ENSG00000196542.4	ENSG00000182600.5
Gene expression stats (Y^T * Y): 
285.302015061	189.194171727	188.992035365	201.083943854	174.208661806	177.476836646	171.333372234	180.138850773
189.194171727	285.302015061	248.038254864	267.677403012	233.433196794	253.58250085	187.816194533	235.878716028
188.992035365	248.038254864	285.302015061	255.2700374	224.07719901	237.736284249	186.988444909	209.343336896
201.083943854	267.677403012	255.2700374	285.302015061	240.48214113	249.813186511	198.452647192	230.303840194
174.208661806	233.433196794	224.07719901	240.48214113	285.302015061	215.661592837	167.092964405	195.690403728
177.476836646	253.58250085	237.736284249	249.813186511	215.661592837	285.302015061	182.369249398	222.104975451
171.333372234	187.816194533	186.988444909	198.452647192	167.092964405	182.369249398	285.302015061	165.619589811
180.138850773	235.878716028	209.343336896	230.303840194	195.690403728	222.104975451	165.619589811	285.302015061
Genotype stats (X^T * X): 	83.4958475593
Gene expression - Genotype stats (Y^T * X): 
-41.5442192424	-12.1307827579	-11.4032968691	-13.096785372	-15.5709674706	-8.64199648663	-22.1103491369	-5.74637978593