Tissue	adiposesubcutaneous
N_samples	295
Chr	10
Gene	ENSG00000148671.9
SNP	rs12413598
Gene_list	ENSG00000177666.11	ENSG00000167468.12	ENSG00000167676.3	ENSG00000187288.6	ENSG00000004776.7	ENSG00000100097.7	ENSG00000079435.5	ENSG00000167588.8	ENSG00000176485.6	ENSG00000148671.9	ENSG00000166819.7	ENSG00000138207.8	ENSG00000111275.8	ENSG00000169692.8
Gene expression stats (Y^T * Y): 
285.302015061	216.649506309	224.362807956	252.230061822	154.315501312	124.925108005	256.123735253	241.075620927	213.003707738	182.314923228	225.600347008	239.649014698	176.818071938	247.078485183
216.649506309	285.302015061	210.908758492	208.170391967	140.89136601	200.375203627	213.750899149	220.943776255	228.832236157	232.707897895	220.650568253	221.350406758	184.464346826	216.384023648
224.362807956	210.908758492	285.302015061	219.498347375	153.491526459	164.961069464	226.706347052	248.044226635	199.078431931	185.198569755	226.199386886	218.030585866	179.729446686	222.46304612
252.230061822	208.170391967	219.498347375	285.302015061	169.039695738	129.814597786	244.36686322	252.461145883	192.553362705	182.014465244	226.947085	255.234960064	189.269758463	255.465454468
154.315501312	140.89136601	153.491526459	169.039695738	285.302015061	141.576342768	143.854577284	169.989616845	137.921915998	185.338311639	163.155169434	163.887321383	152.069303779	170.033479073
124.925108005	200.375203627	164.961069464	129.814597786	141.576342768	285.302015061	120.651064914	153.036405654	142.563248358	206.821850172	138.084728158	160.816269748	92.0262258982	151.906761607
256.123735253	213.750899149	226.706347052	244.36686322	143.854577284	120.651064914	285.302015061	240.555226425	217.446846111	182.592131408	222.655413122	236.276108056	202.367184765	228.332779706
241.075620927	220.943776255	248.044226635	252.461145883	169.989616845	153.036405654	240.555226425	285.302015061	217.222916259	193.386318659	246.481238575	246.014203852	194.679747697	246.273261691
213.003707738	228.832236157	199.078431931	192.553362705	137.921915998	142.563248358	217.446846111	217.222916259	285.302015061	199.473687379	223.977202942	196.611648602	200.159085272	193.171156336
182.314923228	232.707897895	185.198569755	182.014465244	185.338311639	206.821850172	182.592131408	193.386318659	199.473687379	285.302015061	201.50724054	201.974728127	178.845952879	194.105557231
225.600347008	220.650568253	226.199386886	226.947085	163.155169434	138.084728158	222.655413122	246.481238575	223.977202942	201.50724054	285.302015061	229.040115156	214.769413029	226.538504989
239.649014698	221.350406758	218.030585866	255.234960064	163.887321383	160.816269748	236.276108056	246.014203852	196.611648602	201.974728127	229.040115156	285.302015061	187.356230211	251.192095001
176.818071938	184.464346826	179.729446686	189.269758463	152.069303779	92.0262258982	202.367184765	194.679747697	200.159085272	178.845952879	214.769413029	187.356230211	285.302015061	174.609172987
247.078485183	216.384023648	222.46304612	255.465454468	170.033479073	151.906761607	228.332779706	246.273261691	193.171156336	194.105557231	226.538504989	251.192095001	174.609172987	285.302015061
Genotype stats (X^T * X): 	43.7647770373
Gene expression - Genotype stats (Y^T * X): 
-18.742521764	-21.4035109001	-20.0512854156	-11.0008472111	-10.109083055	-17.5411687681	-16.3610713382	-15.8523659352	-21.1174797744	-20.0980919086	-17.3633087517	-13.1182686941	-11.7927411256	-16.9538565413