Tissue	adiposesubcutaneous
N_samples	295
Chr	12
Gene	ENSG00000185479.5
SNP	rs1707791
Gene_list	ENSG00000163993.6	ENSG00000124664.6	ENSG00000135373.8	ENSG00000131746.8	ENSG00000108244.12	ENSG00000166145.10	ENSG00000183569.13	ENSG00000124466.8	ENSG00000167183.2	ENSG00000161798.6	ENSG00000185479.5	ENSG00000176387.6	ENSG00000116039.7	ENSG00000116299.12	ENSG00000182600.5
Gene expression stats (Y^T * Y): 
285.302015061	93.125010353	89.9136656876	156.291828829	116.207764809	94.14692955	102.062873409	144.868066167	79.1278530305	198.859972918	183.432877897	118.549499336	118.768546777	98.1932256133	89.5335444601
93.125010353	285.302015061	248.038254864	203.608577889	204.921396686	190.556862084	167.818070719	58.4250463931	267.677403012	153.471484366	192.581965905	211.573691997	208.662559649	253.58250085	235.878716028
89.9136656876	248.038254864	285.302015061	182.290800786	187.524345129	188.656014729	158.820295713	60.7964588894	255.2700374	131.02087442	188.196105997	192.300183629	195.535913419	237.736284249	209.343336896
156.291828829	203.608577889	182.290800786	285.302015061	207.879951497	149.44124339	175.70905012	169.129396891	188.664715253	209.522821673	218.473505823	192.748698861	191.013911203	195.412690432	194.38034215
116.207764809	204.921396686	187.524345129	207.879951497	285.302015061	141.653199773	143.283724211	101.696664659	203.617675573	136.655017012	181.8310777	179.161641618	174.147854895	196.200358307	176.044444712
94.14692955	190.556862084	188.656014729	149.44124339	141.653199773	285.302015061	134.898865858	93.0783692137	192.047976522	134.790523287	173.516174913	172.986563377	174.091626438	167.140441369	166.321717898
102.062873409	167.818070719	158.820295713	175.70905012	143.283724211	134.898865858	285.302015061	75.8824052006	169.343296547	158.318207574	172.882816994	175.421764084	163.620517462	148.221618743	172.541753238
144.868066167	58.4250463931	60.7964588894	169.129396891	101.696664659	93.0783692137	75.8824052006	285.302015061	39.2578393648	136.790720391	172.891056234	88.048829854	81.5945424882	58.3766535222	68.9453160379
79.1278530305	267.677403012	255.2700374	188.664715253	203.617675573	192.047976522	169.343296547	39.2578393648	285.302015061	138.555117279	183.624530092	215.268305726	210.856705979	249.813186511	230.303840194
198.859972918	153.471484366	131.02087442	209.522821673	136.655017012	134.790523287	158.318207574	136.790720391	138.555117279	285.302015061	186.486270287	173.639879647	174.898960217	138.053582067	158.706884349
183.432877897	192.581965905	188.196105997	218.473505823	181.8310777	173.516174913	172.882816994	172.891056234	183.624530092	186.486270287	285.302015061	189.557213824	181.812787274	192.424501412	184.49941744
118.549499336	211.573691997	192.300183629	192.748698861	179.161641618	172.986563377	175.421764084	88.048829854	215.268305726	173.639879647	189.557213824	285.302015061	202.345149972	194.520245137	199.214501832
118.768546777	208.662559649	195.535913419	191.013911203	174.147854895	174.091626438	163.620517462	81.5945424882	210.856705979	174.898960217	181.812787274	202.345149972	285.302015061	195.498945155	198.680141253
98.1932256133	253.58250085	237.736284249	195.412690432	196.200358307	167.140441369	148.221618743	58.3766535222	249.813186511	138.053582067	192.424501412	194.520245137	195.498945155	285.302015061	222.104975451
89.5335444601	235.878716028	209.343336896	194.38034215	176.044444712	166.321717898	172.541753238	68.9453160379	230.303840194	158.706884349	184.49941744	199.214501832	198.680141253	222.104975451	285.302015061
Genotype stats (X^T * X): 	90.2770067593
Gene expression - Genotype stats (Y^T * X): 
-16.4431585319	-22.2983176688	-27.1900505877	-31.1741557454	-28.4190242356	-21.8162025715	-20.2982227931	-19.2015505209	-24.3051274975	-17.8068354335	-32.5618472654	-22.0924900561	-15.1002609606	-17.4299345816	-11.674223078