Tissue	adiposesubcutaneous
N_samples	295
Chr	7
Gene	ENSG00000196683.6
SNP	rs17724311
Gene_list	ENSG00000116251.5	ENSG00000196683.6	ENSG00000122026.6	ENSG00000145592.9	ENSG00000229117.4	ENSG00000172809.8	ENSG00000156467.5	ENSG00000197756.5
Gene expression stats (Y^T * Y): 
285.302015061	206.436849179	202.479340465	218.913298416	199.837109082	222.693173036	161.808384944	203.220224979
206.436849179	285.302015061	191.198033129	181.028598049	177.939501789	196.859267273	172.43239298	179.885071931
202.479340465	191.198033129	285.302015061	237.304886068	207.062225837	217.685124861	154.856770835	194.67049392
218.913298416	181.028598049	237.304886068	285.302015061	251.037563842	249.663107654	134.002751356	242.441535501
199.837109082	177.939501789	207.062225837	251.037563842	285.302015061	242.634764672	120.381259767	254.422134416
222.693173036	196.859267273	217.685124861	249.663107654	242.634764672	285.302015061	149.226476564	248.12644642
161.808384944	172.43239298	154.856770835	134.002751356	120.381259767	149.226476564	285.302015061	134.417524746
203.220224979	179.885071931	194.67049392	242.441535501	254.422134416	248.12644642	134.417524746	285.302015061
Genotype stats (X^T * X): 	138.389751749
Gene expression - Genotype stats (Y^T * X): 
-25.9535592681	-103.62422559	-24.6703971297	-21.8525954396	-30.7741090033	-28.412466378	-10.1943595188	-23.3236084651