Tissue	adiposesubcutaneous
N_samples	295
Chr	19
Gene	ENSG00000221983.3
SNP	rs10402321
Gene_list	ENSG00000115268.5	ENSG00000140988.11	ENSG00000171863.8	ENSG00000130255.8	ENSG00000161970.8	ENSG00000166441.8	ENSG00000144713.8	ENSG00000110700.2	ENSG00000105640.8	ENSG00000221983.3	ENSG00000134419.11	ENSG00000137154.8	ENSG00000174748.14	ENSG00000142676.8	ENSG00000198242.9	ENSG00000124614.9	ENSG00000198755.6	ENSG00000125691.8	ENSG00000108298.5	ENSG00000168028.9	ENSG00000105193.4	ENSG00000188846.9	ENSG00000145592.9	ENSG00000131469.8	ENSG00000105372.2	ENSG00000142937.7	ENSG00000265681.2	ENSG00000063177.8	ENSG00000142541.12	ENSG00000142534.2	ENSG00000213741.4	ENSG00000162244.6	ENSG00000170889.9	ENSG00000143947.8	ENSG00000108107.8	ENSG00000229117.4	ENSG00000008988.5	ENSG00000083845.4	ENSG00000171858.13	ENSG00000149806.6	ENSG00000137818.7	ENSG00000172809.8	ENSG00000149273.10	ENSG00000138326.14	ENSG00000186468.8	ENSG00000167526.9	ENSG00000156482.6	ENSG00000114391.8	ENSG00000071082.6	ENSG00000109475.12	ENSG00000118181.6	ENSG00000136942.10	ENSG00000197958.8	ENSG00000112306.7	ENSG00000148303.12	ENSG00000104529.13	ENSG00000161016.11	ENSG00000164587.7	ENSG00000177954.7	ENSG00000204628.7	ENSG00000182899.10	ENSG00000197756.5
Gene expression stats (Y^T * Y): 
285.302015061	170.673117007	191.531700907	252.946524807	184.809870379	217.050443989	227.970346084	188.557312789	255.145962716	217.47537287	220.154006155	187.489686516	189.263504157	214.360159987	210.666088989	240.592721843	191.511580322	201.514396624	237.310487339	163.667825809	253.023838908	170.074008703	220.948461992	233.025997235	228.490452934	218.963990207	209.827962676	249.748830097	233.12034704	234.53212776	228.005960501	219.180210169	230.41073567	212.113383682	216.200015817	230.791185898	167.931053848	225.032401444	250.573438311	236.786929888	242.909998158	242.801386993	210.579600144	170.554947097	219.6529277	256.294598205	190.448562241	204.604144503	212.153326067	202.305132314	197.060903344	253.658905852	202.641276796	206.782630198	207.494304777	210.411442139	207.13552455	208.642850927	192.059443898	140.13646277	211.574187077	239.041587585
170.673117007	285.302015061	164.294930412	190.15175045	154.533148007	146.562994283	181.13661875	140.250268999	218.791051049	180.10807756	149.141261881	206.719606589	199.552469523	169.298461109	171.025795972	177.822630051	204.108586985	164.64536297	197.887339044	220.789766983	189.146620787	172.399267753	171.683079185	150.449128361	194.124829571	206.199002492	194.530572453	198.790630992	215.989266557	163.122818284	169.126532394	191.21806725	205.585136195	157.742892457	203.727887628	189.428671969	107.265005229	217.860873401	157.370770622	161.092128609	174.414048216	147.426695188	213.402277284	168.783933583	159.469162378	179.455766697	128.314438106	165.652756917	173.867561842	122.351242876	127.436083887	173.648392079	193.202725554	213.002123734	223.857309172	177.292435991	219.086503518	156.410169961	122.565227513	179.886684728	126.819780864	184.820046277
191.531700907	164.294930412	285.302015061	203.038648392	216.91045178	195.896029155	233.499883294	210.733804127	192.410688692	179.816721803	229.19975235	220.908121236	192.620459037	221.48314233	226.823787108	203.1349386	192.473797298	228.845971035	213.580275304	169.678687097	206.808190302	199.107334168	195.546126306	240.867071422	184.638414465	208.202404445	217.293528004	191.000611368	187.333349404	195.844452334	206.969531299	210.188393155	172.719521438	217.514597297	149.80182547	202.989076188	187.029305123	194.061097008	206.814785272	182.909492219	172.59576102	209.430761122	205.306248619	216.248112339	211.078899021	175.550485734	204.794237666	223.216604338	217.464259594	209.779425053	211.534584261	212.738077618	196.225630301	206.841685821	211.269355978	169.673169097	182.658818574	175.133263186	151.735778015	132.481619379	212.501331038	218.373830402
252.946524807	190.15175045	203.038648392	285.302015061	193.139103031	217.026353997	234.520247096	192.168168377	252.046367264	221.502897413	225.941045936	206.703217663	195.822530903	223.000477717	226.235596151	242.807237724	201.398025629	214.958047242	241.204606689	170.023572606	250.032579692	185.927336844	237.809106619	229.785765856	241.294620303	223.111511915	224.316472705	241.112401451	238.480733105	231.593863052	227.793003733	225.359373022	227.015754195	220.200313978	214.235002822	238.067021153	163.197552838	219.310176549	245.061390595	230.605204547	230.637191178	244.236788269	217.457149826	179.189236777	214.490202341	247.702928198	195.55380938	208.790122069	224.257410356	202.0589373	188.31055618	251.438022864	217.644057359	216.530035316	216.141030032	214.343334491	221.479744742	203.389974153	190.421018728	145.573145442	212.56621807	243.014095356
184.809870379	154.533148007	216.91045178	193.139103031	285.302015061	232.088123453	240.808704	243.847781935	195.700475227	180.331786855	252.442564399	243.20268987	216.015716724	246.601466466	238.73606613	209.264476781	223.334982119	224.695895379	231.27954408	167.736053192	189.535033054	209.837588967	197.722002467	227.162430967	167.738153335	240.798246903	248.840264819	214.299526534	183.826273096	212.801063682	217.518379323	206.921228362	171.434835567	245.158447333	173.406610293	223.655376045	201.059991325	206.479591995	201.198774774	163.99299858	174.802608892	199.566724817	218.17715661	257.243033229	224.659468909	188.555127703	243.828522726	247.054351746	227.139072248	251.865723912	242.563487787	199.039255481	217.702344159	217.982316284	224.042271987	141.611553064	181.948734868	189.261584434	232.759566872	154.508168966	242.49206902	204.084212834
217.050443989	146.562994283	195.896029155	217.026353997	232.088123453	285.302015061	228.579745665	216.579152846	214.039148998	181.146864421	238.704679714	196.538339457	181.643282607	216.024149002	220.303910995	236.993584461	207.833059145	180.909325967	239.453109313	163.627492716	201.931814716	175.977114368	200.814685928	230.580132402	214.364015855	233.667635516	229.277342308	233.298081915	199.813576441	230.952510348	225.274368044	194.199271311	206.288583082	240.01250649	188.060830373	225.477095419	165.881417898	215.192386174	231.588463801	194.129007109	223.052211199	203.176374332	221.799449795	211.384239364	214.684973199	221.820114054	216.729547798	226.997160492	213.31723584	246.231713235	214.790938143	230.115359019	219.871023592	210.481707346	204.294471387	163.444373265	188.929797214	196.034405042	237.596101838	119.467537701	235.299005214	200.282728338
227.970346084	181.13661875	233.499883294	234.520247096	240.808704	228.579745665	285.302015061	236.796090788	234.472021147	220.436608964	256.371606612	240.12702551	221.758069875	253.545351512	253.91218534	241.610717952	235.083679078	236.229305633	265.168328996	174.073511032	240.348634109	220.831928464	242.042105064	245.859423964	212.595891845	244.609582938	247.149224646	249.484118847	232.382591739	255.809921012	237.779325009	238.583943379	213.219532181	248.680970572	194.566780682	249.533778486	199.950532271	236.979800363	244.486114635	232.481627982	203.785692273	242.496517654	232.790563379	228.676190337	246.71827545	220.158151603	253.595167371	256.583786765	262.707010401	241.601903702	224.93070395	237.759911317	237.087942013	228.962501405	245.654036764	204.503160383	226.569430872	223.10086846	223.598914319	176.862249238	253.677602665	249.338136323
188.557312789	140.250268999	210.733804127	192.168168377	243.847781935	216.579152846	236.796090788	285.302015061	190.421451452	181.281642043	242.148383849	228.594422966	216.490386891	234.895722955	228.23943107	219.241409176	219.204442128	215.820555583	223.939412781	170.890007281	188.371263287	210.057220565	182.142203256	230.947790132	156.464111913	229.688679145	230.200787388	216.488600613	164.403511124	212.738576438	220.467126089	216.689420143	172.47615095	233.74654065	155.386267254	206.46651623	212.271388984	208.038274377	205.485700483	167.576005354	168.888806093	194.184684244	196.315962816	230.350444563	217.61187681	185.70084018	246.769528469	243.0794761	231.479658865	232.98408472	242.058321129	208.40423385	214.790366918	216.600221375	205.924251076	149.302069692	175.994685025	188.179725592	229.847874874	147.003615549	242.392657687	201.13091064
255.145962716	218.791051049	192.410688692	252.046367264	195.700475227	214.039148998	234.472021147	190.421451452	285.302015061	228.762307675	220.247628253	214.581058429	225.220832999	214.680899582	220.926192107	243.653625543	221.781293792	206.005229194	248.085327856	202.5308957	258.384380714	193.114223945	213.986404639	219.063172133	234.524530512	235.876095398	229.618662968	259.7154843	250.185697702	238.920914547	223.36147071	229.86490058	242.905206895	217.066654799	227.959894122	232.434246062	157.562506496	249.351999942	247.186968757	228.557223407	233.051043474	222.06326567	237.246225395	190.606848371	221.112247939	253.67692242	192.77572115	209.721497121	224.312590983	198.032385985	183.975772777	244.404879617	216.429008597	221.790662082	236.049496406	213.989207302	232.945404742	209.894532264	195.390879927	186.725770115	203.767684295	238.789681597
217.47537287	180.10807756	179.816721803	221.502897413	180.331786855	181.146864421	220.436608964	181.281642043	228.762307675	285.302015061	206.745041629	186.922416587	197.682915116	211.438136133	211.562190013	214.90621853	195.951010266	216.274495446	217.69873306	183.501190397	227.605572688	193.13406995	200.562829041	210.233987566	180.429142357	198.657087156	187.382555904	217.513774207	223.226864572	220.998339258	214.503330516	217.977765431	214.144115008	184.994689982	195.569044443	220.168409373	186.003928736	216.238381072	212.768710178	207.500022606	184.112640713	201.588151235	189.030029213	174.250250898	192.792596765	207.702810521	197.168614913	194.87759374	220.049862392	171.238903589	171.268918492	216.456956721	186.498542532	205.095603472	215.961940041	190.04159815	204.793454686	197.060764058	173.602522949	173.672772194	189.372151137	232.79283373
220.154006155	149.141261881	229.19975235	225.941045936	252.442564399	238.704679714	256.371606612	242.148383849	220.247628253	206.745041629	285.302015061	225.44532961	213.499093438	248.678742035	249.973991763	241.927586826	226.572345047	237.532866242	243.308080576	166.653374656	228.640121775	210.970695534	212.996289479	255.643117571	198.032341122	239.009904735	245.078265164	235.876419361	206.383984272	244.056768103	239.734583149	226.346673743	202.50533529	252.670959695	183.430902779	240.148562699	207.779702436	214.005253766	238.057646323	204.924751851	199.764879348	228.814284361	228.329862179	235.916349034	243.323382124	218.755974366	247.29002209	251.581483798	247.256509625	253.200214096	238.962887946	231.796463361	220.645809964	219.477548182	225.807880025	174.343030904	194.913763043	206.089997674	232.178839488	158.528114677	261.505191949	230.569996408
187.489686516	206.719606589	220.908121236	206.703217663	243.20268987	196.538339457	240.12702551	228.594422966	214.581058429	186.922416587	225.44532961	285.302015061	228.095527349	242.148194062	231.599670071	210.530911667	226.262261531	228.193382977	232.992079118	192.419158028	207.038406791	219.600828316	200.912972004	215.311425856	180.660005293	243.391812157	243.827288409	215.633517324	208.1150648	204.36669581	199.51809892	219.614638746	185.254358613	227.181465169	185.437653746	217.444720971	182.76954712	222.525054758	194.873928397	172.137907395	183.113251588	197.78996694	227.499588928	238.555793045	219.769384917	191.137051679	219.327775556	237.250948733	226.234058311	212.934781655	216.425883704	197.868382971	219.745410941	235.55593327	238.328223649	185.329481262	212.545885323	188.115358178	190.923110979	174.558077102	214.092898106	212.933285617
189.263504157	199.552469523	192.620459037	195.822530903	216.015716724	181.643282607	221.758069875	216.490386891	225.220832999	197.682915116	213.499093438	228.095527349	285.302015061	219.937530987	216.315150944	210.023126418	229.063653705	214.166498679	220.961867435	194.638281185	208.134300891	215.01147816	173.103630756	195.681475553	156.645886529	234.6611387	216.520369472	222.001934876	193.997370314	205.183872899	190.756610232	224.186607075	201.0272691	196.254719931	182.48911997	196.528927758	166.773048482	220.562304522	193.002695073	175.488109774	161.135635235	180.617540829	221.400210414	218.631766698	209.197632916	204.691673972	204.64280223	216.833121829	231.847585996	183.438529311	194.387254603	189.492413522	195.321657859	206.019642368	238.1879469	160.322720187	210.051209264	181.392601889	188.994074635	208.621438865	195.52081701	207.335066126
214.360159987	169.298461109	221.48314233	223.000477717	246.601466466	216.024149002	253.545351512	234.895722955	214.680899582	211.438136133	248.678742035	242.148194062	219.937530987	285.302015061	240.051304558	221.760208679	220.033938594	244.420790578	247.774323388	161.282615447	217.061186329	224.680141832	227.032096452	232.856519831	172.997349855	233.797073803	234.845705927	229.698231459	212.027737655	228.49897705	223.905174446	245.757133439	190.191961791	232.224696007	173.890758121	243.698985582	226.824983919	217.967282553	208.007285968	203.529757147	182.328118612	234.968132326	209.925798824	231.137145882	223.846942159	206.891358544	253.139688527	249.945620278	242.271791312	229.537123159	241.59528687	218.399231353	224.851182749	230.332397325	236.564749112	188.593755312	200.842544307	215.505165477	218.85298793	191.603816074	243.543936289	240.857549051
210.666088989	171.025795972	226.823787108	226.235596151	238.73606613	220.303910995	253.91218534	228.23943107	220.926192107	211.562190013	249.973991763	231.599670071	216.315150944	240.051304558	285.302015061	231.824882627	225.563643451	242.849616451	249.514199317	180.970419705	236.290945253	225.188664049	219.695884946	240.777188375	194.406402888	237.319745127	235.852728308	222.739517053	219.37289678	235.936975871	215.170212653	227.623866019	198.118761741	241.94020216	171.802064977	237.734306925	191.403912075	216.385187107	228.047033632	211.58330944	197.903314001	225.838957606	223.322983945	231.208954656	240.552486207	206.17651929	235.458868428	233.862642782	248.705284584	224.454842993	220.553150254	216.974735074	211.580060464	223.814315461	233.560763232	197.798274057	212.538422065	202.840465376	207.961325165	168.416050043	234.247802787	243.240107734
240.592721843	177.822630051	203.1349386	242.807237724	209.264476781	236.993584461	241.610717952	219.241409176	243.653625543	214.90621853	241.927586826	210.530911667	210.023126418	221.760208679	231.824882627	285.302015061	222.458208373	207.812132062	250.906862328	201.173992423	239.234931882	190.185421048	218.856158009	246.665950448	235.005080968	236.885872331	238.194032662	248.141230371	228.770098522	246.043268719	241.477432372	219.808662382	230.383611731	241.894730385	208.158526186	237.201625182	168.549518525	240.287089534	254.003382447	223.983455873	235.477707844	223.270384836	234.642612678	203.540041212	238.002899283	237.081134951	214.429019044	227.02751013	237.81685981	221.718236587	202.331171416	249.447747585	215.44975747	232.61104901	229.464914644	198.888464585	214.595832965	212.660691585	223.033302688	150.232808456	233.060801371	230.150793495
191.511580322	204.108586985	192.473797298	201.398025629	223.334982119	207.833059145	235.083679078	219.204442128	221.781293792	195.951010266	226.572345047	226.262261531	229.063653705	220.033938594	225.563643451	222.458208373	285.302015061	198.557022674	237.466405094	203.482574606	211.276652472	210.562902144	198.692783569	202.100997121	187.598179664	250.74951572	239.009862045	236.014346006	218.225213056	221.970400538	212.250962841	207.623417816	203.633084999	232.230163974	184.676461631	234.050669533	157.125709563	236.706937544	201.955071661	199.316160547	183.080396111	184.684256403	234.369090048	226.15583077	226.371977829	200.519791693	214.742594921	239.694458387	231.210552893	206.771691654	206.257694484	200.643076618	226.89769631	223.335603073	242.596565287	176.058424382	220.924912376	198.264698486	215.134099701	184.655796785	222.108717686	209.905171723
201.514396624	164.64536297	228.845971035	214.958047242	224.695895379	180.909325967	236.229305633	215.820555583	206.005229194	216.274495446	237.532866242	228.193382977	214.166498679	244.420790578	242.849616451	207.812132062	198.557022674	285.302015061	224.10792736	166.733627075	223.607736486	220.365930812	215.130820306	239.796280953	164.187054186	210.947227128	220.28854541	199.913921785	202.13237967	207.957187954	221.099275951	230.43796905	182.827127148	205.994760461	177.556590959	223.632221019	220.899198334	196.863261055	200.100863413	185.469609137	176.681316951	223.195326077	201.613566998	220.517290494	224.916263476	191.774331114	222.94943698	217.626643687	239.847272911	199.477396275	213.564948886	207.833122063	196.422901739	225.44811302	222.944665633	174.873867192	185.822392098	190.900872405	167.686963304	161.662376255	216.686406483	243.992838631
237.310487339	197.887339044	213.580275304	241.204606689	231.27954408	239.453109313	265.168328996	223.939412781	248.085327856	217.69873306	243.308080576	232.992079118	220.961867435	247.774323388	249.514199317	250.906862328	237.466405094	224.10792736	285.302015061	188.673763468	245.10635622	219.905651796	247.633665041	236.910398619	230.546592288	249.665486647	249.942220103	259.843896271	249.399086149	254.50511195	237.029725001	232.140443669	224.547760806	249.511217661	207.96609689	254.076184937	179.385639744	250.570237694	246.003578538	238.706789248	229.565929963	239.639057952	239.515730484	221.701416022	245.449329368	231.417444418	236.497981581	243.648273926	251.89169785	232.871542896	215.80473202	237.645357357	240.937612814	241.422280233	251.85951245	219.040697992	235.192327212	231.930996407	228.66234102	187.107065632	240.555429966	245.955913597
163.667825809	220.789766983	169.678687097	170.023572606	167.736053192	163.627492716	174.073511032	170.890007281	202.5308957	183.501190397	166.653374656	192.419158028	194.638281185	161.282615447	180.970419705	201.173992423	203.482574606	166.733627075	188.673763468	285.302015061	176.019225306	175.708717704	143.758716808	181.9486556	185.242987377	198.828702683	192.282146725	186.951695681	191.432614036	165.342706897	188.713545658	177.672606249	186.787856123	173.556456376	192.23453235	181.330724474	128.537983574	224.037213119	169.123689608	138.649006092	180.059470969	128.688281801	200.718124548	181.034651512	166.88020888	164.34259995	143.89501536	163.999101281	179.159560212	134.867945877	146.592054586	177.365347482	173.135403147	221.90816335	214.831198033	151.761464597	189.908076372	141.380884178	143.489122672	152.08826888	140.003533945	178.69005636
253.023838908	189.146620787	206.808190302	250.032579692	189.535033054	201.931814716	240.348634109	188.371263287	258.384380714	227.605572688	228.640121775	207.038406791	208.134300891	217.061186329	236.290945253	239.234931882	211.276652472	223.607736486	245.10635622	176.019225306	285.302015061	203.079991665	221.242425197	232.539875958	227.071345927	223.496610874	216.869640858	246.097951959	249.645996964	241.106180498	218.494165144	221.693595577	229.355973572	215.972083944	203.135359397	236.114078526	162.712967031	226.803222411	252.775769351	246.233393743	225.574314005	241.610312218	227.310840368	182.841914861	235.970946882	240.125760676	199.642146913	210.261199861	230.053254859	193.645369778	185.57445569	236.641514294	202.84368474	208.384336063	231.344114171	228.417995262	228.524587685	213.71713778	181.317067747	168.383935286	211.010854711	254.71264343
170.074008703	172.399267753	199.107334168	185.927336844	209.837588967	175.977114368	220.831928464	210.057220565	193.114223945	193.13406995	210.970695534	219.600828316	215.01147816	224.680141832	225.188664049	190.185421048	210.562902144	220.365930812	219.905651796	175.708717704	203.079991665	285.302015061	178.132678229	200.228997419	137.685232699	204.139563683	211.877786299	203.303719351	193.577054854	189.069595586	186.436292606	211.448649455	164.246752642	192.616838745	167.640603685	200.240739444	175.051270288	199.498130479	175.733147433	173.615711333	154.340026323	189.715932673	190.73714854	210.87153086	212.017007992	159.008774731	221.111018987	218.137493116	217.972827664	178.846111785	199.41263348	167.028688016	195.962179088	202.646835759	222.335304261	170.439866511	194.255279203	177.569989036	180.891053413	195.196512581	203.086998775	211.972201961
220.948461992	171.683079185	195.546126306	237.809106619	197.722002467	200.814685928	242.042105064	182.142203256	213.986404639	200.562829041	212.996289479	200.912972004	173.103630756	227.032096452	219.695884946	218.856158009	198.692783569	215.130820306	247.633665041	143.758716808	221.242425197	178.132678229	285.302015061	211.146652056	225.562466254	207.279509455	223.822570429	214.777143835	238.34311597	223.54102447	224.751840873	199.688017586	198.705250605	225.657622352	196.271843066	251.037563842	160.943740137	204.642661763	219.376915489	234.053389566	211.352929821	249.663107654	197.769920281	180.694607406	228.262811738	200.234722171	210.449457626	204.850720917	225.660719857	200.780011031	173.365346799	217.030407676	222.684493532	221.282026427	214.230076454	198.125120253	203.992550323	217.892360529	179.643082802	140.736581508	210.769493047	242.441535501
233.025997235	150.449128361	240.867071422	229.785765856	227.162430967	230.580132402	245.859423964	230.947790132	219.063172133	210.233987566	255.643117571	215.311425856	195.681475553	232.856519831	240.777188375	246.665950448	202.100997121	239.796280953	236.910398619	181.9486556	232.539875958	200.228997419	211.146652056	285.302015061	203.123841298	226.151205746	228.23366539	228.865908152	204.519416193	234.212201288	248.349332503	226.901980497	202.936267284	235.849887306	183.238540692	230.887237022	211.549562153	217.826103708	242.733638321	209.22191941	221.29027661	230.579007363	211.49613818	215.725712125	232.013045176	220.589772272	227.473975978	234.462778912	239.97386575	238.091179227	224.997494045	250.29050201	210.252322606	226.672028991	214.43840183	173.372322848	188.995069216	204.258216542	200.097465185	125.606908684	246.702911454	232.997440702
228.490452934	194.124829571	184.638414465	241.294620303	167.738153335	214.364015855	212.595891845	156.464111913	234.524530512	180.429142357	198.032341122	180.660005293	156.645886529	172.997349855	194.406402888	235.005080968	187.598179664	164.187054186	230.546592288	185.242987377	227.071345927	137.685232699	225.562466254	203.123841298	285.302015061	208.053240484	219.524843225	223.59700804	236.943296001	215.115347281	217.57281443	173.497559417	226.325358285	223.113302529	215.904549345	220.439363321	112.665121761	215.997019046	237.527625639	216.235037111	244.530128092	213.989677883	226.726533673	157.696378521	209.953974504	220.878015079	153.840735267	180.306340718	192.095470977	190.866905199	147.541622776	235.435692209	199.965469591	212.84179373	202.621170443	200.383809438	207.198583936	188.533203679	169.032849363	108.571412234	186.720087319	209.73667033
218.963990207	206.199002492	208.202404445	223.111511915	240.798246903	233.667635516	244.609582938	229.688679145	235.876095398	198.657087156	239.009904735	243.391812157	234.6611387	233.797073803	237.319745127	236.885872331	250.74951572	210.947227128	249.665486647	198.828702683	223.496610874	204.139563683	207.279509455	226.151205746	208.053240484	285.302015061	250.644444566	247.741846811	222.460119882	238.92166552	221.117020215	221.565767336	219.735838684	243.8270745	203.192720892	234.773867325	170.988053211	237.943546516	220.132826614	198.603607836	204.331654921	201.412730596	248.839504787	238.273525978	230.043856617	229.530827325	214.177620051	249.84202041	239.284641741	232.994887771	223.515129236	227.963318614	233.024959045	233.436928122	245.440747101	183.173106876	231.018172912	200.927158121	225.886835653	172.160596965	233.344521228	215.699164369
209.827962676	194.530572453	217.293528004	224.316472705	248.840264819	229.277342308	247.149224646	230.200787388	229.618662968	187.382555904	245.078265164	243.827288409	216.520369472	234.845705927	235.852728308	238.194032662	239.009862045	220.28854541	249.942220103	192.282146725	216.869640858	211.877786299	223.822570429	228.23366539	219.524843225	250.644444566	285.302015061	238.474640748	222.521489457	223.930680446	228.598134951	213.469483092	204.745721492	256.462901202	209.688312619	236.890532558	177.508994647	228.225569979	221.396898905	196.974417107	213.007062699	218.138892114	242.777020908	240.795955028	243.163455978	211.478387555	227.377936325	243.022151191	235.629620031	237.6269119	221.573385921	221.639162476	232.631855328	236.531380611	236.091990818	184.332887786	212.416768887	201.948214047	222.00118005	157.0764301	240.17813189	218.72713084
249.748830097	198.790630992	191.000611368	241.112401451	214.299526534	233.298081915	249.484118847	216.488600613	259.7154843	217.513774207	235.876419361	215.633517324	222.001934876	229.698231459	222.739517053	248.141230371	236.014346006	199.913921785	259.843896271	186.951695681	246.097951959	203.303719351	214.777143835	228.865908152	223.59700804	247.741846811	238.474640748	285.302015061	240.708107787	253.064235044	236.995063738	229.389696736	237.046328828	231.680500724	222.31548569	240.336769777	172.599137673	252.142297623	250.674856936	237.367143987	229.522821519	225.189179693	237.072630545	202.361615802	228.5818612	247.35960752	219.684248563	238.325941395	237.762361729	225.899971971	210.28428545	243.73759116	231.408207481	218.759585673	237.301648968	206.887320415	232.483867659	224.117065187	231.958994623	181.293322156	237.776513323	232.034473351
233.12034704	215.989266557	187.333349404	238.480733105	183.826273096	199.813576441	232.382591739	164.403511124	250.185697702	223.226864572	206.383984272	208.1150648	193.997370314	212.027737655	219.37289678	228.770098522	218.225213056	202.13237967	249.399086149	191.432614036	249.645996964	193.577054854	238.34311597	204.519416193	236.943296001	222.460119882	222.521489457	240.708107787	285.302015061	235.463343762	207.59736842	209.854192936	231.200953894	215.463940525	219.010642044	245.137783333	138.136784342	234.703563328	228.566347883	237.623898538	232.737358527	221.643350378	234.37000465	187.901827648	225.721776413	221.628528553	186.510337737	197.697828446	226.374072573	186.097607599	165.554798708	214.581481876	219.657230305	222.546403412	243.420794888	233.615448117	235.586539454	211.097237201	174.736665644	184.523382677	200.286813341	242.125346581
234.53212776	163.122818284	195.844452334	231.593863052	212.801063682	230.952510348	255.809921012	212.738576438	238.920914547	220.998339258	244.056768103	204.36669581	205.183872899	228.49897705	235.936975871	246.043268719	221.970400538	207.957187954	254.50511195	165.342706897	241.106180498	189.069595586	223.54102447	234.212201288	215.115347281	238.92166552	223.930680446	253.064235044	235.463343762	285.302015061	228.650404678	218.944280066	223.323618332	237.361981029	188.074601101	241.961861577	178.379021378	230.837462384	252.991066362	236.170980755	209.708022047	223.767277726	228.60141607	209.801010704	228.217135906	233.481609532	229.584363289	237.973395486	249.881806228	229.515117027	206.909241228	235.512207417	215.461219639	206.885673379	232.969681123	202.424339937	223.478787893	221.740324639	232.50500069	169.559094313	242.789022087	235.77200878
228.005960501	169.126532394	206.969531299	227.793003733	217.518379323	225.274368044	237.779325009	220.467126089	223.36147071	214.503330516	239.734583149	199.51809892	190.756610232	223.905174446	215.170212653	241.477432372	212.250962841	221.099275951	237.029725001	188.713545658	218.494165144	186.436292606	224.751840873	248.349332503	217.57281443	221.117020215	228.598134951	236.995063738	207.59736842	228.650404678	285.302015061	214.06821632	216.593260465	231.160431772	218.244134061	245.930052564	208.72906033	225.163449975	238.517219564	219.598386929	221.191429529	228.54798771	205.967826944	198.628599827	224.388612224	213.101139176	222.95381113	224.713398781	225.779142833	222.93487362	211.458721215	245.203385348	218.822383326	238.488057968	210.697101264	154.207512062	186.232406716	209.929782726	206.612232448	120.922648087	233.902241058	231.652393759
219.180210169	191.21806725	210.188393155	225.359373022	206.921228362	194.199271311	238.583943379	216.689420143	229.86490058	217.977765431	226.346673743	219.614638746	224.186607075	245.757133439	227.623866019	219.808662382	207.623417816	230.43796905	232.140443669	177.672606249	221.693595577	211.448649455	199.688017586	226.901980497	173.497559417	221.565767336	213.469483092	229.389696736	209.854192936	218.944280066	214.06821632	285.302015061	201.181276794	198.261448821	187.040358238	222.53650777	210.759064648	225.528117177	206.338819995	202.435697696	185.8617426	212.133855183	199.814225841	204.764112183	203.15406316	215.445402501	223.682865774	223.478477161	236.190395311	192.125612319	208.539722183	221.096869478	212.155090309	221.720941449	232.522924688	188.132096747	199.549028348	200.042147606	184.176853017	195.674197135	216.94256848	233.867990063
230.41073567	205.585136195	172.719521438	227.015754195	171.434835567	206.288583082	213.219532181	172.47615095	242.905206895	214.144115008	202.50533529	185.254358613	201.0272691	190.191961791	198.118761741	230.383611731	203.633084999	182.827127148	224.547760806	186.787856123	229.355973572	164.246752642	198.705250605	202.936267284	226.325358285	219.735838684	204.745721492	237.046328828	231.200953894	223.323618332	216.593260465	201.181276794	285.302015061	197.73251833	220.346481734	214.635174542	145.690888507	219.530251402	224.880463743	207.8348347	220.076207861	198.381455762	225.474003943	167.317091625	203.927546264	229.537541425	165.387231148	189.049206068	207.152700183	182.750674441	160.843725529	229.060739223	209.182757956	210.887694571	215.468747478	187.5778636	214.578110993	189.610825514	174.430400186	157.135202793	191.914646641	213.992252496
212.113383682	157.742892457	217.514597297	220.200313978	245.158447333	240.01250649	248.680970572	233.74654065	217.066654799	184.994689982	252.670959695	227.181465169	196.254719931	232.224696007	241.94020216	241.894730385	232.230163974	205.994760461	249.511217661	173.556456376	215.972083944	192.616838745	225.657622352	235.849887306	223.113302529	243.8270745	256.462901202	231.680500724	215.463940525	237.361981029	231.160431772	198.261448821	197.73251833	285.302015061	177.087455876	240.510411534	180.906492835	223.848225524	236.548767064	213.168732644	210.731826452	223.946510936	226.217787465	229.032964094	244.05597195	207.713837157	236.25728609	246.849188251	233.280660587	252.865801389	226.580194977	226.389851577	221.922073383	226.511540829	220.577870805	183.454705254	203.983645427	211.069423119	234.458027607	138.391742344	251.981645289	213.854128912
216.200015817	203.727887628	149.80182547	214.235002822	173.406610293	188.060830373	194.566780682	155.386267254	227.959894122	195.569044443	183.430902779	185.437653746	182.48911997	173.890758121	171.802064977	208.158526186	184.676461631	177.556590959	207.96609689	192.23453235	203.135359397	167.640603685	196.271843066	183.238540692	215.904549345	203.192720892	209.688312619	222.31548569	219.010642044	188.074601101	218.244134061	187.040358238	220.346481734	177.087455876	285.302015061	210.352608986	131.440852842	204.59498248	200.425290828	183.488311259	223.714093171	187.200222039	211.22944127	164.318721663	195.920466076	204.356956661	151.5509335	161.471430906	184.268698911	160.201563492	140.83781696	205.011711503	194.750764419	210.348966177	205.406112709	161.366339294	197.771066448	165.445913038	155.990436023	126.237914825	166.083803984	202.278102615
230.791185898	189.428671969	202.989076188	238.067021153	223.655376045	225.477095419	249.533778486	206.46651623	232.434246062	220.168409373	240.148562699	217.444720971	196.528927758	243.698985582	237.734306925	237.201625182	234.050669533	223.632221019	254.076184937	181.330724474	236.114078526	200.240739444	251.037563842	230.887237022	220.439363321	234.773867325	236.890532558	240.336769777	245.137783333	241.961861577	245.930052564	222.53650777	214.635174542	240.510411534	210.352608986	285.302015061	187.396227308	231.793634539	230.72661674	241.972016827	223.306753431	242.634764672	221.189670155	212.0126533	239.728607069	217.353675883	229.483633889	230.632729381	234.245347976	217.181832795	205.741584418	227.122959955	230.66960115	239.113532095	239.473118914	196.764686744	216.832701639	226.485644569	211.266278862	162.264196043	234.685853865	254.422134416
167.931053848	107.265005229	187.029305123	163.197552838	201.059991325	165.881417898	199.950532271	212.271388984	157.562506496	186.003928736	207.779702436	182.76954712	166.773048482	226.824983919	191.403912075	168.549518525	157.125709563	220.899198334	179.385639744	128.537983574	162.712967031	175.051270288	160.943740137	211.549562153	112.665121761	170.988053211	177.508994647	172.599137673	138.136784342	178.379021378	208.72906033	210.759064648	145.690888507	180.906492835	131.440852842	187.396227308	285.302015061	166.227647968	162.778962544	152.034771001	138.020517708	181.332778213	131.399840824	182.535968815	169.215429024	153.916615376	225.986333288	207.054554768	197.584079464	189.519984719	221.870402379	191.745098837	173.117249388	192.003878937	162.055612655	124.204417549	124.957484151	169.616786191	167.485554058	117.70786308	209.259292755	194.620638712
225.032401444	217.860873401	194.061097008	219.310176549	206.479591995	215.192386174	236.979800363	208.038274377	249.351999942	216.238381072	214.005253766	222.525054758	220.562304522	217.967282553	216.385187107	240.287089534	236.706937544	196.863261055	250.570237694	224.037213119	226.803222411	199.498130479	204.642661763	217.826103708	215.997019046	237.943546516	228.225569979	252.142297623	234.703563328	230.837462384	225.163449975	225.528117177	219.530251402	223.848225524	204.59498248	231.793634539	166.227647968	285.302015061	226.919327401	215.151028955	217.85829186	198.250774503	225.850258712	204.747659057	210.925074989	221.666159258	206.816131131	226.851983066	224.725096499	198.167912125	192.791678876	229.050151036	218.040460838	238.8116197	242.459139717	203.825123152	227.693783695	212.98869217	204.020700248	185.340662584	206.879790388	220.019883122
250.573438311	157.370770622	206.814785272	245.061390595	201.198774774	231.588463801	244.486114635	205.485700483	247.186968757	212.768710178	238.057646323	194.873928397	193.002695073	208.007285968	228.047033632	254.003382447	201.955071661	200.100863413	246.003578538	169.123689608	252.775769351	175.733147433	219.376915489	242.733638321	237.527625639	220.132826614	221.396898905	250.674856936	228.566347883	252.991066362	238.517219564	206.338819995	224.880463743	236.548767064	200.425290828	230.72661674	162.778962544	226.919327401	285.302015061	239.340925127	239.451942153	234.942977562	225.051577549	184.971246477	234.827114974	237.966846087	209.197958601	214.329541122	232.353772007	225.941928333	197.510724153	245.849375942	210.138149098	202.387344098	212.169312784	202.225833417	211.229387333	219.029701051	213.80772896	138.280060258	232.162473983	237.913081198
236.786929888	161.092128609	182.909492219	230.605204547	163.99299858	194.129007109	232.481627982	167.576005354	228.557223407	207.500022606	204.924751851	172.137907395	175.488109774	203.529757147	211.58330944	223.983455873	199.316160547	185.469609137	238.706789248	138.649006092	246.233393743	173.615711333	234.053389566	209.22191941	216.235037111	198.603607836	196.974417107	237.367143987	237.623898538	236.170980755	219.598386929	202.435697696	207.8348347	213.168732644	183.488311259	241.972016827	152.034771001	215.151028955	239.340925127	285.302015061	212.017282456	245.074048288	191.521745762	151.59208811	218.112260145	214.309156556	201.559774187	203.290578619	218.365224237	182.442194445	167.893519423	219.713333661	196.159414285	188.508034751	207.612087943	214.969989429	221.499184701	225.133660132	180.64009125	144.305547499	207.511311221	240.349601179
242.909998158	174.414048216	172.59576102	230.637191178	174.802608892	223.052211199	203.785692273	168.888806093	233.051043474	184.112640713	199.764879348	183.113251588	161.135635235	182.328118612	197.903314001	235.477707844	183.080396111	176.681316951	229.565929963	180.059470969	225.574314005	154.340026323	211.352929821	221.29027661	244.530128092	204.331654921	213.007062699	229.522821519	232.737358527	209.708022047	221.191429529	185.8617426	220.076207861	210.731826452	223.714093171	223.306753431	138.020517708	217.85829186	239.451942153	212.017282456	285.302015061	217.720087051	214.348395442	168.133074695	221.099083853	223.430249388	167.109789802	174.26562017	194.688329248	196.538978174	169.983151857	226.195376525	205.585200541	220.101926222	196.420552451	196.61866168	184.885117465	194.696192555	174.756198166	107.248077668	198.673562421	214.611136203
242.801386993	147.426695188	209.430761122	244.236788269	199.566724817	203.176374332	242.496517654	194.184684244	222.06326567	201.588151235	228.814284361	197.78996694	180.617540829	234.968132326	225.838957606	223.270384836	184.684256403	223.195326077	239.639057952	128.688281801	241.610312218	189.715932673	249.663107654	230.579007363	213.989677883	201.412730596	218.138892114	225.189179693	221.643350378	223.767277726	228.54798771	212.133855183	198.381455762	223.946510936	187.200222039	242.634764672	181.332778213	198.250774503	234.942977562	245.074048288	217.720087051	285.302015061	192.92581172	177.589745812	231.912448729	212.573859789	220.933264726	215.59949479	219.111022028	212.010520968	203.750443233	229.442833909	204.066437497	208.309159141	205.383088552	204.060036162	192.062603627	213.33625866	182.291616118	139.771183062	224.970283739	248.12644642
210.579600144	213.402277284	205.306248619	217.457149826	218.17715661	221.799449795	232.790563379	196.315962816	237.246225395	189.030029213	228.329862179	227.499588928	221.400210414	209.925798824	223.322983945	234.642612678	234.369090048	201.613566998	239.515730484	200.718124548	227.310840368	190.73714854	197.769920281	211.49613818	226.726533673	248.839504787	242.777020908	237.072630545	234.37000465	228.60141607	205.967826944	199.814225841	225.474003943	226.217787465	211.22944127	221.189670155	131.399840824	225.850258712	225.051577549	191.521745762	214.348395442	192.92581172	285.302015061	223.705740112	231.251500338	219.609804932	182.250372011	216.89725284	227.218947322	213.109791503	192.408853014	212.008334926	217.28143347	220.631272371	245.560116601	194.173410556	226.563446815	186.791007757	195.175776699	169.953621832	211.879285988	217.282573406
170.554947097	168.783933583	216.248112339	179.189236777	257.243033229	211.384239364	228.676190337	230.350444563	190.606848371	174.250250898	235.916349034	238.555793045	218.631766698	231.137145882	231.208954656	203.540041212	226.15583077	220.517290494	221.701416022	181.034651512	182.841914861	210.87153086	180.694607406	215.725712125	157.696378521	238.273525978	240.795955028	202.361615802	187.901827648	209.801010704	198.628599827	204.764112183	167.317091625	229.032964094	164.318721663	212.0126533	182.535968815	204.747659057	184.971246477	151.59208811	168.133074695	177.589745812	223.705740112	285.302015061	218.226786638	175.102980762	222.107201268	235.494458142	227.652355533	224.565915152	228.077405657	180.486714674	202.754883833	221.025560147	232.349252215	145.932831505	181.823714776	172.68935908	205.457856481	161.137855819	225.399038627	196.650029595
219.6529277	159.469162378	211.078899021	214.490202341	224.659468909	214.684973199	246.71827545	217.61187681	221.112247939	192.792596765	243.323382124	219.769384917	209.197632916	223.846942159	240.552486207	238.002899283	226.371977829	224.916263476	245.449329368	166.88020888	235.970946882	212.017007992	228.262811738	232.013045176	209.953974504	230.043856617	243.163455978	228.5818612	225.721776413	228.217135906	224.388612224	203.15406316	203.927546264	244.05597195	195.920466076	239.728607069	169.215429024	210.925074989	234.827114974	218.112260145	221.099083853	231.912448729	231.251500338	218.226786638	285.302015061	203.267948218	224.537134847	224.511256829	239.484214856	223.917178056	205.268604139	210.752956415	213.963999654	224.142086874	225.485043111	192.237101349	199.922021764	207.989475735	202.507895229	149.420874449	241.12220078	236.992370142
