Tissue	adiposesubcutaneous
N_samples	295
Chr	3
Gene	ENSG00000091986.11
SNP	rs7610187
Gene_list	ENSG00000182718.12	ENSG00000108679.8	ENSG00000139329.4	ENSG00000164692.13	ENSG00000106333.8	ENSG00000091986.11	ENSG00000154096.9	ENSG00000113140.6	ENSG00000168542.8
Gene expression stats (Y^T * Y): 
285.302015061	141.857501174	101.809931946	121.415989219	169.25355069	175.823137949	174.959098029	176.050512569	178.055454608
141.857501174	285.302015061	108.740818058	108.195406229	151.149653766	188.830111322	143.032632362	172.519353253	149.692131454
101.809931946	108.740818058	285.302015061	233.49170734	159.564565428	174.636248346	127.073791912	111.341336404	193.126619911
121.415989219	108.195406229	233.49170734	285.302015061	191.267040529	185.420969506	157.819420311	129.577750721	244.662032857
169.25355069	151.149653766	159.564565428	191.267040529	285.302015061	227.021860961	216.5024471	170.256106752	216.957056062
175.823137949	188.830111322	174.636248346	185.420969506	227.021860961	285.302015061	200.666192867	194.400253893	216.488078597
174.959098029	143.032632362	127.073791912	157.819420311	216.5024471	200.666192867	285.302015061	196.375293116	205.577086182
176.050512569	172.519353253	111.341336404	129.577750721	170.256106752	194.400253893	196.375293116	285.302015061	189.905273094
178.055454608	149.692131454	193.126619911	244.662032857	216.957056062	216.488078597	205.577086182	189.905273094	285.302015061
Genotype stats (X^T * X): 	33.1281033695
Gene expression - Genotype stats (Y^T * X): 
-16.4925195389	-10.2050557438	-22.9109686459	-21.2082423321	-17.8194667033	-17.725787307	-18.5956795176	-9.17610969943	-20.7703338588