Tissue	adiposesubcutaneous
N_samples	295
Chr	5
Gene	ENSG00000133710.11
SNP	rs6864920
Gene_list	ENSG00000088726.11	ENSG00000158055.11	ENSG00000205076.4	ENSG00000188505.4	ENSG00000088002.7	ENSG00000133710.11	ENSG00000169469.7
Gene expression stats (Y^T * Y): 
285.302015061	178.306213597	154.979053822	201.882003906	174.04584599	181.149149139	168.112232615
178.306213597	285.302015061	172.897715703	252.143936699	219.797355936	179.265698985	145.223695682
154.979053822	172.897715703	285.302015061	173.477139062	196.428058956	173.955044603	142.428017696
201.882003906	252.143936699	173.477139062	285.302015061	214.275430223	190.183768095	196.547994556
174.04584599	219.797355936	196.428058956	214.275430223	285.302015061	171.404859063	123.13032487
181.149149139	179.265698985	173.955044603	190.183768095	171.404859063	285.302015061	181.183089746
168.112232615	145.223695682	142.428017696	196.547994556	123.13032487	181.183089746	285.302015061
Genotype stats (X^T * X): 	136.3832172
Gene expression - Genotype stats (Y^T * X): 
-6.70512627429	-11.9785127432	-0.511080869021	-6.14746657467	-1.77629109516	-61.4091239562	-22.3484713787