Tissue	adiposesubcutaneous
N_samples	295
Chr	1
Gene	ENSG00000188404.4
SNP	rs55867009
Gene_list	ENSG00000128383.8	ENSG00000123405.9	ENSG00000163421.4	ENSG00000257335.4	ENSG00000162747.5	ENSG00000188404.4	ENSG00000163464.7
Gene expression stats (Y^T * Y): 
285.302015061	176.613411587	151.402584517	139.705236444	161.835935684	177.968404777	173.471686793
176.613411587	285.302015061	202.677842282	163.162307025	190.134500033	204.944721977	223.192858571
151.402584517	202.677842282	285.302015061	160.503533419	182.199426872	172.254872456	200.979981339
139.705236444	163.162307025	160.503533419	285.302015061	172.696049666	183.220728699	200.617033324
161.835935684	190.134500033	182.199426872	172.696049666	285.302015061	182.370307026	223.074914017
177.968404777	204.944721977	172.254872456	183.220728699	182.370307026	285.302015061	205.329872346
173.471686793	223.192858571	200.979981339	200.617033324	223.074914017	205.329872346	285.302015061
Genotype stats (X^T * X): 	37.3648932068
Gene expression - Genotype stats (Y^T * X): 
-11.7681428514	-8.90252704443	-4.97668160721	-10.2989189072	-13.8073673226	-19.4735522822	-11.7802138311