Tissue	adiposesubcutaneous
N_samples	295
Chr	6
Gene	ENSG00000204580.7
SNP	rs71541426
Gene_list	ENSG00000134324.7	ENSG00000119801.8	ENSG00000006625.13	ENSG00000204580.7	ENSG00000164318.13	ENSG00000139641.8	ENSG00000171862.5	ENSG00000138835.18
Gene expression stats (Y^T * Y): 
285.302015061	159.925130423	172.66441294	176.141298443	170.850930245	157.824721087	168.311351579	154.106577199
159.925130423	285.302015061	178.047063588	192.218942083	174.954180301	159.067829395	167.701916805	154.409687764
172.66441294	178.047063588	285.302015061	189.302125597	165.996477583	177.798723691	137.706267999	158.697626769
176.141298443	192.218942083	189.302125597	285.302015061	203.427193015	183.443351333	179.073557528	205.402637159
170.850930245	174.954180301	165.996477583	203.427193015	285.302015061	177.09989283	191.569596083	194.320623591
157.824721087	159.067829395	177.798723691	183.443351333	177.09989283	285.302015061	147.116254597	179.504241657
168.311351579	167.701916805	137.706267999	179.073557528	191.569596083	147.116254597	285.302015061	157.490834091
154.106577199	154.409687764	158.697626769	205.402637159	194.320623591	179.504241657	157.490834091	285.302015061
Genotype stats (X^T * X): 	40.0902220475
Gene expression - Genotype stats (Y^T * X): 
7.56872093016	5.30356257525	10.5039960236	17.8466110911	12.5001959846	14.228964061	10.6765177497	12.3358994536