Tissue	adiposesubcutaneous
N_samples	295
Chr	11
Gene	ENSG00000130598.11
SNP	rs75963634
Gene_list	ENSG00000130598.11	ENSG00000109061.9	ENSG00000125414.14	ENSG00000180209.7	ENSG00000156885.4	ENSG00000198125.8	ENSG00000173991.5	ENSG00000101470.5	ENSG00000104879.4	ENSG00000086967.9	ENSG00000105048.12	ENSG00000196091.8	ENSG00000111245.10	ENSG00000183091.15	ENSG00000159173.14	ENSG00000168530.11
Gene expression stats (Y^T * Y): 
285.302015061	178.626612336	210.614994935	234.026829972	197.354898644	194.951361033	197.727859721	210.792700075	173.196307126	181.84364488	215.855951986	192.988647008	178.864252609	182.146809817	220.386194228	235.742639408
178.626612336	285.302015061	247.522635562	208.969071648	191.806003841	182.692906974	173.162102961	189.471431032	180.533557111	243.909152831	197.518209168	227.389187692	170.437147668	214.069510072	217.666255919	203.592463012
210.614994935	247.522635562	285.302015061	240.70175424	223.168966874	201.41624688	206.007554425	211.178850889	191.039275077	264.957931614	228.175901056	243.493765307	191.930617919	226.84248583	253.515903913	241.582696302
234.026829972	208.969071648	240.70175424	285.302015061	226.905740803	229.466557939	227.905946421	245.291964955	206.484441556	211.976667414	250.13930561	222.642928651	211.031928097	214.506303958	258.530832885	270.951687246
197.354898644	191.806003841	223.168966874	226.905740803	285.302015061	234.895262595	261.78103449	208.814054937	208.537298889	200.276799828	228.310985979	208.577536252	233.6663034	203.849618484	241.247529558	229.444338964
194.951361033	182.692906974	201.41624688	229.466557939	234.895262595	285.302015061	247.428876527	223.020285331	257.682339196	174.635594837	249.138619593	215.541582602	260.739092343	208.740682852	229.537227626	240.165505933
197.727859721	173.162102961	206.007554425	227.905946421	261.78103449	247.428876527	285.302015061	209.205659939	215.453664424	173.56413834	229.567406077	194.727034543	244.057640576	192.789890935	233.328516079	232.316936205
210.792700075	189.471431032	211.178850889	245.291964955	208.814054937	223.020285331	209.205659939	285.302015061	209.305418127	181.432277264	238.483914492	210.419721822	195.803533585	204.073694291	233.431667809	251.867722198
173.196307126	180.533557111	191.039275077	206.484441556	208.537298889	257.682339196	215.453664424	209.305418127	285.302015061	169.457513728	247.214519524	222.122806715	255.790034266	220.02097262	216.369143593	220.317101147
181.84364488	243.909152831	264.957931614	211.976667414	200.276799828	174.635594837	173.56413834	181.432277264	169.457513728	285.302015061	200.98164144	228.70065996	160.647683843	211.43233312	224.13864647	206.465768593
215.855951986	197.518209168	228.175901056	250.13930561	228.310985979	249.138619593	229.567406077	238.483914492	247.214519524	200.98164144	285.302015061	235.346136028	241.883207121	229.192466758	259.878254403	263.480205116
192.988647008	227.389187692	243.493765307	222.642928651	208.577536252	215.541582602	194.727034543	210.419721822	222.122806715	228.70065996	235.346136028	285.302015061	204.603575886	251.608763427	240.612435166	223.227473943
178.864252609	170.437147668	191.930617919	211.031928097	233.6663034	260.739092343	244.057640576	195.803533585	255.790034266	160.647683843	241.883207121	204.603575886	285.302015061	201.981952533	224.795673823	219.918570564
182.146809817	214.069510072	226.84248583	214.506303958	203.849618484	208.740682852	192.789890935	204.073694291	220.02097262	211.43233312	229.192466758	251.608763427	201.981952533	285.302015061	233.188921882	216.281025382
220.386194228	217.666255919	253.515903913	258.530832885	241.247529558	229.537227626	233.328516079	233.431667809	216.369143593	224.13864647	259.878254403	240.612435166	224.795673823	233.188921882	285.302015061	263.755490299
235.742639408	203.592463012	241.582696302	270.951687246	229.444338964	240.165505933	232.316936205	251.867722198	220.317101147	206.465768593	263.480205116	223.227473943	219.918570564	216.281025382	263.755490299	285.302015061
Genotype stats (X^T * X): 	66.6456017153
Gene expression - Genotype stats (Y^T * X): 
-25.2959347336	-23.1828250186	-32.5606092189	-28.1574341119	-30.5997901466	-19.2353593277	-26.6997902162	-27.3316808005	-8.29521453512	-27.8975092075	-23.6535878989	-24.6836308921	-19.0930140323	-17.0140786932	-28.592700907	-26.989786249