Tissue	adiposesubcutaneous
N_samples	295
Chr	19
Gene	ENSG00000087086.9
SNP	rs12976795
Gene_list	ENSG00000117984.8	ENSG00000164733.16	ENSG00000011600.7	ENSG00000105223.14	ENSG00000087086.9	ENSG00000101160.9	ENSG00000167996.11	ENSG00000197746.9
Gene expression stats (Y^T * Y): 
285.302015061	227.822651833	220.875703938	188.714460335	193.695192831	187.610281944	185.198807863	174.982298344
227.822651833	285.302015061	228.857090371	187.367148182	196.09221534	195.90104036	187.995222025	191.666593414
220.875703938	228.857090371	285.302015061	205.29829881	190.38627081	206.481680868	148.188917759	196.070979379
188.714460335	187.367148182	205.29829881	285.302015061	174.635734467	199.24166515	126.615484764	221.632049648
193.695192831	196.09221534	190.38627081	174.635734467	285.302015061	172.332442046	204.855086045	192.127769292
187.610281944	195.90104036	206.481680868	199.24166515	172.332442046	285.302015061	121.789003223	192.607139481
185.198807863	187.995222025	148.188917759	126.615484764	204.855086045	121.789003223	285.302015061	133.696591652
174.982298344	191.666593414	196.070979379	221.632049648	192.127769292	192.607139481	133.696591652	285.302015061
Genotype stats (X^T * X): 	41.6167961153
Gene expression - Genotype stats (Y^T * X): 
-20.8233360212	-15.2545304075	-17.355924104	-13.9789979987	-22.3641394233	-17.7855932141	-20.415515505	-16.0055446556