Tissue	adiposesubcutaneous
N_samples	295
Chr	6
Gene	ENSG00000124491.11
SNP	rs7774436
Gene_list	ENSG00000124491.11	ENSG00000133800.4	ENSG00000129538.9	ENSG00000173372.12	ENSG00000100979.10	ENSG00000010327.6	ENSG00000110077.10	ENSG00000165457.9	ENSG00000170458.9
Gene expression stats (Y^T * Y): 
285.302015061	221.630226918	193.65663332	183.450748669	178.431362257	192.561177034	183.119342925	198.625760396	184.085163374
221.630226918	285.302015061	205.383680887	188.433062624	146.363266305	182.182646537	167.768933534	190.164534437	174.015602473
193.65663332	205.383680887	285.302015061	222.682103511	162.703136695	180.737608059	174.801873937	202.960766991	164.221785944
183.450748669	188.433062624	222.682103511	285.302015061	197.952270224	180.04238145	200.063526495	211.949789648	164.504431526
178.431362257	146.363266305	162.703136695	197.952270224	285.302015061	146.923329907	171.637648818	169.110235481	136.304341861
192.561177034	182.182646537	180.737608059	180.04238145	146.923329907	285.302015061	171.59526395	175.335928801	169.489676142
183.119342925	167.768933534	174.801873937	200.063526495	171.637648818	171.59526395	285.302015061	220.254474299	189.84750379
198.625760396	190.164534437	202.960766991	211.949789648	169.110235481	175.335928801	220.254474299	285.302015061	197.81390242
184.085163374	174.015602473	164.221785944	164.504431526	136.304341861	169.489676142	189.84750379	197.81390242	285.302015061
Genotype stats (X^T * X): 	84.1016949153
Gene expression - Genotype stats (Y^T * X): 
-32.4723008265	-18.802545398	-31.2063204548	-25.5313940366	-29.6864132363	-28.6750294562	-28.1472660995	-25.3509485499	-23.1492348446