Tissue	adiposesubcutaneous
N_samples	295
Chr	17
Gene	ENSG00000181409.7
SNP	rs4969258
Gene_list	ENSG00000105227.10	ENSG00000087250.4	ENSG00000092758.11	ENSG00000197971.10	ENSG00000181409.7	ENSG00000172005.6	ENSG00000120057.4	ENSG00000158887.11
Gene expression stats (Y^T * Y): 
285.302015061	180.79546526	148.905194294	129.991786956	214.132848917	195.436767561	222.37787691	163.506568781
180.79546526	285.302015061	108.278498007	146.324666382	182.44966138	181.670348607	196.648445592	131.21342116
148.905194294	108.278498007	285.302015061	96.5843954038	180.786668269	168.365253812	141.094090127	115.766990476
129.991786956	146.324666382	96.5843954038	285.302015061	174.541006159	135.201395001	122.892493407	213.163462812
214.132848917	182.44966138	180.786668269	174.541006159	285.302015061	219.265171311	203.642498196	206.332328216
195.436767561	181.670348607	168.365253812	135.201395001	219.265171311	285.302015061	204.121901518	173.243014768
222.37787691	196.648445592	141.094090127	122.892493407	203.642498196	204.121901518	285.302015061	162.157137496
163.506568781	131.21342116	115.766990476	213.163462812	206.332328216	173.243014768	162.157137496	285.302015061
Genotype stats (X^T * X): 	136.998500827
Gene expression - Genotype stats (Y^T * X): 
35.5135485487	18.5253284867	13.6648188586	26.9492197838	35.4121825432	20.4389957106	20.9076961619	33.0231940237