Tissue	adiposesubcutaneous
N_samples	295
Chr	3
Gene	ENSG00000114547.5
SNP	rs3828357
Gene_list	ENSG00000162069.10	ENSG00000171243.7	ENSG00000124664.6	ENSG00000135373.8	ENSG00000108244.12	ENSG00000167183.2	ENSG00000119888.6	ENSG00000116299.12	ENSG00000114547.5	ENSG00000182600.5
Gene expression stats (Y^T * Y): 
285.302015061	186.9255977	214.009960744	233.718268344	192.15487656	227.191879607	190.531891835	203.240337369	203.171579684	175.78685622
186.9255977	285.302015061	242.669908345	224.333504494	174.402882477	234.474932217	211.297426517	223.576135197	186.09387587	208.627264855
214.009960744	242.669908345	285.302015061	248.038254864	204.921396686	267.677403012	233.433196794	253.58250085	207.598510291	235.878716028
233.718268344	224.333504494	248.038254864	285.302015061	187.524345129	255.2700374	224.07719901	237.736284249	197.346081279	209.343336896
192.15487656	174.402882477	204.921396686	187.524345129	285.302015061	203.617675573	180.451910984	196.200358307	184.604612628	176.044444712
227.191879607	234.474932217	267.677403012	255.2700374	203.617675573	285.302015061	240.48214113	249.813186511	213.286256045	230.303840194
190.531891835	211.297426517	233.433196794	224.07719901	180.451910984	240.48214113	285.302015061	215.661592837	181.885536164	195.690403728
203.240337369	223.576135197	253.58250085	237.736284249	196.200358307	249.813186511	215.661592837	285.302015061	200.302864152	222.104975451
203.171579684	186.09387587	207.598510291	197.346081279	184.604612628	213.286256045	181.885536164	200.302864152	285.302015061	188.295386671
175.78685622	208.627264855	235.878716028	209.343336896	176.044444712	230.303840194	195.690403728	222.104975451	188.295386671	285.302015061
Genotype stats (X^T * X): 	123.153407376
Gene expression - Genotype stats (Y^T * X): 
19.7902456076	15.0408332715	20.6106012071	17.3432285869	17.9912191177	24.4404953685	17.638648793	24.585870193	31.8021860157	32.5633345468