Tissue	adiposesubcutaneous
N_samples	295
Chr	10
Gene	ENSG00000107798.13
SNP	rs1332327
Gene_list	ENSG00000102575.6	ENSG00000169442.4	ENSG00000140678.12	ENSG00000160255.12	ENSG00000118785.9	ENSG00000107798.13	ENSG00000072274.8	ENSG00000133063.11
Gene expression stats (Y^T * Y): 
285.302015061	195.159763093	172.245038915	190.537445638	163.822078313	214.928645805	176.79370207	184.657214023
195.159763093	285.302015061	126.677521942	159.839146754	184.519381594	201.668498269	120.606384747	132.856062971
172.245038915	126.677521942	285.302015061	169.616888728	64.7122138054	184.959689938	200.399699883	193.550323307
190.537445638	159.839146754	169.616888728	285.302015061	145.772861499	213.891680292	165.993844471	156.927937394
163.822078313	184.519381594	64.7122138054	145.772861499	285.302015061	179.649417489	93.0187591229	95.0688153365
214.928645805	201.668498269	184.959689938	213.891680292	179.649417489	285.302015061	172.992203369	183.083312205
176.79370207	120.606384747	200.399699883	165.993844471	93.0187591229	172.992203369	285.302015061	184.340769632
184.657214023	132.856062971	193.550323307	156.927937394	95.0688153365	183.083312205	184.340769632	285.302015061
Genotype stats (X^T * X): 	111.234477207
Gene expression - Genotype stats (Y^T * X): 
16.3662660959	13.7515836248	14.0804760136	24.4446520005	9.75473702531	35.0979026246	12.3287890334	3.12664121553