Tissue	adiposesubcutaneous
N_samples	295
Chr	2
Gene	ENSG00000136689.14
SNP	rs4575729
Gene_list	ENSG00000161091.8	ENSG00000140678.12	ENSG00000095970.12	ENSG00000165140.5	ENSG00000136689.14	ENSG00000145107.11
Gene expression stats (Y^T * Y): 
285.302015061	217.361678995	186.2272013	198.106486443	174.991978781	155.763952491
217.361678995	285.302015061	208.067920455	207.990436235	204.5397591	179.042591948
186.2272013	208.067920455	285.302015061	221.848821596	202.620532782	228.328179954
198.106486443	207.990436235	221.848821596	285.302015061	189.058884127	200.254907648
174.991978781	204.5397591	202.620532782	189.058884127	285.302015061	197.447898775
155.763952491	179.042591948	228.328179954	200.254907648	197.447898775	285.302015061
Genotype stats (X^T * X): 	163.02020339
Gene expression - Genotype stats (Y^T * X): 
-26.1502517149	-21.4536628629	-17.6685066727	-27.288636393	-54.9667677037	-29.0885638792