Tissue	adiposesubcutaneous
N_samples	295
Chr	17
Gene	ENSG00000035862.8
SNP	rs56330936
Gene_list	ENSG00000162576.12	ENSG00000166482.7	ENSG00000064205.6	ENSG00000077942.13	ENSG00000142173.10	ENSG00000087245.8	ENSG00000035862.8	ENSG00000139329.4	ENSG00000011465.12	ENSG00000143387.8	ENSG00000071967.7
Gene expression stats (Y^T * Y): 
285.302015061	140.947138894	169.204581479	112.405379691	136.938584968	128.558730395	173.780360243	165.437975789	156.309216871	120.209648951	116.436307887
140.947138894	285.302015061	130.989354689	141.149565039	169.63281915	85.6824464399	184.044490139	177.876071406	176.752787074	50.3125301796	75.4148046901
169.204581479	130.989354689	285.302015061	189.760924146	149.555314269	187.153895781	196.287718601	136.828743375	206.671918682	195.873059996	127.578533411
112.405379691	141.149565039	189.760924146	285.302015061	119.201661942	187.791651005	190.293265453	106.936674355	209.469947189	180.731053491	136.366391697
136.938584968	169.63281915	149.555314269	119.201661942	285.302015061	122.411887089	177.028186522	191.812833946	140.959598934	79.1151325264	20.6692878749
128.558730395	85.6824464399	187.153895781	187.791651005	122.411887089	285.302015061	200.931842645	131.880489958	182.87662251	248.866832903	128.993240595
173.780360243	184.044490139	196.287718601	190.293265453	177.028186522	200.931842645	285.302015061	187.130304557	220.042728013	182.147297722	171.670104846
165.437975789	177.876071406	136.828743375	106.936674355	191.812833946	131.880489958	187.130304557	285.302015061	154.771034236	107.040294642	63.9360662695
156.309216871	176.752787074	206.671918682	209.469947189	140.959598934	182.87662251	220.042728013	154.771034236	285.302015061	177.846864459	166.907347402
120.209648951	50.3125301796	195.873059996	180.731053491	79.1151325264	248.866832903	182.147297722	107.040294642	177.846864459	285.302015061	147.992137333
116.436307887	75.4148046901	127.578533411	136.366391697	20.6692878749	128.993240595	171.670104846	63.9360662695	166.907347402	147.992137333	285.302015061
Genotype stats (X^T * X): 	34.5663805898
Gene expression - Genotype stats (Y^T * X): 
-14.1452571156	-15.0184604966	-17.8267280339	-13.9320083074	-7.71575189991	-15.2980548836	-17.6161427374	-8.76235316603	-16.3221558097	-14.3421198615	-7.42055156754