Tissue	adiposesubcutaneous
N_samples	295
Chr	11
Gene	ENSG00000198851.5
SNP	rs3759002
Gene_list	ENSG00000182866.12	ENSG00000161570.4	ENSG00000113088.5	ENSG00000153563.11	ENSG00000115085.9	ENSG00000163519.9	ENSG00000116824.4	ENSG00000198851.5	ENSG00000211772.4
Gene expression stats (Y^T * Y): 
285.302015061	154.111183766	130.783524467	131.229880966	192.70064239	130.736975915	160.899431859	189.239236754	151.979248379
154.111183766	285.302015061	151.255158327	186.573115297	174.876740189	112.945357257	156.513508056	195.538158503	221.328110335
130.783524467	151.255158327	285.302015061	168.85542306	125.989120917	118.289217213	127.348675494	171.24106047	147.076510017
131.229880966	186.573115297	168.85542306	285.302015061	142.970809443	128.228537804	139.991066156	184.743694074	151.067588638
192.70064239	174.876740189	125.989120917	142.970809443	285.302015061	151.887110383	158.177948885	194.405584525	162.176068145
130.736975915	112.945357257	118.289217213	128.228537804	151.887110383	285.302015061	149.3922574	180.353888585	122.394990159
160.899431859	156.513508056	127.348675494	139.991066156	158.177948885	149.3922574	285.302015061	195.201524743	137.401678949
189.239236754	195.538158503	171.24106047	184.743694074	194.405584525	180.353888585	195.201524743	285.302015061	188.386503862
151.979248379	221.328110335	147.076510017	151.067588638	162.176068145	122.394990159	137.401678949	188.386503862	285.302015061
Genotype stats (X^T * X): 	92.9966101695
Gene expression - Genotype stats (Y^T * X): 
21.1349096478	30.6948248678	22.8968319486	22.3062463495	27.603959725	10.3485817922	22.5586144801	36.6965120025	29.508883941