Tissue	adiposesubcutaneous
N_samples	295
Chr	13
Gene	ENSG00000134873.5
SNP	rs7139829
Gene_list	ENSG00000171243.7	ENSG00000124664.6	ENSG00000135373.8	ENSG00000167183.2	ENSG00000119888.6	ENSG00000176387.6	ENSG00000116039.7	ENSG00000134873.5	ENSG00000116299.12	ENSG00000196542.4	ENSG00000182600.5
Gene expression stats (Y^T * Y): 
285.302015061	242.669908345	224.333504494	234.474932217	211.297426517	181.224861432	182.47433258	189.394989978	223.576135197	165.574996838	208.627264855
242.669908345	285.302015061	248.038254864	267.677403012	233.433196794	211.573691997	208.662559649	209.04259376	253.58250085	187.816194533	235.878716028
224.333504494	248.038254864	285.302015061	255.2700374	224.07719901	192.300183629	195.535913419	192.13284282	237.736284249	186.988444909	209.343336896
234.474932217	267.677403012	255.2700374	285.302015061	240.48214113	215.268305726	210.856705979	206.300584095	249.813186511	198.452647192	230.303840194
211.297426517	233.433196794	224.07719901	240.48214113	285.302015061	190.009023263	186.306879415	187.64019533	215.661592837	167.092964405	195.690403728
181.224861432	211.573691997	192.300183629	215.268305726	190.009023263	285.302015061	202.345149972	172.924824795	194.520245137	152.968752296	199.214501832
182.47433258	208.662559649	195.535913419	210.856705979	186.306879415	202.345149972	285.302015061	174.734604313	195.498945155	163.02626009	198.680141253
189.394989978	209.04259376	192.13284282	206.300584095	187.64019533	172.924824795	174.734604313	285.302015061	194.01515668	183.369202893	191.930007181
223.576135197	253.58250085	237.736284249	249.813186511	215.661592837	194.520245137	195.498945155	194.01515668	285.302015061	182.369249398	222.104975451
165.574996838	187.816194533	186.988444909	198.452647192	167.092964405	152.968752296	163.02626009	183.369202893	182.369249398	285.302015061	165.619589811
208.627264855	235.878716028	209.343336896	230.303840194	195.690403728	199.214501832	198.680141253	191.930007181	222.104975451	165.619589811	285.302015061
Genotype stats (X^T * X): 	138.140513512
Gene expression - Genotype stats (Y^T * X): 
-11.6184564164	-5.09352061905	3.2244507632	0.719656736148	1.57692689156	-9.61915103081	9.05570538649	-53.8808397481	-4.85100898434	-25.6178392225	-11.5611482629