Tissue	adiposesubcutaneous
N_samples	295
Chr	10
Gene	ENSG00000170525.14
SNP	rs57879330
Gene_list	ENSG00000177666.11	ENSG00000170525.14	ENSG00000079435.5	ENSG00000196616.8	ENSG00000076555.11	ENSG00000117289.7	ENSG00000117592.8	ENSG00000181092.5
Gene expression stats (Y^T * Y): 
285.302015061	184.252793213	256.123735253	182.320513345	169.442674277	91.184723175	191.34176675	237.587828469
184.252793213	285.302015061	204.954503665	186.485035368	179.992139004	176.867468174	186.323746932	174.556997936
256.123735253	204.954503665	285.302015061	192.759431517	162.830837261	106.238013659	188.791160432	242.737675908
182.320513345	186.485035368	192.759431517	285.302015061	143.43906371	159.556918724	211.003706815	167.406453223
169.442674277	179.992139004	162.830837261	143.43906371	285.302015061	168.620999119	164.706271704	178.95774537
91.184723175	176.867468174	106.238013659	159.556918724	168.620999119	285.302015061	162.229074116	96.9640597764
191.34176675	186.323746932	188.791160432	211.003706815	164.706271704	162.229074116	285.302015061	191.649332168
237.587828469	174.556997936	242.737675908	167.406453223	178.95774537	96.9640597764	191.649332168	285.302015061
Genotype stats (X^T * X): 	77.3366395254
Gene expression - Genotype stats (Y^T * X): 
-15.5182506416	-25.5545915133	-18.8074345441	-15.0305286049	-9.99229058905	-15.1176904814	-21.9161391712	-7.38752848359