Tissue	adiposesubcutaneous
N_samples	295
Chr	16
Gene	ENSG00000167508.6
SNP	rs13336346
Gene_list	ENSG00000067064.6	ENSG00000131473.12	ENSG00000112972.10	ENSG00000160285.10	ENSG00000149485.12	ENSG00000134824.9	ENSG00000065833.7	ENSG00000167508.6	ENSG00000186480.8	ENSG00000160752.10	ENSG00000120437.7	ENSG00000052802.8
Gene expression stats (Y^T * Y): 
285.302015061	104.563428202	199.942326973	131.095656702	130.48839613	132.085621178	110.158200467	175.9414087	180.097792494	143.001061526	174.03976349	214.847187744
104.563428202	285.302015061	103.256625754	122.643443356	183.124076103	169.439142932	194.663520012	177.815830371	182.418061803	129.049973832	102.326433106	100.049796249
199.942326973	103.256625754	285.302015061	141.21526239	138.615806945	133.950374292	100.209734855	194.233191458	171.17790561	151.409932234	203.045134746	239.547129409
131.095656702	122.643443356	141.21526239	285.302015061	135.121958629	142.57119452	131.942100139	175.689533205	160.163170614	134.554925363	157.202845807	131.502157761
130.48839613	183.124076103	138.615806945	135.121958629	285.302015061	240.323170256	172.230190189	173.62592425	197.91454675	147.490015406	130.447945161	148.359549422
132.085621178	169.439142932	133.950374292	142.57119452	240.323170256	285.302015061	171.570626857	186.035931751	170.435329447	170.117398994	160.477817545	141.998031073
110.158200467	194.663520012	100.209734855	131.942100139	172.230190189	171.570626857	285.302015061	177.094685509	159.564723303	116.747776805	109.137387594	89.8751634008
175.9414087	177.815830371	194.233191458	175.689533205	173.62592425	186.035931751	177.094685509	285.302015061	185.287560699	196.97577996	189.974935216	197.667805011
180.097792494	182.418061803	171.17790561	160.163170614	197.91454675	170.435329447	159.564723303	185.287560699	285.302015061	140.153735156	146.772264503	180.113126268
143.001061526	129.049973832	151.409932234	134.554925363	147.490015406	170.117398994	116.747776805	196.97577996	140.153735156	285.302015061	176.677374682	162.296997401
174.03976349	102.326433106	203.045134746	157.202845807	130.447945161	160.477817545	109.137387594	189.974935216	146.772264503	176.677374682	285.302015061	201.764183112
214.847187744	100.049796249	239.547129409	131.502157761	148.359549422	141.998031073	89.8751634008	197.667805011	180.113126268	162.296997401	201.764183112	285.302015061
Genotype stats (X^T * X): 	30.0677939322
Gene expression - Genotype stats (Y^T * X): 
-14.3808440209	-10.2177148284	-12.1597754814	-7.93515638014	-4.34440076101	-6.89036490133	-11.1507979437	-20.3821594299	-11.4209094954	-11.6681853267	-8.86263992975	-9.28070108797