Tissue	adiposesubcutaneous
N_samples	295
Chr	6
Gene	ENSG00000231389.3
SNP	rs58510921
Gene_list	ENSG00000204287.9	ENSG00000196126.6	ENSG00000204257.10	ENSG00000231389.3	ENSG00000223865.6	ENSG00000019582.10
Gene expression stats (Y^T * Y): 
285.302015061	184.148251835	211.566523484	243.228863662	238.166498141	261.73829778
184.148251835	285.302015061	146.837641832	183.792655556	157.091147908	180.758238083
211.566523484	146.837641832	285.302015061	211.403229929	233.86892506	190.411391048
243.228863662	183.792655556	211.403229929	285.302015061	233.850694624	236.835349245
238.166498141	157.091147908	233.86892506	233.850694624	285.302015061	226.771633314
261.73829778	180.758238083	190.411391048	236.835349245	226.771633314	285.302015061
Genotype stats (X^T * X): 	103.479365132
Gene expression - Genotype stats (Y^T * X): 
10.3277889469	-14.7460011219	5.51944758672	-52.8390120172	7.89542425873	7.54132610567