Tissue	adiposesubcutaneous
N_samples	295
Chr	10
Gene	ENSG00000099194.5
SNP	rs603424
Gene_list	ENSG00000062282.10	ENSG00000169710.6	ENSG00000099194.5	ENSG00000119927.9	ENSG00000155368.12	ENSG00000151726.9
Gene expression stats (Y^T * Y): 
285.302015061	164.026795296	183.605268021	219.317945461	154.383222978	136.949523342
164.026795296	285.302015061	199.565737713	181.396196359	135.155035385	230.868293158
183.605268021	199.565737713	285.302015061	182.791982948	199.310346561	175.193915436
219.317945461	181.396196359	182.791982948	285.302015061	125.591399755	132.160606852
154.383222978	135.155035385	199.310346561	125.591399755	285.302015061	146.238855219
136.949523342	230.868293158	175.193915436	132.160606852	146.238855219	285.302015061
Genotype stats (X^T * X): 	138.711864407
Gene expression - Genotype stats (Y^T * X): 
7.81701524225	-15.7084160495	-43.4071628334	-0.490125811452	-11.6225901373	-9.54352277881