Tissue	adiposesubcutaneous
N_samples	295
Chr	22
Gene	ENSG00000198911.7
SNP	rs62240962
Gene_list	ENSG00000130164.7	ENSG00000079459.8	ENSG00000198911.7	ENSG00000001630.11	ENSG00000104549.7	ENSG00000052802.8
Gene expression stats (Y^T * Y): 
285.302015061	148.820587322	171.622683493	174.117585673	156.60266992	189.728981197
148.820587322	285.302015061	173.517771093	176.674937898	167.785801261	185.36192483
171.622683493	173.517771093	285.302015061	192.24111746	201.268523428	184.913209868
174.117585673	176.674937898	192.24111746	285.302015061	211.238044535	229.858987761
156.60266992	167.785801261	201.268523428	211.238044535	285.302015061	208.276429057
189.728981197	185.36192483	184.913209868	229.858987761	208.276429057	285.302015061
Genotype stats (X^T * X): 	37.4954861492
Gene expression - Genotype stats (Y^T * X): 
5.92852004492	4.51473679865	17.5197676789	-1.23132261629	6.58347028302	1.78812320338