Tissue	adiposesubcutaneous
N_samples	295
Chr	16
Gene	ENSG00000140678.12
SNP	rs12918784
Gene_list	ENSG00000161091.8	ENSG00000161921.10	ENSG00000102575.6	ENSG00000099331.9	ENSG00000140678.12	ENSG00000095970.12	ENSG00000107798.13	ENSG00000165140.5	ENSG00000136689.14	ENSG00000072274.8	ENSG00000145107.11	ENSG00000133063.11
Gene expression stats (Y^T * Y): 
285.302015061	161.866606174	125.062474975	153.809834378	217.361678995	186.2272013	127.844963202	198.106486443	174.991978781	156.227970786	155.763952491	175.212587207
161.866606174	285.302015061	119.941122132	112.841977895	171.314397481	169.38794251	119.526334783	155.212436188	119.140756372	134.590441187	109.929171774	144.405495962
125.062474975	119.941122132	285.302015061	126.345148017	172.245038915	144.704875977	214.928645805	149.530114201	134.840741396	176.79370207	99.9972559887	184.657214023
153.809834378	112.841977895	126.345148017	285.302015061	184.460314224	142.240299622	98.1348282991	136.738774306	113.825409676	136.179335237	115.044253709	143.174500318
217.361678995	171.314397481	172.245038915	184.460314224	285.302015061	208.067920455	184.959689938	207.990436235	204.5397591	200.399699883	179.042591948	193.550323307
186.2272013	169.38794251	144.704875977	142.240299622	208.067920455	285.302015061	164.539643072	221.848821596	202.620532782	149.205611171	228.328179954	166.739249881
127.844963202	119.526334783	214.928645805	98.1348282991	184.959689938	164.539643072	285.302015061	166.214565717	159.970345934	172.992203369	108.352789497	183.083312205
198.106486443	155.212436188	149.530114201	136.738774306	207.990436235	221.848821596	166.214565717	285.302015061	189.058884127	139.99997787	200.254907648	174.293756118
174.991978781	119.140756372	134.840741396	113.825409676	204.5397591	202.620532782	159.970345934	189.058884127	285.302015061	148.853638992	197.447898775	133.039921246
156.227970786	134.590441187	176.79370207	136.179335237	200.399699883	149.205611171	172.992203369	139.99997787	148.853638992	285.302015061	93.0439782586	184.340769632
155.763952491	109.929171774	99.9972559887	115.044253709	179.042591948	228.328179954	108.352789497	200.254907648	197.447898775	93.0439782586	285.302015061	115.069873442
175.212587207	144.405495962	184.657214023	143.174500318	193.550323307	166.739249881	183.083312205	174.293756118	133.039921246	184.340769632	115.069873442	285.302015061
Genotype stats (X^T * X): 	104.378067132
Gene expression - Genotype stats (Y^T * X): 
16.980755092	15.1448668844	19.5869202642	17.3626038366	31.6025345101	8.53919367122	24.572801261	12.6068588163	17.8135368719	26.2525748158	5.08332397503	14.3222022906