Tissue	adiposesubcutaneous
N_samples	295
Chr	12
Gene	ENSG00000172867.3
SNP	rs56059080
Gene_list	ENSG00000105141.4	ENSG00000204421.2	ENSG00000188508.6	ENSG00000189001.6	ENSG00000186395.6	ENSG00000172867.3	ENSG00000167768.4	ENSG00000126233.1	ENSG00000167656.4	ENSG00000143631.10	ENSG00000143520.6	ENSG00000203785.4	ENSG00000203782.5
Gene expression stats (Y^T * Y): 
285.302015061	263.048226906	108.183622452	134.757975541	93.0568292209	178.658186258	112.565068406	255.254595133	221.505857659	272.691745868	253.329763528	230.668012308	163.205331492
263.048226906	285.302015061	133.629191486	155.547169073	110.490743219	202.189730814	130.469561589	257.646169519	207.452103103	266.153509596	262.302702103	240.208857488	189.160357669
108.183622452	133.629191486	285.302015061	252.775176875	224.221665123	234.849672764	253.888540913	123.92349637	148.126172434	112.131811388	165.5257284	164.58608621	249.67617959
134.757975541	155.547169073	252.775176875	285.302015061	191.517621976	232.152396737	220.284506335	140.439699589	164.793820312	135.883686105	184.139370348	178.851073415	242.351228637
93.0568292209	110.490743219	224.221665123	191.517621976	285.302015061	208.818807373	248.169312816	108.268614166	130.410612749	96.021112081	133.677010964	145.071874247	204.269529117
178.658186258	202.189730814	234.849672764	232.152396737	208.818807373	285.302015061	232.236350963	195.730102351	202.892475426	190.364475839	236.228364731	229.626863554	266.55301126
112.565068406	130.469561589	253.888540913	220.284506335	248.169312816	232.236350963	285.302015061	132.757975504	150.597208885	119.572053157	164.240838257	168.524107329	236.77853326
255.254595133	257.646169519	123.92349637	140.439699589	108.268614166	195.730102351	132.757975504	285.302015061	218.884702107	265.101592467	257.600633378	247.267954117	182.409009918
221.505857659	207.452103103	148.126172434	164.793820312	130.410612749	202.892475426	150.597208885	218.884702107	285.302015061	214.281657044	231.95659161	227.532513756	197.388886968
272.691745868	266.153509596	112.131811388	135.883686105	96.021112081	190.364475839	119.572053157	265.101592467	214.281657044	285.302015061	267.97018016	243.312328856	180.304954112
253.329763528	262.302702103	165.5257284	184.139370348	133.677010964	236.228364731	164.240838257	257.600633378	231.95659161	267.97018016	285.302015061	257.723170393	234.466929617
230.668012308	240.208857488	164.58608621	178.851073415	145.071874247	229.626863554	168.524107329	247.267954117	227.532513756	243.312328856	257.723170393	285.302015061	218.472054481
163.205331492	189.160357669	249.67617959	242.351228637	204.269529117	266.55301126	236.77853326	182.409009918	197.388886968	180.304954112	234.466929617	218.472054481	285.302015061
Genotype stats (X^T * X): 	23.5904457966
Gene expression - Genotype stats (Y^T * X): 
5.04694563233	5.54878074321	13.454318095	9.88145262173	13.2750838073	13.650040622	14.0499320221	7.42216187344	6.22485375778	6.4630693181	7.71682387053	9.05675175788	11.6722512186