Tissue	adiposesubcutaneous
N_samples	295
Chr	22
Gene	ENSG00000198125.8
SNP	rs5999901
Gene_list	ENSG00000130598.11	ENSG00000140986.7	ENSG00000077009.9	ENSG00000108515.13	ENSG00000109061.9	ENSG00000125414.14	ENSG00000129170.4	ENSG00000092054.12	ENSG00000180209.7	ENSG00000156885.4	ENSG00000198125.8	ENSG00000173991.5	ENSG00000124701.5	ENSG00000101470.5	ENSG00000104879.4	ENSG00000086967.9	ENSG00000114854.3	ENSG00000105048.12	ENSG00000101210.6	ENSG00000163380.11	ENSG00000182676.4	ENSG00000196091.8	ENSG00000111245.10	ENSG00000197893.9	ENSG00000170807.11	ENSG00000183091.15	ENSG00000163092.15	ENSG00000239474.2	ENSG00000155657.19	ENSG00000159173.14	ENSG00000168530.11	ENSG00000143632.10	ENSG00000077522.8
Gene expression stats (Y^T * Y): 
285.302015061	157.964226836	125.808003861	162.221943809	178.626612336	210.614994935	156.376863793	164.607720731	234.026829972	197.354898644	194.951361033	197.727859721	153.940841623	210.792700075	173.196307126	181.84364488	167.935323641	215.855951986	135.33786435	134.847333358	146.089089079	192.988647008	178.864252609	155.491974555	133.50096388	182.146809817	149.30027342	157.508748748	127.959159435	220.386194228	235.742639408	162.326442982	152.691382439
157.964226836	285.302015061	211.803681591	140.137663107	196.668005485	221.717769978	236.226593826	211.181027788	179.989729959	224.260465788	183.182390978	200.294386487	233.976463933	154.13844427	169.233841375	227.845701432	180.932145225	183.086854654	204.343551895	222.085526625	206.952489977	195.056013336	186.866136514	239.763087589	226.536746512	184.635573203	223.564333256	198.718583176	209.470712567	202.30328866	176.402200559	140.239473084	212.707043081
125.808003861	211.803681591	285.302015061	110.877277852	159.52848904	171.235805327	211.589905901	204.136476927	136.271954202	200.187941715	171.548568693	184.897816139	183.407118187	123.203822887	153.093432897	166.806207002	164.511365784	147.725730362	190.678239361	188.991666056	172.252367447	157.177511262	174.73576399	199.439507484	210.493172951	155.492350972	174.561843022	157.269724592	185.770536649	163.846604817	139.508561271	121.590772465	206.004757261
162.221943809	140.137663107	110.877277852	285.302015061	145.614915641	163.580190239	147.707926211	147.557515502	168.029186507	170.532511839	173.700673387	171.64753897	138.586556376	162.519904053	173.255803763	150.865201381	144.401346092	171.20593427	133.977736346	131.461634667	136.735229865	153.142983881	165.508053264	150.319801742	132.786746452	151.480679442	143.96151241	152.208403563	137.139555912	165.188222645	175.92005513	160.622061715	150.743009887
178.626612336	196.668005485	159.52848904	145.614915641	285.302015061	247.522635562	194.229789178	166.959395343	208.969071648	191.806003841	182.692906974	173.162102961	203.127928922	189.471431032	180.533557111	243.909152831	160.376438538	197.518209168	173.602204153	187.575818929	205.277746481	227.389187692	170.437147668	229.079850421	170.956012714	214.069510072	224.126961891	214.531694752	176.784223952	217.666255919	203.592463012	161.427278559	183.73672913
210.614994935	221.717769978	171.235805327	163.580190239	247.522635562	285.302015061	205.6134697	188.978641404	240.70175424	223.168966874	201.41624688	206.007554425	216.365993702	211.178850889	191.039275077	264.957931614	181.375316248	228.175901056	191.562370792	201.339581299	221.55164255	243.493765307	191.930617919	230.508335909	180.9114269	226.84248583	225.321858169	218.505429584	181.450542518	253.515903913	241.582696302	172.9134222	204.290697371
156.376863793	236.226593826	211.589905901	147.707926211	194.229789178	205.6134697	285.302015061	229.524828034	175.372001527	229.504351315	203.371865863	214.595465888	225.777402218	152.522234006	174.512491551	197.334153115	192.845606375	176.440188479	202.482352324	215.973155015	190.171118427	179.42076707	205.156475803	232.564388552	241.860205085	178.705899073	210.462885528	181.366990094	203.512257905	191.645103794	169.969842427	152.940748646	222.420339176
164.607720731	211.181027788	204.136476927	147.557515502	166.959395343	188.978641404	229.524828034	285.302015061	191.287357221	255.02460067	221.76727873	254.559419933	184.541018689	170.681268417	200.700312792	162.452653978	212.54851999	194.792633762	198.399859687	185.279615472	151.634368139	184.390228569	239.250908663	201.334306601	234.1928554	181.481397918	177.820795022	172.474090455	191.517261968	207.661435956	189.452296413	160.068062603	214.494678244
234.026829972	179.989729959	136.271954202	168.029186507	208.969071648	240.70175424	175.372001527	191.287357221	285.302015061	226.905740803	229.466557939	227.905946421	170.782198852	245.291964955	206.484441556	211.976667414	189.574340784	250.13930561	161.961201768	156.655190548	175.631337956	222.642928651	211.031928097	189.699703871	150.221447057	214.506303958	180.782842541	184.423940706	150.883769176	258.530832885	270.951687246	182.711633585	181.519660791
197.354898644	224.260465788	200.187941715	170.532511839	191.806003841	223.168966874	229.504351315	255.02460067	226.905740803	285.302015061	234.895262595	261.78103449	208.516352066	208.814054937	208.537298889	200.276799828	214.636344337	228.310985979	205.253408911	198.076313968	183.691373981	208.577536252	233.6663034	214.770380709	217.68799299	203.849618484	194.252866056	193.555174289	189.991394166	241.247529558	229.444338964	165.621999536	221.219372232
194.951361033	183.182390978	171.548568693	173.700673387	182.692906974	201.41624688	203.371865863	221.76727873	229.466557939	234.895262595	285.302015061	247.428876527	171.990863232	223.020285331	257.682339196	174.635594837	218.313358731	249.138619593	186.171541555	175.315110018	173.608575947	215.541582602	260.739092343	212.540493497	194.527802412	208.740682852	183.36282953	194.06744	174.880291179	229.537227626	240.165505933	216.731694721	208.444412248
197.727859721	200.294386487	184.897816139	171.64753897	173.162102961	206.007554425	214.595465888	254.559419933	227.905946421	261.78103449	247.428876527	285.302015061	185.303874013	209.205659939	215.453664424	173.56413834	217.030190506	229.567406077	187.398183233	173.062782576	164.026424243	194.727034543	244.057640576	198.533230976	204.399876235	192.789890935	176.330026906	174.090907226	175.792283804	233.328516079	232.316936205	180.709966307	207.575023269
153.940841623	233.976463933	183.407118187	138.586556376	203.127928922	216.365993702	225.777402218	184.541018689	170.782198852	208.516352066	171.990863232	185.303874013	285.302015061	137.284304323	149.044255948	226.92504563	163.369814997	165.821562214	188.594654762	202.863530847	199.254659728	177.99952433	163.925569719	223.812578272	200.153306806	169.457348759	216.225047434	186.930261687	188.28109119	188.417215267	166.902571478	126.035172868	190.453590703
210.792700075	154.13844427	123.203822887	162.519904053	189.471431032	211.178850889	152.522234006	170.681268417	245.291964955	208.814054937	223.020285331	209.205659939	137.284304323	285.302015061	209.305418127	181.432277264	175.107518307	238.483914492	145.048669027	140.960335446	163.387762132	210.419721822	195.803533585	172.631748752	133.184297694	204.073694291	155.606097851	177.583915992	133.90055657	233.431667809	251.867722198	183.042441593	154.940631257
173.196307126	169.233841375	153.093432897	173.255803763	180.533557111	191.039275077	174.512491551	200.700312792	206.484441556	208.537298889	257.682339196	215.453664424	149.044255948	209.305418127	285.302015061	169.457513728	208.225246053	247.214519524	185.791008627	168.646149602	174.694695835	222.122806715	255.790034266	210.753755945	181.075896161	220.02097262	188.712414729	218.187913665	174.175271117	216.369143593	220.317101147	230.595918735	196.215734093
181.84364488	227.845701432	166.806207002	150.865201381	243.909152831	264.957931614	197.334153115	162.452653978	211.976667414	200.276799828	174.635594837	173.56413834	226.92504563	181.432277264	169.457513728	285.302015061	154.266432764	200.98164144	182.965835356	201.506138295	224.422495929	228.70065996	160.647683843	235.831036951	176.86386957	211.43233312	229.263452766	221.40654735	187.757992961	224.13864647	206.465768593	150.936166698	192.120583016
167.935323641	180.932145225	164.511365784	144.401346092	160.376438538	181.375316248	192.845606375	212.54851999	189.574340784	214.636344337	218.313358731	217.030190506	163.369814997	175.107518307	208.225246053	154.266432764	285.302015061	205.923316411	176.492026961	155.670277775	148.551098588	189.555316768	230.160324598	189.917977728	185.394083123	192.513977725	166.412533921	174.7692545	167.792370957	205.569689193	197.74733934	173.770071735	199.791602454
215.855951986	183.086854654	147.725730362	171.20593427	197.518209168	228.175901056	176.440188479	194.792633762	250.13930561	228.310985979	249.138619593	229.567406077	165.821562214	238.483914492	247.214519524	200.98164144	205.923316411	285.302015061	180.109348867	159.510643386	198.69157227	235.346136028	241.883207121	205.406650073	169.308112278	229.192466758	186.546200737	209.327703668	162.597617732	259.878254403	263.480205116	213.773108336	194.561325598
135.33786435	204.343551895	190.678239361	133.977736346	173.602204153	191.562370792	202.482352324	198.399859687	161.961201768	205.253408911	186.171541555	187.398183233	188.594654762	145.048669027	185.791008627	182.965835356	176.492026961	180.109348867	285.302015061	186.974696556	187.626881593	205.471174192	193.474110544	225.714559984	216.181496537	197.414869973	217.141067443	208.225520398	207.239657588	190.193007492	158.189694679	152.271024337	212.224349423
134.847333358	222.085526625	188.991666056	131.461634667	187.575818929	201.339581299	215.973155015	185.279615472	156.655190548	198.076313968	175.315110018	173.062782576	202.863530847	140.960335446	168.646149602	201.506138295	155.670277775	159.510643386	186.974696556	285.302015061	196.919122257	186.445792026	171.379952691	224.945476404	207.452809276	178.319247446	209.053393251	195.130430628	193.495139871	179.347930086	158.643488351	129.513939799	198.255002389
146.089089079	206.952489977	172.252367447	136.735229865	205.277746481	221.55164255	190.171118427	151.634368139	175.631337956	183.691373981	173.608575947	164.026424243	199.254659728	163.387762132	174.694695835	224.422495929	148.551098588	198.69157227	187.626881593	196.919122257	285.302015061	210.568139863	166.378627834	230.098227149	185.244973354	204.644600165	212.14049451	215.094023807	178.863964167	205.22406795	182.22546804	157.102331697	192.482187935
192.988647008	195.056013336	157.177511262	153.142983881	227.389187692	243.493765307	179.42076707	184.390228569	222.642928651	208.577536252	215.541582602	194.727034543	177.99952433	210.419721822	222.122806715	228.70065996	189.555316768	235.346136028	205.471174192	186.445792026	210.568139863	285.302015061	204.603575886	234.009913295	185.074742468	251.608763427	225.56152743	246.655773771	190.074409398	240.612435166	223.227473943	187.968498339	203.99185162
178.864252609	186.866136514	174.73576399	165.508053264	170.437147668	191.930617919	205.156475803	239.250908663	211.031928097	233.6663034	260.739092343	244.057640576	163.925569719	195.803533585	255.790034266	160.647683843	230.160324598	241.883207121	193.474110544	171.379952691	166.378627834	204.603575886	285.302015061	206.512114703	205.003963635	201.981952533	185.544893612	194.479777487	175.973554111	224.795673823	219.918570564	214.90412326	214.664102062
155.491974555	239.763087589	199.439507484	150.319801742	229.079850421	230.508335909	232.564388552	201.334306601	189.699703871	214.770380709	212.540493497	198.533230976	223.812578272	172.631748752	210.753755945	235.831036951	189.917977728	205.406650073	225.714559984	224.945476404	230.098227149	234.009913295	206.512114703	285.302015061	233.503362161	226.992972618	262.044825633	248.204228668	226.676348557	212.127651146	186.878528195	175.990092203	231.974720046
133.50096388	226.536746512	210.493172951	132.786746452	170.956012714	180.9114269	241.860205085	234.1928554	150.221447057	217.68799299	194.527802412	204.399876235	200.153306806	133.184297694	181.075896161	176.86386957	185.394083123	169.308112278	216.181496537	207.452809276	185.244973354	185.074742468	205.003963635	233.503362161	285.302015061	181.910156232	213.004624666	195.998037357	216.360376848	174.994151209	147.830914367	142.927525712	221.517996904
182.146809817	184.635573203	155.492350972	151.480679442	214.069510072	226.84248583	178.705899073	181.481397918	214.506303958	203.849618484	208.740682852	192.789890935	169.457348759	204.073694291	220.02097262	211.43233312	192.513977725	229.192466758	197.414869973	178.319247446	204.644600165	251.608763427	201.981952533	226.992972618	181.910156232	285.302015061	220.809394721	236.201213358	187.580836346	233.188921882	216.281025382	189.899970632	204.395524482
149.30027342	223.564333256	174.561843022	143.96151241	224.126961891	225.321858169	210.462885528	177.820795022	180.782842541	194.252866056	183.36282953	176.330026906	216.225047434	155.606097851	188.712414729	229.263452766	166.412533921	186.546200737	217.141067443	209.053393251	212.14049451	225.56152743	185.544893612	262.044825633	213.004624666	220.809394721	285.302015061	245.233415364	211.653224174	199.753377756	173.049901388	160.71039473	208.640320932
157.508748748	198.718583176	157.269724592	152.208403563	214.531694752	218.505429584	181.366990094	172.474090455	184.423940706	193.555174289	194.06744	174.090907226	186.930261687	177.583915992	218.187913665	221.40654735	174.7692545	209.327703668	208.225520398	195.130430628	215.094023807	246.655773771	194.479777487	248.204228668	195.998037357	236.201213358	245.233415364	285.302015061	202.270693388	209.872356836	183.853616611	173.12019575	201.187109062
127.959159435	209.470712567	185.770536649	137.139555912	176.784223952	181.450542518	203.512257905	191.517261968	150.883769176	189.991394166	174.880291179	175.792283804	188.28109119	133.90055657	174.175271117	187.757992961	167.792370957	162.597617732	207.239657588	193.495139871	178.863964167	190.074409398	175.973554111	226.676348557	216.360376848	187.580836346	211.653224174	202.270693388	285.302015061	164.870029185	145.22328899	138.497513015	200.178122082
220.386194228	202.30328866	163.846604817	165.188222645	217.666255919	253.515903913	191.645103794	207.661435956	258.530832885	241.247529558	229.537227626	233.328516079	188.417215267	233.431667809	216.369143593	224.13864647	205.569689193	259.878254403	190.193007492	179.347930086	205.22406795	240.612435166	224.795673823	212.127651146	174.994151209	233.188921882	199.753377756	209.872356836	164.870029185	285.302015061	263.755490299	190.043529025	200.864241665
235.742639408	176.402200559	139.508561271	175.92005513	203.592463012	241.582696302	169.969842427	189.452296413	270.951687246	229.444338964	240.165505933	232.316936205	166.902571478	251.867722198	220.317101147	206.465768593	197.74733934	263.480205116	158.189694679	158.643488351	182.22546804	223.227473943	219.918570564	186.878528195	147.830914367	216.281025382	173.049901388	183.853616611	145.22328899	263.755490299	285.302015061	195.627968329	180.619616025
162.326442982	140.239473084	121.590772465	160.622061715	161.427278559	172.9134222	152.940748646	160.068062603	182.711633585	165.621999536	216.731694721	180.709966307	126.035172868	183.042441593	230.595918735	150.936166698	173.770071735	213.773108336	152.271024337	129.513939799	157.102331697	187.968498339	214.90412326	175.990092203	142.927525712	189.899970632	160.71039473	173.12019575	138.497513015	190.043529025	195.627968329	285.302015061	152.142875671
152.691382439	212.707043081	206.004757261	150.743009887	183.73672913	204.290697371	222.420339176	214.494678244	181.519660791	221.219372232	208.444412248	207.575023269	190.453590703	154.940631257	196.215734093	192.120583016	199.791602454	194.561325598	212.224349423	198.255002389	192.482187935	203.99185162	214.664102062	231.974720046	221.517996904	204.395524482	208.640320932	201.187109062	200.178122082	200.864241665	180.619616025	152.142875671	285.302015061
Genotype stats (X^T * X): 	76.7683660814
Gene expression - Genotype stats (Y^T * X): 
-15.327270127	-15.1407403584	-19.0233937305	-9.71191041639	-21.7752919396	-21.853461017	-19.7724214369	-14.1211988062	-26.6606051227	-15.9820242101	-31.3093994317	-20.645528647	-18.5413925134	-25.0787839612	-28.6258933851	-16.9691749105	-22.4959639659	-29.4826553147	-19.9618694976	-19.111622961	-22.359006211	-23.4220180758	-30.3957855572	-22.030750595	-15.8353412188	-28.8882392296	-22.7718779419	-22.9110124234	-17.0324995852	-27.6130536034	-28.8331431158	-27.224427488	-29.44439178