Tissue	adiposesubcutaneous
N_samples	295
Chr	17
Gene	ENSG00000171345.9
SNP	rs11078998
Gene_list	ENSG00000178372.6	ENSG00000089356.12	ENSG00000171346.9	ENSG00000171345.9	ENSG00000186847.5	ENSG00000128422.11	ENSG00000161798.6	ENSG00000172551.6	ENSG00000124935.3	ENSG00000110484.6	ENSG00000159763.3
Gene expression stats (Y^T * Y): 
285.302015061	243.872956885	248.251576216	198.922218711	242.795494523	247.414975301	224.440173496	191.345837272	209.372583038	181.978553554	218.931867635
243.872956885	285.302015061	249.826473564	228.148996092	248.062763246	240.846205351	242.30199697	177.819528982	225.49543503	178.29090758	231.96902348
248.251576216	249.826473564	285.302015061	225.73215976	260.625949957	248.755396329	247.12654686	216.208344882	240.386844295	208.057541804	246.90513942
198.922218711	228.148996092	225.73215976	285.302015061	217.142088654	196.069785513	239.170542035	193.454743947	216.128019283	184.668109744	223.928491428
242.795494523	248.062763246	260.625949957	217.142088654	285.302015061	250.166222744	232.296713152	192.253873636	244.215349325	197.162052833	243.002789443
247.414975301	240.846205351	248.755396329	196.069785513	250.166222744	285.302015061	234.976627119	174.989364007	244.087850762	194.738265524	235.988491476
224.440173496	242.30199697	247.12654686	239.170542035	232.296713152	234.976627119	285.302015061	208.343184056	250.635078149	206.673115658	258.489490951
191.345837272	177.819528982	216.208344882	193.454743947	192.253873636	174.989364007	208.343184056	285.302015061	207.681557482	254.707530437	217.739170746
209.372583038	225.49543503	240.386844295	216.128019283	244.215349325	244.087850762	250.635078149	207.681557482	285.302015061	234.641472434	270.107311283
181.978553554	178.29090758	208.057541804	184.668109744	197.162052833	194.738265524	206.673115658	254.707530437	234.641472434	285.302015061	213.772350499
218.931867635	231.96902348	246.90513942	223.928491428	243.002789443	235.988491476	258.489490951	217.739170746	270.107311283	213.772350499	285.302015061
Genotype stats (X^T * X): 	90.9951737288
Gene expression - Genotype stats (Y^T * X): 
12.010111525	12.6930143066	18.3469435695	29.2370033912	15.975122065	14.8912910336	15.7879063781	11.7174968357	16.658868769	18.310201871	14.1006198735