Tissue	adiposesubcutaneous
N_samples	295
Chr	17
Gene	ENSG00000161960.10
SNP	rs12940684
Gene_list	ENSG00000161960.10	ENSG00000060138.8	ENSG00000125148.6	ENSG00000205362.6	ENSG00000187193.8	ENSG00000105835.7	ENSG00000166741.3	ENSG00000112096.12
Gene expression stats (Y^T * Y): 
285.302015061	174.368330415	210.818023256	179.04899953	181.33375796	173.869719239	216.539250479	191.133759583
174.368330415	285.302015061	163.563741638	126.199300105	152.819342795	179.915125873	188.303026298	193.888419268
210.818023256	163.563741638	285.302015061	198.607089382	238.097188094	191.656339412	222.444167883	182.09332031
179.04899953	126.199300105	198.607089382	285.302015061	211.455917539	125.491219483	178.555888321	105.536260766
181.33375796	152.819342795	238.097188094	211.455917539	285.302015061	146.881894548	216.842471558	165.5476129
173.869719239	179.915125873	191.656339412	125.491219483	146.881894548	285.302015061	178.665107126	202.09165988
216.539250479	188.303026298	222.444167883	178.555888321	216.842471558	178.665107126	285.302015061	207.193303526
191.133759583	193.888419268	182.09332031	105.536260766	165.5476129	202.09165988	207.193303526	285.302015061
Genotype stats (X^T * X): 	136.047457627
Gene expression - Genotype stats (Y^T * X): 
40.6833520805	38.992078689	32.1393268151	22.8856925811	39.4065671043	37.2813442808	48.0466906615	47.8799996896