Tissue	adiposesubcutaneous
N_samples	295
Chr	18
Gene	ENSG00000176194.13
SNP	rs4797650
Gene_list	ENSG00000176194.13	ENSG00000165269.8	ENSG00000079435.5	ENSG00000135447.12	ENSG00000176485.6	ENSG00000170323.4	ENSG00000196616.8
Gene expression stats (Y^T * Y): 
285.302015061	189.216449712	183.489891029	182.926848562	216.332972281	171.677541661	171.567068503
189.216449712	285.302015061	150.78093571	128.358863284	187.188765985	150.455200399	97.9731812399
183.489891029	150.78093571	285.302015061	197.866352347	217.446846111	182.113905509	192.759431517
182.926848562	128.358863284	197.866352347	285.302015061	205.547817412	155.737674913	154.558048579
216.332972281	187.188765985	217.446846111	205.547817412	285.302015061	180.773832482	143.391912417
171.677541661	150.455200399	182.113905509	155.737674913	180.773832482	285.302015061	132.699723901
171.567068503	97.9731812399	192.759431517	154.558048579	143.391912417	132.699723901	285.302015061
Genotype stats (X^T * X): 	110.572344834
Gene expression - Genotype stats (Y^T * X): 
-47.5511366715	-40.4981348955	-31.3001325036	-30.1786856325	-33.7639421381	-20.6607989061	-36.4725171912