Tissue	adiposesubcutaneous
N_samples	295
Chr	12
Gene	ENSG00000089127.8
SNP	rs4583033
Gene_list	ENSG00000107201.5	ENSG00000157601.9	ENSG00000138642.10	ENSG00000119917.9	ENSG00000089127.8	ENSG00000111331.8	ENSG00000111335.8
Gene expression stats (Y^T * Y): 
285.302015061	185.291744738	209.244075717	208.937376877	172.106428758	210.467783194	227.421062061
185.291744738	285.302015061	188.592300511	201.339218659	176.13614326	211.401564848	208.495401382
209.244075717	188.592300511	285.302015061	173.075065529	171.69330197	206.92967207	218.243141497
208.937376877	201.339218659	173.075065529	285.302015061	172.758193812	198.634551462	206.252868468
172.106428758	176.13614326	171.69330197	172.758193812	285.302015061	183.987239998	187.264965969
210.467783194	211.401564848	206.92967207	198.634551462	183.987239998	285.302015061	237.97310141
227.421062061	208.495401382	218.243141497	206.252868468	187.264965969	237.97310141	285.302015061
Genotype stats (X^T * X): 	116.183050847
Gene expression - Genotype stats (Y^T * X): 
-23.6011117411	-32.6694416086	-24.1721054562	-19.8792144884	-51.304895667	-31.2216278572	-30.8967507388