Tissue	adiposesubcutaneous
N_samples	295
Chr	2
Gene	ENSG00000119888.6
SNP	rs112628241
Gene_list	ENSG00000162069.10	ENSG00000007062.7	ENSG00000171243.7	ENSG00000158055.11	ENSG00000131941.3	ENSG00000124664.6	ENSG00000135373.8	ENSG00000108244.12	ENSG00000167183.2	ENSG00000119888.6	ENSG00000176387.6	ENSG00000116039.7	ENSG00000134873.5	ENSG00000116299.12	ENSG00000114547.5	ENSG00000182600.5
Gene expression stats (Y^T * Y): 
285.302015061	146.527458623	186.9255977	-128.614031675	155.621942067	214.009960744	233.718268344	192.15487656	227.191879607	190.531891835	165.085209163	167.487862857	160.700126607	203.240337369	203.171579684	175.78685622
146.527458623	285.302015061	174.67271037	-151.759751904	165.759526638	194.53691084	185.75343989	143.709424828	190.573858559	184.521424688	137.829324431	143.273069512	157.015622314	186.46474775	158.590300713	165.755818512
186.9255977	174.67271037	285.302015061	-159.26372887	164.556653822	242.669908345	224.333504494	174.402882477	234.474932217	211.297426517	181.224861432	182.47433258	189.394989978	223.576135197	186.09387587	208.627264855
-128.614031675	-151.759751904	-159.26372887	285.302015061	-155.364363499	-179.31127455	-171.176723096	-102.257877853	-189.229538477	-173.491781271	-133.678164832	-132.134228831	-145.054090903	-172.400768112	-150.358939892	-151.354429004
155.621942067	165.759526638	164.556653822	-155.364363499	285.302015061	189.194171727	188.992035365	160.900424314	201.083943854	174.208661806	167.514573484	161.483401711	170.337621705	177.476836646	160.940080461	180.138850773
214.009960744	194.53691084	242.669908345	-179.31127455	189.194171727	285.302015061	248.038254864	204.921396686	267.677403012	233.433196794	211.573691997	208.662559649	209.04259376	253.58250085	207.598510291	235.878716028
233.718268344	185.75343989	224.333504494	-171.176723096	188.992035365	248.038254864	285.302015061	187.524345129	255.2700374	224.07719901	192.300183629	195.535913419	192.13284282	237.736284249	197.346081279	209.343336896
192.15487656	143.709424828	174.402882477	-102.257877853	160.900424314	204.921396686	187.524345129	285.302015061	203.617675573	180.451910984	179.161641618	174.147854895	155.126601336	196.200358307	184.604612628	176.044444712
227.191879607	190.573858559	234.474932217	-189.229538477	201.083943854	267.677403012	255.2700374	203.617675573	285.302015061	240.48214113	215.268305726	210.856705979	206.300584095	249.813186511	213.286256045	230.303840194
190.531891835	184.521424688	211.297426517	-173.491781271	174.208661806	233.433196794	224.07719901	180.451910984	240.48214113	285.302015061	190.009023263	186.306879415	187.64019533	215.661592837	181.885536164	195.690403728
165.085209163	137.829324431	181.224861432	-133.678164832	167.514573484	211.573691997	192.300183629	179.161641618	215.268305726	190.009023263	285.302015061	202.345149972	172.924824795	194.520245137	170.636777186	199.214501832
167.487862857	143.273069512	182.47433258	-132.134228831	161.483401711	208.662559649	195.535913419	174.147854895	210.856705979	186.306879415	202.345149972	285.302015061	174.734604313	195.498945155	170.347296965	198.680141253
160.700126607	157.015622314	189.394989978	-145.054090903	170.337621705	209.04259376	192.13284282	155.126601336	206.300584095	187.64019533	172.924824795	174.734604313	285.302015061	194.01515668	152.754197465	191.930007181
203.240337369	186.46474775	223.576135197	-172.400768112	177.476836646	253.58250085	237.736284249	196.200358307	249.813186511	215.661592837	194.520245137	195.498945155	194.01515668	285.302015061	200.302864152	222.104975451
203.171579684	158.590300713	186.09387587	-150.358939892	160.940080461	207.598510291	197.346081279	184.604612628	213.286256045	181.885536164	170.636777186	170.347296965	152.754197465	200.302864152	285.302015061	188.295386671
175.78685622	165.755818512	208.627264855	-151.354429004	180.138850773	235.878716028	209.343336896	176.044444712	230.303840194	195.690403728	199.214501832	198.680141253	191.930007181	222.104975451	188.295386671	285.302015061
Genotype stats (X^T * X): 	41.9567935119
Gene expression - Genotype stats (Y^T * X): 
8.67651556964	11.9414334374	11.446155872	-14.0686621225	15.9315873572	15.1415103039	8.16531952139	10.0507481085	15.5718742731	32.0845836981	6.21001363652	7.43480297886	11.3634661593	8.57154164634	10.1027531811	7.97721738863