Tissue	adiposesubcutaneous
N_samples	295
Chr	8
Gene	ENSG00000168079.12
SNP	rs9650427
Gene_list	ENSG00000197614.6	ENSG00000168079.12	ENSG00000168477.13	ENSG00000166147.9	ENSG00000138615.4	ENSG00000113758.9
Gene expression stats (Y^T * Y): 
285.302015061	185.819516821	175.39091334	214.168114137	218.605710446	166.296138832
185.819516821	285.302015061	200.753189389	202.007176684	186.310389518	183.475195973
175.39091334	200.753189389	285.302015061	201.991015368	158.115448117	155.019114105
214.168114137	202.007176684	201.991015368	285.302015061	160.929119917	154.180609113
218.605710446	186.310389518	158.115448117	160.929119917	285.302015061	149.469574153
166.296138832	183.475195973	155.019114105	154.180609113	149.469574153	285.302015061
Genotype stats (X^T * X): 	151.659402386
Gene expression - Genotype stats (Y^T * X): 
11.9157325471	43.8937156004	29.266700921	21.7194939629	14.5313201291	31.1883152957