Tissue	adiposesubcutaneous
N_samples	295
Chr	7
Gene	ENSG00000177409.7
SNP	rs76082718
Gene_list	ENSG00000107201.5	ENSG00000133106.10	ENSG00000177409.7	ENSG00000111331.8	ENSG00000111335.8	ENSG00000115267.5
Gene expression stats (Y^T * Y): 
285.302015061	185.911619117	175.488140458	210.467783194	227.421062061	204.091928337
185.911619117	285.302015061	173.053526835	218.047568436	207.455691082	175.721331858
175.488140458	173.053526835	285.302015061	177.291811665	178.877960707	174.456465057
210.467783194	218.047568436	177.291811665	285.302015061	237.97310141	189.233879524
227.421062061	207.455691082	178.877960707	237.97310141	285.302015061	192.119859439
204.091928337	175.721331858	174.456465057	189.233879524	192.119859439	285.302015061
Genotype stats (X^T * X): 	23.9554094373
Gene expression - Genotype stats (Y^T * X): 
2.85849669636	0.122703029586	-23.4274000895	-0.205004667901	3.32944941535	-1.31244629949