Tissue	adiposesubcutaneous
N_samples	295
Chr	14
Gene	ENSG00000197616.7
SNP	rs2284653
Gene_list	ENSG00000077009.9	ENSG00000129170.4	ENSG00000197616.7	ENSG00000092054.12	ENSG00000106631.4	ENSG00000160808.5	ENSG00000134571.6	ENSG00000129991.8	ENSG00000148677.6	ENSG00000172399.5	ENSG00000170807.11	ENSG00000118194.14
Gene expression stats (Y^T * Y): 
285.302015061	211.589905901	173.803341549	204.136476927	161.628850831	167.19312741	156.829615215	164.915857919	174.169388573	148.517393382	210.493172951	149.430690257
211.589905901	285.302015061	198.07874021	229.524828034	168.166006376	195.807618366	182.602656677	189.476922655	215.94704655	171.849597008	241.860205085	177.313997431
173.803341549	198.07874021	285.302015061	201.429945143	225.893587913	185.116422253	243.631973969	236.878341071	251.055090484	178.935974141	196.970953654	209.873263584
204.136476927	229.524828034	201.429945143	285.302015061	167.508023501	240.998997359	223.075965309	229.390284311	213.755045414	180.387410859	234.1928554	211.552456559
161.628850831	168.166006376	225.893587913	167.508023501	285.302015061	146.820780312	190.528141131	199.04488573	193.742449693	131.835127394	162.455072337	191.812419853
167.19312741	195.807618366	185.116422253	240.998997359	146.820780312	285.302015061	209.385667966	209.014857015	186.508714682	169.876743707	200.684106976	183.443458741
156.829615215	182.602656677	243.631973969	223.075965309	190.528141131	209.385667966	285.302015061	265.463886128	235.604926285	173.99702262	188.99542491	227.802979324
164.915857919	189.476922655	236.878341071	229.390284311	199.04488573	209.014857015	265.463886128	285.302015061	233.803723428	167.289209813	188.153642976	242.92850245
174.169388573	215.94704655	251.055090484	213.755045414	193.742449693	186.508714682	235.604926285	233.803723428	285.302015061	172.797045545	209.390953349	204.385762503
148.517393382	171.849597008	178.935974141	180.387410859	131.835127394	169.876743707	173.99702262	167.289209813	172.797045545	285.302015061	180.943855525	139.35437623
210.493172951	241.860205085	196.970953654	234.1928554	162.455072337	200.684106976	188.99542491	188.153642976	209.390953349	180.943855525	285.302015061	171.283458397
149.430690257	177.313997431	209.873263584	211.552456559	191.812419853	183.443458741	227.802979324	242.92850245	204.385762503	139.35437623	171.283458397	285.302015061
Genotype stats (X^T * X): 	118.263107342
Gene expression - Genotype stats (Y^T * X): 
-13.9440960902	-26.5599944759	-34.4909000587	-24.3607991033	-28.3438122634	-19.7534614324	-26.7441508475	-26.9552965202	-38.0080128674	-39.2935064226	-31.5629494827	-23.3157753421