Tissue	adiposesubcutaneous
N_samples	295
Chr	17
Gene	ENSG00000131469.8
SNP	rs8067269
Gene_list	ENSG00000115268.5	ENSG00000171863.8	ENSG00000130255.8	ENSG00000116251.5	ENSG00000161970.8	ENSG00000166441.8	ENSG00000144713.8	ENSG00000110700.2	ENSG00000105640.8	ENSG00000221983.3	ENSG00000134419.11	ENSG00000137154.8	ENSG00000174748.14	ENSG00000142676.8	ENSG00000198242.9	ENSG00000231500.2	ENSG00000124614.9	ENSG00000198755.6	ENSG00000125691.8	ENSG00000108298.5	ENSG00000168028.9	ENSG00000105193.4	ENSG00000188846.9	ENSG00000145592.9	ENSG00000131469.8	ENSG00000105372.2	ENSG00000142937.7	ENSG00000265681.2	ENSG00000063177.8	ENSG00000142541.12	ENSG00000142534.2	ENSG00000213741.4	ENSG00000162244.6	ENSG00000123349.9	ENSG00000170889.9	ENSG00000143947.8	ENSG00000108107.8	ENSG00000229117.4	ENSG00000008988.5	ENSG00000196531.6	ENSG00000083845.4	ENSG00000171858.13	ENSG00000149806.6	ENSG00000137818.7	ENSG00000172809.8	ENSG00000145741.11	ENSG00000147604.9	ENSG00000149273.10	ENSG00000138326.14	ENSG00000186468.8	ENSG00000127184.6	ENSG00000167526.9	ENSG00000122406.8	ENSG00000156482.6	ENSG00000114391.8	ENSG00000071082.6	ENSG00000109475.12	ENSG00000089009.11	ENSG00000118181.6	ENSG00000136942.10	ENSG00000197958.8	ENSG00000112306.7	ENSG00000148303.12	ENSG00000104529.13	ENSG00000161016.11	ENSG00000164587.7	ENSG00000145425.5	ENSG00000177954.7	ENSG00000182899.10	ENSG00000114942.9	ENSG00000197756.5
Gene expression stats (Y^T * Y): 
285.302015061	191.531700907	252.946524807	161.357635272	184.809870379	217.050443989	227.970346084	188.557312789	255.145962716	217.47537287	220.154006155	187.489686516	189.263504157	214.360159987	210.666088989	174.119025567	240.592721843	191.511580322	201.514396624	237.310487339	163.667825809	253.023838908	170.074008703	220.948461992	233.025997235	228.490452934	218.963990207	209.827962676	249.748830097	233.12034704	234.53212776	228.005960501	219.180210169	180.866433958	230.41073567	212.113383682	216.200015817	230.791185898	167.931053848	134.652336213	225.032401444	250.573438311	236.786929888	242.909998158	242.801386993	129.93043314	137.81700271	210.579600144	170.554947097	219.6529277	124.878141467	256.294598205	145.986502967	190.448562241	204.604144503	212.153326067	202.305132314	134.363106092	197.060903344	253.658905852	202.641276796	206.782630198	207.494304777	210.411442139	207.13552455	208.642850927	170.447519756	192.059443898	211.574187077	134.433273281	239.041587585
191.531700907	285.302015061	203.038648392	189.621232626	216.91045178	195.896029155	233.499883294	210.733804127	192.410688692	179.816721803	229.19975235	220.908121236	192.620459037	221.48314233	226.823787108	187.799635053	203.1349386	192.473797298	228.845971035	213.580275304	169.678687097	206.808190302	199.107334168	195.546126306	240.867071422	184.638414465	208.202404445	217.293528004	191.000611368	187.333349404	195.844452334	206.969531299	210.188393155	176.840611812	172.719521438	217.514597297	149.80182547	202.989076188	187.029305123	190.991402261	194.061097008	206.814785272	182.909492219	172.59576102	209.430761122	185.57590731	197.309330464	205.306248619	216.248112339	211.078899021	152.716676862	175.550485734	203.29316879	204.794237666	223.216604338	217.464259594	209.779425053	185.571464044	211.534584261	212.738077618	196.225630301	206.841685821	211.269355978	169.673169097	182.658818574	175.133263186	206.756759066	151.735778015	212.501331038	206.519995156	218.373830402
252.946524807	203.038648392	285.302015061	183.496290674	193.139103031	217.026353997	234.520247096	192.168168377	252.046367264	221.502897413	225.941045936	206.703217663	195.822530903	223.000477717	226.235596151	190.310131801	242.807237724	201.398025629	214.958047242	241.204606689	170.023572606	250.032579692	185.927336844	237.809106619	229.785765856	241.294620303	223.111511915	224.316472705	241.112401451	238.480733105	231.593863052	227.793003733	225.359373022	177.793559683	227.015754195	220.200313978	214.235002822	238.067021153	163.197552838	141.817360799	219.310176549	245.061390595	230.605204547	230.637191178	244.236788269	147.325451918	156.655101659	217.457149826	179.189236777	214.490202341	132.011593083	247.702928198	164.067015838	195.55380938	208.790122069	224.257410356	202.0589373	141.254905817	188.31055618	251.438022864	217.644057359	216.530035316	216.141030032	214.343334491	221.479744742	203.389974153	180.328580513	190.421018728	212.56621807	150.255546016	243.014095356
161.357635272	189.621232626	183.496290674	285.302015061	176.998433757	152.436716227	213.585806053	175.169126908	155.804043055	158.659263398	199.413258489	185.883775494	163.09333921	209.111097701	204.698529667	169.431842842	177.97279095	166.099391186	216.935678232	201.478670997	104.827526933	185.143922894	180.102037771	218.913298416	201.610392741	155.949932322	174.728763451	191.5357079	161.517810695	179.04592401	187.646400141	185.46991002	182.044750678	151.011456737	144.392989763	204.715129745	127.553662637	199.837109082	171.907590172	170.88288426	152.689113877	173.705426751	193.088828401	158.441303161	222.693173036	170.854247512	179.883793307	164.629746011	179.601746452	218.068694184	148.895780532	147.776127525	172.001767166	206.487284179	192.820940679	216.586659655	184.090207008	143.08794056	173.355622164	167.184333481	175.222892678	186.580273752	180.682362922	161.501556321	159.970184687	179.37117628	173.777345199	138.100936195	207.532858188	164.478488258	203.220224979
184.809870379	216.91045178	193.139103031	176.998433757	285.302015061	232.088123453	240.808704	243.847781935	195.700475227	180.331786855	252.442564399	243.20268987	216.015716724	246.601466466	238.73606613	205.468705216	209.264476781	223.334982119	224.695895379	231.27954408	167.736053192	189.535033054	209.837588967	197.722002467	227.162430967	167.738153335	240.798246903	248.840264819	214.299526534	183.826273096	212.801063682	217.518379323	206.921228362	217.904039409	171.434835567	245.158447333	173.406610293	223.655376045	201.059991325	226.569382239	206.479591995	201.198774774	163.99299858	174.802608892	199.566724817	210.397362941	228.595247202	218.17715661	257.243033229	224.659468909	145.860868441	188.555127703	231.679167051	243.828522726	247.054351746	227.139072248	251.865723912	210.381912313	242.563487787	199.039255481	217.702344159	217.982316284	224.042271987	141.611553064	181.948734868	189.261584434	255.392446982	232.759566872	242.49206902	195.042811724	204.084212834
217.050443989	195.896029155	217.026353997	152.436716227	232.088123453	285.302015061	228.579745665	216.579152846	214.039148998	181.146864421	238.704679714	196.538339457	181.643282607	216.024149002	220.303910995	209.636173626	236.993584461	207.833059145	180.909325967	239.453109313	163.627492716	201.931814716	175.977114368	200.814685928	230.580132402	214.364015855	233.667635516	229.277342308	233.298081915	199.813576441	230.952510348	225.274368044	194.199271311	234.624771772	206.288583082	240.01250649	188.060830373	225.477095419	165.881417898	175.844293996	215.192386174	231.588463801	194.129007109	223.052211199	203.176374332	157.491211365	157.391636556	221.799449795	211.384239364	214.684973199	138.456027064	221.820114054	184.063834482	216.729547798	226.997160492	213.31723584	246.231713235	156.849857202	214.790938143	230.115359019	219.871023592	210.481707346	204.294471387	163.444373265	188.929797214	196.034405042	223.900300749	237.596101838	235.299005214	143.496886267	200.282728338
227.970346084	233.499883294	234.520247096	213.585806053	240.808704	228.579745665	285.302015061	236.796090788	234.472021147	220.436608964	256.371606612	240.12702551	221.758069875	253.545351512	253.91218534	220.99093248	241.610717952	235.083679078	236.229305633	265.168328996	174.073511032	240.348634109	220.831928464	242.042105064	245.859423964	212.595891845	244.609582938	247.149224646	249.484118847	232.382591739	255.809921012	237.779325009	238.583943379	208.718221823	213.219532181	248.680970572	194.566780682	249.533778486	199.950532271	203.749253647	236.979800363	244.486114635	232.481627982	203.785692273	242.496517654	202.426756133	210.260825795	232.790563379	228.676190337	246.71827545	139.079054052	220.158151603	218.64354381	253.595167371	256.583786765	262.707010401	241.601903702	191.32467145	224.93070395	237.759911317	237.087942013	228.962501405	245.654036764	204.503160383	226.569430872	223.10086846	225.787394033	223.598914319	253.677602665	182.049016649	249.338136323
188.557312789	210.733804127	192.168168377	175.169126908	243.847781935	216.579152846	236.796090788	285.302015061	190.421451452	181.281642043	242.148383849	228.594422966	216.490386891	234.895722955	228.23943107	195.401339457	219.241409176	219.204442128	215.820555583	223.939412781	170.890007281	188.371263287	210.057220565	182.142203256	230.947790132	156.464111913	229.688679145	230.200787388	216.488600613	164.403511124	212.738576438	220.467126089	216.689420143	197.588879024	172.47615095	233.74654065	155.386267254	206.46651623	212.271388984	222.918820973	208.038274377	205.485700483	167.576005354	168.888806093	194.184684244	223.671787254	228.075982808	196.315962816	230.350444563	217.61187681	153.306100298	185.70084018	226.860370811	246.769528469	243.0794761	231.479658865	232.98408472	212.191614729	242.058321129	208.40423385	214.790366918	216.600221375	205.924251076	149.302069692	175.994685025	188.179725592	241.077996637	229.847874874	242.392657687	173.26455582	201.13091064
255.145962716	192.410688692	252.046367264	155.804043055	195.700475227	214.039148998	234.472021147	190.421451452	285.302015061	228.762307675	220.247628253	214.581058429	225.220832999	214.680899582	220.926192107	194.280708203	243.653625543	221.781293792	206.005229194	248.085327856	202.5308957	258.384380714	193.114223945	213.986404639	219.063172133	234.524530512	235.876095398	229.618662968	259.7154843	250.185697702	238.920914547	223.36147071	229.86490058	160.221087099	242.905206895	217.066654799	227.959894122	232.434246062	157.562506496	139.74127955	249.351999942	247.186968757	228.557223407	233.051043474	222.06326567	149.198423001	164.405461975	237.246225395	190.606848371	221.112247939	104.860700681	253.67692242	177.719706373	192.77572115	209.721497121	224.312590983	198.032385985	171.14485175	183.975772777	244.404879617	216.429008597	221.790662082	236.049496406	213.989207302	232.945404742	209.894532264	185.186836645	195.390879927	203.767684295	168.067021497	238.789681597
217.47537287	179.816721803	221.502897413	158.659263398	180.331786855	181.146864421	220.436608964	181.281642043	228.762307675	285.302015061	206.745041629	186.922416587	197.682915116	211.438136133	211.562190013	169.350065844	214.90621853	195.951010266	216.274495446	217.69873306	183.501190397	227.605572688	193.13406995	200.562829041	210.233987566	180.429142357	198.657087156	187.382555904	217.513774207	223.226864572	220.998339258	214.503330516	217.977765431	153.612261957	214.144115008	184.994689982	195.569044443	220.168409373	186.003928736	136.055526833	216.238381072	212.768710178	207.500022606	184.112640713	201.588151235	146.470974102	169.419223135	189.030029213	174.250250898	192.792596765	130.099579922	207.702810521	154.147432551	197.168614913	194.87759374	220.049862392	171.238903589	164.377325554	171.268918492	216.456956721	186.498542532	205.095603472	215.961940041	190.04159815	204.793454686	197.060764058	165.386228415	173.602522949	189.372151137	141.817769634	232.79283373
220.154006155	229.19975235	225.941045936	199.413258489	252.442564399	238.704679714	256.371606612	242.148383849	220.247628253	206.745041629	285.302015061	225.44532961	213.499093438	248.678742035	249.973991763	194.766139534	241.927586826	226.572345047	237.532866242	243.308080576	166.653374656	228.640121775	210.970695534	212.996289479	255.643117571	198.032341122	239.009904735	245.078265164	235.876419361	206.383984272	244.056768103	239.734583149	226.346673743	220.950357757	202.50533529	252.670959695	183.430902779	240.148562699	207.779702436	209.110314446	214.005253766	238.057646323	204.924751851	199.764879348	228.814284361	207.149175256	214.15339537	228.329862179	235.916349034	243.323382124	173.344704449	218.755974366	208.289760589	247.29002209	251.581483798	247.256509625	253.200214096	189.204629347	238.962887946	231.796463361	220.645809964	219.477548182	225.807880025	174.343030904	194.913763043	206.089997674	244.572501736	232.178839488	261.505191949	170.466565136	230.569996408
187.489686516	220.908121236	206.703217663	185.883775494	243.20268987	196.538339457	240.12702551	228.594422966	214.581058429	186.922416587	225.44532961	285.302015061	228.095527349	242.148194062	231.599670071	205.838668856	210.530911667	226.262261531	228.193382977	232.992079118	192.419158028	207.038406791	219.600828316	200.912972004	215.311425856	180.660005293	243.391812157	243.827288409	215.633517324	208.1150648	204.36669581	199.51809892	219.614638746	161.138012596	185.254358613	227.181465169	185.437653746	217.444720971	182.76954712	204.27871172	222.525054758	194.873928397	172.137907395	183.113251588	197.78996694	199.138888371	235.620194627	227.499588928	238.555793045	219.769384917	115.749056793	191.137051679	238.595381737	219.327775556	237.250948733	226.234058311	212.934781655	215.044473384	216.425883704	197.868382971	219.745410941	235.55593327	238.328223649	185.329481262	212.545885323	188.115358178	234.680669244	190.923110979	214.092898106	231.030509032	212.933285617
189.263504157	192.620459037	195.822530903	163.09333921	216.015716724	181.643282607	221.758069875	216.490386891	225.220832999	197.682915116	213.499093438	228.095527349	285.302015061	219.937530987	216.315150944	191.037280807	210.023126418	229.063653705	214.166498679	220.961867435	194.638281185	208.134300891	215.01147816	173.103630756	195.681475553	156.645886529	234.6611387	216.520369472	222.001934876	193.997370314	205.183872899	190.756610232	224.186607075	131.056866773	201.0272691	196.254719931	182.48911997	196.528927758	166.773048482	185.339639708	220.562304522	193.002695073	175.488109774	161.135635235	180.617540829	203.02029744	226.821597848	221.400210414	218.631766698	209.197632916	117.261157264	204.691673972	222.79363231	204.64280223	216.833121829	231.847585996	183.438529311	216.36953022	194.387254603	189.492413522	195.321657859	206.019642368	238.1879469	160.322720187	210.051209264	181.392601889	213.243106938	188.994074635	195.52081701	181.675237013	207.335066126
214.360159987	221.48314233	223.000477717	209.111097701	246.601466466	216.024149002	253.545351512	234.895722955	214.680899582	211.438136133	248.678742035	242.148194062	219.937530987	285.302015061	240.051304558	207.684027596	221.760208679	220.033938594	244.420790578	247.774323388	161.282615447	217.061186329	224.680141832	227.032096452	232.856519831	172.997349855	233.797073803	234.845705927	229.698231459	212.027737655	228.49897705	223.905174446	245.757133439	209.124561909	190.191961791	232.224696007	173.890758121	243.698985582	226.824983919	225.74579027	217.967282553	208.007285968	203.529757147	182.328118612	234.968132326	220.284233522	232.898571615	209.925798824	231.137145882	223.846942159	147.258517264	206.891358544	232.489281535	253.139688527	249.945620278	242.271791312	229.537123159	208.406317306	241.59528687	218.399231353	224.851182749	230.332397325	236.564749112	188.593755312	200.842544307	215.505165477	230.886915582	218.85298793	243.543936289	180.338229145	240.857549051
210.666088989	226.823787108	226.235596151	204.698529667	238.73606613	220.303910995	253.91218534	228.23943107	220.926192107	211.562190013	249.973991763	231.599670071	216.315150944	240.051304558	285.302015061	200.070271694	231.824882627	225.563643451	242.849616451	249.514199317	180.970419705	236.290945253	225.188664049	219.695884946	240.777188375	194.406402888	237.319745127	235.852728308	222.739517053	219.37289678	235.936975871	215.170212653	227.623866019	182.839067112	198.118761741	241.94020216	171.802064977	237.734306925	191.403912075	198.77870729	216.385187107	228.047033632	211.58330944	197.903314001	225.838957606	203.720177556	220.068956847	223.322983945	231.208954656	240.552486207	174.994623244	206.17651929	217.572547252	235.458868428	233.862642782	248.705284584	224.454842993	191.225074516	220.553150254	216.974735074	211.580060464	223.814315461	233.560763232	197.798274057	212.538422065	202.840465376	228.153559237	207.961325165	234.247802787	194.458093449	243.240107734
174.119025567	187.799635053	190.310131801	169.431842842	205.468705216	209.636173626	220.99093248	195.401339457	194.280708203	169.350065844	194.766139534	205.838668856	191.037280807	207.684027596	200.070271694	285.302015061	205.763804214	204.891155563	183.130302151	224.297291652	180.847878241	173.608529235	180.114995394	203.943210471	195.397414173	191.795660424	224.160869655	213.844561539	204.398503356	198.308126458	200.551869597	201.99668297	192.620842061	181.672445484	186.47621843	208.776715319	183.726703317	213.949578105	151.04466064	160.117785822	210.549994452	186.454942353	170.405943093	183.277591832	178.158399403	163.6410907	169.921972363	208.49156307	206.00518414	200.294913429	89.509113208	173.448014024	192.94693187	194.979940323	206.460562414	216.608208488	197.348053407	174.139751789	176.481231013	193.253724543	217.351064935	224.114953025	220.01577153	146.021758189	197.38238603	179.035136644	188.309865472	181.529643784	197.384123583	178.505057733	197.410661453
240.592721843	203.1349386	242.807237724	177.97279095	209.264476781	236.993584461	241.610717952	219.241409176	243.653625543	214.90621853	241.927586826	210.530911667	210.023126418	221.760208679	231.824882627	205.763804214	285.302015061	222.458208373	207.812132062	250.906862328	201.173992423	239.234931882	190.185421048	218.856158009	246.665950448	235.005080968	236.885872331	238.194032662	248.141230371	228.770098522	246.043268719	241.477432372	219.808662382	189.91070485	230.383611731	241.894730385	208.158526186	237.201625182	168.549518525	154.664652549	240.287089534	254.003382447	223.983455873	235.477707844	223.270384836	162.123765907	178.146165591	234.642612678	203.540041212	238.002899283	151.184924636	237.081134951	184.269643589	214.429019044	227.02751013	237.81685981	221.718236587	172.374354858	202.331171416	249.447747585	215.44975747	232.61104901	229.464914644	198.888464585	214.595832965	212.660691585	207.057768925	223.033302688	233.060801371	160.887218782	230.150793495
191.511580322	192.473797298	201.398025629	166.099391186	223.334982119	207.833059145	235.083679078	219.204442128	221.781293792	195.951010266	226.572345047	226.262261531	229.063653705	220.033938594	225.563643451	204.891155563	222.458208373	285.302015061	198.557022674	237.466405094	203.482574606	211.276652472	210.562902144	198.692783569	202.100997121	187.598179664	250.74951572	239.009862045	236.014346006	218.225213056	221.970400538	212.250962841	207.623417816	166.865339073	203.633084999	232.230163974	184.676461631	234.050669533	157.125709563	178.895041786	236.706937544	201.955071661	199.316160547	183.080396111	184.684256403	201.741482043	216.24719852	234.369090048	226.15583077	226.371977829	103.673102975	200.519791693	227.144278991	214.742594921	239.694458387	231.210552893	206.771691654	202.181600491	206.257694484	200.643076618	226.89769631	223.335603073	242.596565287	176.058424382	220.924912376	198.264698486	221.568295331	215.134099701	222.108717686	200.553230007	209.905171723
201.514396624	228.845971035	214.958047242	216.935678232	224.695895379	180.909325967	236.229305633	215.820555583	206.005229194	216.274495446	237.532866242	228.193382977	214.166498679	244.420790578	242.849616451	183.130302151	207.812132062	198.557022674	285.302015061	224.10792736	166.733627075	223.607736486	220.365930812	215.130820306	239.796280953	164.187054186	210.947227128	220.28854541	199.913921785	202.13237967	207.957187954	221.099275951	230.43796905	162.693181855	182.827127148	205.994760461	177.556590959	223.632221019	220.899198334	193.363905818	196.863261055	200.100863413	185.469609137	176.681316951	223.195326077	194.798773649	224.06996241	201.613566998	220.517290494	224.916263476	171.375763464	191.774331114	197.675843512	222.94943698	217.626643687	239.847272911	199.477396275	194.301354071	213.564948886	207.833122063	196.422901739	225.44811302	222.944665633	174.873867192	185.822392098	190.900872405	203.217541028	167.686963304	216.686406483	187.921426362	243.992838631
237.310487339	213.580275304	241.204606689	201.478670997	231.27954408	239.453109313	265.168328996	223.939412781	248.085327856	217.69873306	243.308080576	232.992079118	220.961867435	247.774323388	249.514199317	224.297291652	250.906862328	237.466405094	224.10792736	285.302015061	188.673763468	245.10635622	219.905651796	247.633665041	236.910398619	230.546592288	249.665486647	249.942220103	259.843896271	249.399086149	254.50511195	237.029725001	232.140443669	205.13164944	224.547760806	249.511217661	207.96609689	254.076184937	179.385639744	190.199286789	250.570237694	246.003578538	238.706789248	229.565929963	239.639057952	186.244586438	193.467591663	239.515730484	221.701416022	245.449329368	128.993895899	231.417444418	218.465092438	236.497981581	243.648273926	251.89169785	232.871542896	182.768213612	215.80473202	237.645357357	240.937612814	241.422280233	251.85951245	219.040697992	235.192327212	231.930996407	212.664682218	228.66234102	240.555429966	182.27990931	245.955913597
163.667825809	169.678687097	170.023572606	104.827526933	167.736053192	163.627492716	174.073511032	170.890007281	202.5308957	183.501190397	166.653374656	192.419158028	194.638281185	161.282615447	180.970419705	180.847878241	201.173992423	203.482574606	166.733627075	188.673763468	285.302015061	176.019225306	175.708717704	143.758716808	181.9486556	185.242987377	198.828702683	192.282146725	186.951695681	191.432614036	165.342706897	188.713545658	177.672606249	111.007665987	186.787856123	173.556456376	192.23453235	181.330724474	128.537983574	101.918296057	224.037213119	169.123689608	138.649006092	180.059470969	128.688281801	127.8505792	162.922256063	200.718124548	181.034651512	166.88020888	82.9778560483	164.34259995	166.449916713	143.89501536	163.999101281	179.159560212	134.867945877	198.861880755	146.592054586	177.365347482	173.135403147	221.90816335	214.831198033	151.761464597	189.908076372	141.380884178	158.85992832	143.489122672	140.003533945	202.753527459	178.69005636
253.023838908	206.808190302	250.032579692	185.143922894	189.535033054	201.931814716	240.348634109	188.371263287	258.384380714	227.605572688	228.640121775	207.038406791	208.134300891	217.061186329	236.290945253	173.608529235	239.234931882	211.276652472	223.607736486	245.10635622	176.019225306	285.302015061	203.079991665	221.242425197	232.539875958	227.071345927	223.496610874	216.869640858	246.097951959	249.645996964	241.106180498	218.494165144	221.693595577	150.385225078	229.355973572	215.972083944	203.135359397	236.114078526	162.712967031	142.082951908	226.803222411	252.775769351	246.233393743	225.574314005	241.610312218	153.991413274	165.647712315	227.310840368	182.841914861	235.970946882	139.177238048	240.125760676	170.315551267	199.642146913	210.261199861	230.053254859	193.645369778	151.922346235	185.57445569	236.641514294	202.84368474	208.384336063	231.344114171	228.417995262	228.524587685	213.71713778	178.351015767	181.317067747	211.010854711	163.851204813	254.71264343
170.074008703	199.107334168	185.927336844	180.102037771	209.837588967	175.977114368	220.831928464	210.057220565	193.114223945	193.13406995	210.970695534	219.600828316	215.01147816	224.680141832	225.188664049	180.114995394	190.185421048	210.562902144	220.365930812	219.905651796	175.708717704	203.079991665	285.302015061	178.132678229	200.228997419	137.685232699	204.139563683	211.877786299	203.303719351	193.577054854	189.069595586	186.436292606	211.448649455	142.392301144	164.246752642	192.616838745	167.640603685	200.240739444	175.051270288	203.705778426	199.498130479	175.733147433	173.615711333	154.340026323	189.715932673	220.901214554	227.764974612	190.73714854	210.87153086	212.017007992	135.971976543	159.008774731	225.97279204	221.111018987	218.137493116	217.972827664	178.846111785	208.401713082	199.41263348	167.028688016	195.962179088	202.646835759	222.335304261	170.439866511	194.255279203	177.569989036	194.170165611	180.891053413	203.086998775	188.336572043	211.972201961
220.948461992	195.546126306	237.809106619	218.913298416	197.722002467	200.814685928	242.042105064	182.142203256	213.986404639	200.562829041	212.996289479	200.912972004	173.103630756	227.032096452	219.695884946	203.943210471	218.856158009	198.692783569	215.130820306	247.633665041	143.758716808	221.242425197	178.132678229	285.302015061	211.146652056	225.562466254	207.279509455	223.822570429	214.777143835	238.34311597	223.54102447	224.751840873	199.688017586	189.819257924	198.705250605	225.657622352	196.271843066	251.037563842	160.943740137	143.167880338	204.642661763	219.376915489	234.053389566	211.352929821	249.663107654	142.913336108	152.648920263	197.769920281	180.694607406	228.262811738	120.549335489	200.234722171	167.864236891	210.449457626	204.850720917	225.660719857	200.780011031	124.355556629	173.365346799	217.030407676	222.684493532	221.282026427	214.230076454	198.125120253	203.992550323	217.892360529	163.233314895	179.643082802	210.769493047	158.763274478	242.441535501
233.025997235	240.867071422	229.785765856	201.610392741	227.162430967	230.580132402	245.859423964	230.947790132	219.063172133	210.233987566	255.643117571	215.311425856	195.681475553	232.856519831	240.777188375	195.397414173	246.665950448	202.100997121	239.796280953	236.910398619	181.9486556	232.539875958	200.228997419	211.146652056	285.302015061	203.123841298	226.151205746	228.23366539	228.865908152	204.519416193	234.212201288	248.349332503	226.901980497	200.977395053	202.936267284	235.849887306	183.238540692	230.887237022	211.549562153	180.974275035	217.826103708	242.733638321	209.22191941	221.29027661	230.579007363	178.322212531	189.267848641	211.49613818	215.725712125	232.013045176	182.342824592	220.589772272	184.626984936	227.473975978	234.462778912	239.97386575	238.091179227	184.855243326	224.997494045	250.29050201	210.252322606	226.672028991	214.43840183	173.372322848	188.995069216	204.258216542	217.839153971	200.097465185	246.702911454	173.080055878	232.997440702
228.490452934	184.638414465	241.294620303	155.949932322	167.738153335	214.364015855	212.595891845	156.464111913	234.524530512	180.429142357	198.032341122	180.660005293	156.645886529	172.997349855	194.406402888	191.795660424	235.005080968	187.598179664	164.187054186	230.546592288	185.242987377	227.071345927	137.685232699	225.562466254	203.123841298	285.302015061	208.053240484	219.524843225	223.59700804	236.943296001	215.115347281	217.57281443	173.497559417	172.472027481	226.325358285	223.113302529	215.904549345	220.439363321	112.665121761	90.447068517	215.997019046	237.527625639	216.235037111	244.530128092	213.989677883	94.672568679	104.906609006	226.726533673	157.696378521	209.953974504	90.5623390379	220.878015079	130.303489555	153.840735267	180.306340718	192.095470977	190.866905199	105.086607067	147.541622776	235.435692209	199.965469591	212.84179373	202.621170443	200.383809438	207.198583936	188.533203679	155.437884136	169.032849363	186.720087319	154.345288968	209.73667033
218.963990207	208.202404445	223.111511915	174.728763451	240.798246903	233.667635516	244.609582938	229.688679145	235.876095398	198.657087156	239.009904735	243.391812157	234.6611387	233.797073803	237.319745127	224.160869655	236.885872331	250.74951572	210.947227128	249.665486647	198.828702683	223.496610874	204.139563683	207.279509455	226.151205746	208.053240484	285.302015061	250.644444566	247.741846811	222.460119882	238.92166552	221.117020215	221.565767336	189.933840677	219.735838684	243.8270745	203.192720892	234.773867325	170.988053211	188.977518892	237.943546516	220.132826614	198.603607836	204.331654921	201.412730596	188.790432076	205.391456237	248.839504787	238.273525978	230.043856617	113.217917794	229.530827325	220.116189355	214.177620051	249.84202041	239.284641741	232.994887771	197.904745484	223.515129236	227.963318614	233.024959045	233.436928122	245.440747101	183.173106876	231.018172912	200.927158121	239.440761054	225.886835653	233.344521228	196.900755675	215.699164369
209.827962676	217.293528004	224.316472705	191.5357079	248.840264819	229.277342308	247.149224646	230.200787388	229.618662968	187.382555904	245.078265164	243.827288409	216.520369472	234.845705927	235.852728308	213.844561539	238.194032662	239.009862045	220.28854541	249.942220103	192.282146725	216.869640858	211.877786299	223.822570429	228.23366539	219.524843225	250.644444566	285.302015061	238.474640748	222.521489457	223.930680446	228.598134951	213.469483092	201.148528692	204.745721492	256.462901202	209.688312619	236.890532558	177.508994647	189.740057841	228.225569979	221.396898905	196.974417107	213.007062699	218.138892114	188.999623163	210.3849785	242.777020908	240.795955028	243.163455978	127.873438159	211.478387555	223.60574426	227.377936325	243.022151191	235.629620031	237.6269119	197.393611949	221.573385921	221.639162476	232.631855328	236.531380611	236.091990818	184.332887786	212.416768887	201.948214047	233.876843682	222.00118005	240.17813189	203.069940974	218.72713084
249.748830097	191.000611368	241.112401451	161.517810695	214.299526534	233.298081915	249.484118847	216.488600613	259.7154843	217.513774207	235.876419361	215.633517324	222.001934876	229.698231459	222.739517053	204.398503356	248.141230371	236.014346006	199.913921785	259.843896271	186.951695681	246.097951959	203.303719351	214.777143835	228.865908152	223.59700804	247.741846811	238.474640748	285.302015061	240.708107787	253.064235044	236.995063738	229.389696736	190.726356501	237.046328828	231.680500724	222.31548569	240.336769777	172.599137673	166.524888448	252.142297623	250.674856936	237.367143987	229.522821519	225.189179693	172.321908551	173.781438418	237.072630545	202.361615802	228.5818612	107.882753599	247.35960752	194.288900572	219.684248563	238.325941395	237.762361729	225.899971971	173.165763302	210.28428545	243.73759116	231.408207481	218.759585673	237.301648968	206.887320415	232.483867659	224.117065187	204.65136991	231.958994623	237.776513323	152.015098781	232.034473351
233.12034704	187.333349404	238.480733105	179.04592401	183.826273096	199.813576441	232.382591739	164.403511124	250.185697702	223.226864572	206.383984272	208.1150648	193.997370314	212.027737655	219.37289678	198.308126458	228.770098522	218.225213056	202.13237967	249.399086149	191.432614036	249.645996964	193.577054854	238.34311597	204.519416193	236.943296001	222.460119882	222.521489457	240.708107787	285.302015061	235.463343762	207.59736842	209.854192936	161.019659152	231.200953894	215.463940525	219.010642044	245.137783333	138.136784342	128.191032145	234.703563328	228.566347883	237.623898538	232.737358527	221.643350378	131.452141171	154.639669736	234.37000465	187.901827648	225.721776413	98.8834893639	221.628528553	176.012441036	186.510337737	197.697828446	226.374072573	186.097607599	151.289812362	165.554798708	214.581481876	219.657230305	222.546403412	243.420794888	233.615448117	235.586539454	211.097237201	168.443626113	174.736665644	200.286813341	180.790786094	242.125346581
234.53212776	195.844452334	231.593863052	187.646400141	212.801063682	230.952510348	255.809921012	212.738576438	238.920914547	220.998339258	244.056768103	204.36669581	205.183872899	228.49897705	235.936975871	200.551869597	246.043268719	221.970400538	207.957187954	254.50511195	165.342706897	241.106180498	189.069595586	223.54102447	234.212201288	215.115347281	238.92166552	223.930680446	253.064235044	235.463343762	285.302015061	228.650404678	218.944280066	199.483004868	223.323618332	237.361981029	188.074601101	241.961861577	178.379021378	168.137193234	230.837462384	252.991066362	236.170980755	209.708022047	223.767277726	163.396058006	174.51814291	228.60141607	209.801010704	228.217135906	122.840533733	233.481609532	183.761255233	229.584363289	237.973395486	249.881806228	229.515117027	166.902144744	206.909241228	235.512207417	215.461219639	206.885673379	232.969681123	202.424339937	223.478787893	221.740324639	211.718595737	232.50500069	242.789022087	144.787086327	235.77200878
228.005960501	206.969531299	227.793003733	185.46991002	217.518379323	225.274368044	237.779325009	220.467126089	223.36147071	214.503330516	239.734583149	199.51809892	190.756610232	223.905174446	215.170212653	201.99668297	241.477432372	212.250962841	221.099275951	237.029725001	188.713545658	218.494165144	186.436292606	224.751840873	248.349332503	217.57281443	221.117020215	228.598134951	236.995063738	207.59736842	228.650404678	285.302015061	214.06821632	206.289474974	216.593260465	231.160431772	218.244134061	245.930052564	208.72906033	143.193920058	225.163449975	238.517219564	219.598386929	221.191429529	228.54798771	161.869081522	165.021791688	205.967826944	198.628599827	224.388612224	144.774543127	213.101139176	161.467112827	222.95381113	224.713398781	225.779142833	222.93487362	161.402934102	211.458721215	245.203385348	218.822383326	238.488057968	210.697101264	154.207512062	186.232406716	209.929782726	193.749479159	206.612232448	233.902241058	157.36186891	231.652393759
219.180210169	210.188393155	225.359373022	182.044750678	206.921228362	194.199271311	238.583943379	216.689420143	229.86490058	217.977765431	226.346673743	219.614638746	224.186607075	245.757133439	227.623866019	192.620842061	219.808662382	207.623417816	230.43796905	232.140443669	177.672606249	221.693595577	211.448649455	199.688017586	226.901980497	173.497559417	221.565767336	213.469483092	229.389696736	209.854192936	218.944280066	214.06821632	285.302015061	170.806152208	201.181276794	198.261448821	187.040358238	222.53650777	210.759064648	192.240843608	225.528117177	206.338819995	202.435697696	185.8617426	212.133855183	199.721022964	208.793560668	199.814225841	204.764112183	203.15406316	131.459859838	215.445402501	199.241562988	223.682865774	223.478477161	236.190395311	192.125612319	201.232735995	208.539722183	221.096869478	212.155090309	221.720941449	232.522924688	188.132096747	199.549028348	200.042147606	198.896515751	184.176853017	216.94256848	170.760290398	233.867990063
180.866433958	176.840611812	177.793559683	151.011456737	217.904039409	234.624771772	208.718221823	197.588879024	160.221087099	153.612261957	220.950357757	161.138012596	131.056866773	209.124561909	182.839067112	181.672445484	189.91070485	166.865339073	162.693181855	205.13164944	111.007665987	150.385225078	142.392301144	189.819257924	200.977395053	172.472027481	189.933840677	201.148528692	190.726356501	161.019659152	199.483004868	206.289474974	170.806152208	285.302015061	161.02494154	222.730321828	147.505594068	201.872434848	186.797072854	184.424090787	170.048916985	191.439370423	166.002414736	171.143694217	191.639079415	153.866747815	138.36145257	166.415163206	188.026266405	179.561587129	126.840596459	173.844910281	162.055722649	212.335288255	212.436383831	188.113271254	239.064624994	136.87753838	213.056647904	199.160225818	198.440350814	179.681967178	158.868423221	119.543558663	132.623531638	174.826050431	199.106161401	213.563265961	229.776004492	106.855664738	166.780579545
230.41073567	172.719521438	227.015754195	144.392989763	171.434835567	206.288583082	213.219532181	172.47615095	242.905206895	214.144115008	202.50533529	185.254358613	201.0272691	190.191961791	198.118761741	186.47621843	230.383611731	203.633084999	182.827127148	224.547760806	186.787856123	229.355973572	164.246752642	198.705250605	202.936267284	226.325358285	219.735838684	204.745721492	237.046328828	231.200953894	223.323618332	216.593260465	201.181276794	161.02494154	285.302015061	197.73251833	220.346481734	214.635174542	145.690888507	109.937063059	219.530251402	224.880463743	207.8348347	220.076207861	198.381455762	126.372590333	137.029836133	225.474003943	167.317091625	203.927546264	93.2988842119	229.537541425	148.604967226	165.387231148	189.049206068	207.152700183	182.750674441	138.663977661	160.843725529	229.060739223	209.182757956	210.887694571	215.468747478	187.5778636	214.578110993	189.610825514	166.357659714	174.430400186	191.914646641	144.135953602	213.992252496
212.113383682	217.514597297	220.200313978	204.715129745	245.158447333	240.01250649	248.680970572	233.74654065	217.066654799	184.994689982	252.670959695	227.181465169	196.254719931	232.224696007	241.94020216	208.776715319	241.894730385	232.230163974	205.994760461	249.511217661	173.556456376	215.972083944	192.616838745	225.657622352	235.849887306	223.113302529	243.8270745	256.462901202	231.680500724	215.463940525	237.361981029	231.160431772	198.261448821	222.730321828	197.73251833	285.302015061	177.087455876	240.510411534	180.906492835	195.374312607	223.848225524	236.548767064	213.168732644	210.731826452	223.946510936	187.919128294	199.23296287	226.217787465	229.032964094	244.05597195	143.658871896	207.713837157	216.505323669	236.25728609	246.849188251	233.280660587	252.865801389	182.303547176	226.580194977	226.389851577	221.922073383	226.511540829	220.577870805	183.454705254	203.983645427	211.069423119	241.004019975	234.458027607	251.981645289	190.542008502	213.854128912
216.200015817	149.80182547	214.235002822	127.553662637	173.406610293	188.060830373	194.566780682	155.386267254	227.959894122	195.569044443	183.430902779	185.437653746	182.48911997	173.890758121	171.802064977	183.726703317	208.158526186	184.676461631	177.556590959	207.96609689	192.23453235	203.135359397	167.640603685	196.271843066	183.238540692	215.904549345	203.192720892	209.688312619	222.31548569	219.010642044	188.074601101	218.244134061	187.040358238	147.505594068	220.346481734	177.087455876	285.302015061	210.352608986	131.440852842	80.362779042	204.59498248	200.425290828	183.488311259	223.714093171	187.200222039	94.2212631326	123.223529309	211.22944127	164.318721663	195.920466076	75.8944269358	204.356956661	116.970503083	151.5509335	161.471430906	184.268698911	160.201563492	120.876058474	140.83781696	205.011711503	194.750764419	210.348966177	205.406112709	161.366339294	197.771066448	165.445913038	140.18390074	155.990436023	166.083803984	145.923379188	202.278102615
230.791185898	202.989076188	238.067021153	199.837109082	223.655376045	225.477095419	249.533778486	206.46651623	232.434246062	220.168409373	240.148562699	217.444720971	196.528927758	243.698985582	237.734306925	213.949578105	237.201625182	234.050669533	223.632221019	254.076184937	181.330724474	236.114078526	200.240739444	251.037563842	230.887237022	220.439363321	234.773867325	236.890532558	240.336769777	245.137783333	241.961861577	245.930052564	222.53650777	201.872434848	214.635174542	240.510411534	210.352608986	285.302015061	187.396227308	159.107303775	231.793634539	230.72661674	241.972016827	223.306753431	242.634764672	173.225238399	182.244615364	221.189670155	212.0126533	239.728607069	138.073597985	217.353675883	189.406144842	229.483633889	230.632729381	234.245347976	217.181832795	164.35516616	205.741584418	227.122959955	230.66960115	239.113532095	239.473118914	196.764686744	216.832701639	226.485644569	197.546277438	211.266278862	234.685853865	179.549502502	254.422134416
167.931053848	187.029305123	163.197552838	171.907590172	201.059991325	165.881417898	199.950532271	212.271388984	157.562506496	186.003928736	207.779702436	182.76954712	166.773048482	226.824983919	191.403912075	151.04466064	168.549518525	157.125709563	220.899198334	179.385639744	128.537983574	162.712967031	175.051270288	160.943740137	211.549562153	112.665121761	170.988053211	177.508994647	172.599137673	138.136784342	178.379021378	208.72906033	210.759064648	186.797072854	145.690888507	180.906492835	131.440852842	187.396227308	285.302015061	185.734228867	166.227647968	162.778962544	152.034771001	138.020517708	181.332778213	188.374991529	197.025188377	131.399840824	182.535968815	169.215429024	152.428315269	153.916615376	177.500491105	225.986333288	207.054554768	197.584079464	189.519984719	184.663484957	221.870402379	191.745098837	173.117249388	192.003878937	162.055612655	124.204417549	124.957484151	169.616786191	190.238974321	167.485554058	209.259292755	127.29910187	194.620638712
