Tissue	adiposesubcutaneous
N_samples	295
Chr	1
Gene	ENSG00000187608.5
SNP	rs57683598
Gene_list	ENSG00000185507.15	ENSG00000187608.5	ENSG00000134321.7	ENSG00000126709.10	ENSG00000107201.5	ENSG00000157601.9	ENSG00000133106.10	ENSG00000137959.11	ENSG00000137965.6	ENSG00000138642.10	ENSG00000119917.9	ENSG00000185745.8	ENSG00000111331.8	ENSG00000111335.8
Gene expression stats (Y^T * Y): 
285.302015061	195.040158875	168.390643869	158.794207846	173.700214416	170.569110488	170.988589669	172.580859142	149.343581043	168.584217686	158.861901728	142.824178665	184.698832154	178.725794635
195.040158875	285.302015061	183.596941802	195.589840159	185.306108694	201.991041567	181.687467453	203.325102452	188.60263734	184.344950447	190.561138521	188.609229176	201.015941981	203.978203735
168.390643869	183.596941802	285.302015061	139.729271022	216.219556885	198.957909839	210.322591867	214.032825041	176.919742569	221.874378669	203.277768213	198.489583942	219.101017953	223.999706472
158.794207846	195.589840159	139.729271022	285.302015061	138.451812476	169.63853089	141.627257936	169.991495729	189.738445594	152.530270905	137.641316727	146.232763863	152.736900171	151.707497811
173.700214416	185.306108694	216.219556885	138.451812476	285.302015061	185.291744738	185.911619117	190.393178421	173.078217343	209.244075717	208.937376877	191.012314807	210.467783194	227.421062061
170.569110488	201.991041567	198.957909839	169.63853089	185.291744738	285.302015061	188.163084816	218.550685808	200.461647131	188.592300511	201.339218659	187.707556369	211.401564848	208.495401382
170.988589669	181.687467453	210.322591867	141.627257936	185.911619117	188.163084816	285.302015061	200.415261476	176.962577432	172.407918762	199.057037449	151.86665737	218.047568436	207.455691082
172.580859142	203.325102452	214.032825041	169.991495729	190.393178421	218.550685808	200.415261476	285.302015061	227.785694279	199.918994046	193.562852724	198.001679366	222.385549645	219.43502874
149.343581043	188.60263734	176.919742569	189.738445594	173.078217343	200.461647131	176.962577432	227.785694279	285.302015061	167.898358699	173.607673784	168.03774953	184.769723139	187.453779774
168.584217686	184.344950447	221.874378669	152.530270905	209.244075717	188.592300511	172.407918762	199.918994046	167.898358699	285.302015061	173.075065529	186.526085299	206.92967207	218.243141497
158.861901728	190.561138521	203.277768213	137.641316727	208.937376877	201.339218659	199.057037449	193.562852724	173.607673784	173.075065529	285.302015061	211.740412699	198.634551462	206.252868468
142.824178665	188.609229176	198.489583942	146.232763863	191.012314807	187.707556369	151.86665737	198.001679366	168.03774953	186.526085299	211.740412699	285.302015061	181.037233509	191.62369338
184.698832154	201.015941981	219.101017953	152.736900171	210.467783194	211.401564848	218.047568436	222.385549645	184.769723139	206.92967207	198.634551462	181.037233509	285.302015061	237.97310141
178.725794635	203.978203735	223.999706472	151.707497811	227.421062061	208.495401382	207.455691082	219.43502874	187.453779774	218.243141497	206.252868468	191.62369338	237.97310141	285.302015061
Genotype stats (X^T * X): 	134.064552949
Gene expression - Genotype stats (Y^T * X): 
20.2163472703	46.2568552339	6.92934370519	12.3567600466	26.2298677232	11.7777850052	10.2634865354	14.3124308718	0.565283060265	17.9349247738	10.8973265215	6.23413203262	17.8159753458	23.1149059959