Tissue	adiposesubcutaneous
N_samples	295
Chr	7
Gene	ENSG00000146674.10
SNP	rs2960426
Gene_list	ENSG00000131386.13	ENSG00000096060.10	ENSG00000146674.10	ENSG00000107372.8	ENSG00000004799.7	ENSG00000117289.7	ENSG00000211445.7
Gene expression stats (Y^T * Y): 
285.302015061	133.131044814	191.275497803	150.059612184	161.323577894	153.477733503	187.351386703
133.131044814	285.302015061	175.740257819	207.334086928	104.495771166	179.688927657	149.833699598
191.275497803	175.740257819	285.302015061	188.509879321	179.17352826	190.386113766	181.876686075
150.059612184	207.334086928	188.509879321	285.302015061	169.42396575	222.817517163	144.200887069
161.323577894	104.495771166	179.17352826	169.42396575	285.302015061	206.921451272	153.85272889
153.477733503	179.688927657	190.386113766	222.817517163	206.921451272	285.302015061	163.512767897
187.351386703	149.833699598	181.876686075	144.200887069	153.85272889	163.512767897	285.302015061
Genotype stats (X^T * X): 	142.461016949
Gene expression - Genotype stats (Y^T * X): 
-41.3475945196	-34.8194260423	-41.6630648922	-31.9801091788	-30.7834692443	-30.9396102369	-34.8701984408