Tissue	adiposesubcutaneous
N_samples	295
Chr	4
Gene	ENSG00000145425.5
SNP	rs28593016
Gene_list	ENSG00000171863.8	ENSG00000130255.8	ENSG00000116251.5	ENSG00000161970.8	ENSG00000166441.8	ENSG00000144713.8	ENSG00000110700.2	ENSG00000105640.8	ENSG00000134419.11	ENSG00000137154.8	ENSG00000174748.14	ENSG00000142676.8	ENSG00000198242.9	ENSG00000231500.2	ENSG00000124614.9	ENSG00000198755.6	ENSG00000125691.8	ENSG00000108298.5	ENSG00000100129.13	ENSG00000100316.11	ENSG00000105193.4	ENSG00000188846.9	ENSG00000131469.8	ENSG00000142937.7	ENSG00000133112.12	ENSG00000265681.2	ENSG00000063177.8	ENSG00000142534.2	ENSG00000213741.4	ENSG00000162244.6	ENSG00000123349.9	ENSG00000143947.8	ENSG00000229117.4	ENSG00000008988.5	ENSG00000196531.6	ENSG00000083845.4	ENSG00000171858.13	ENSG00000174444.10	ENSG00000172809.8	ENSG00000145741.11	ENSG00000147604.9	ENSG00000149273.10	ENSG00000138326.14	ENSG00000186468.8	ENSG00000167526.9	ENSG00000122406.8	ENSG00000156482.6	ENSG00000114391.8	ENSG00000071082.6	ENSG00000104408.5	ENSG00000109475.12	ENSG00000089009.11	ENSG00000118181.6	ENSG00000136942.10	ENSG00000197958.8	ENSG00000112306.7	ENSG00000148303.12	ENSG00000164587.7	ENSG00000145425.5	ENSG00000177954.7	ENSG00000182899.10	ENSG00000114942.9	ENSG00000197756.5
Gene expression stats (Y^T * Y): 
285.302015061	203.038648392	189.621232626	216.91045178	195.896029155	233.499883294	210.733804127	192.410688692	229.19975235	220.908121236	192.620459037	221.48314233	226.823787108	187.799635053	203.1349386	192.473797298	228.845971035	213.580275304	135.304107486	160.104098619	206.808190302	199.107334168	240.867071422	208.202404445	194.742341376	217.293528004	191.000611368	195.844452334	206.969531299	210.188393155	176.840611812	217.514597297	202.989076188	187.029305123	190.991402261	194.061097008	206.814785272	190.612144303	209.430761122	185.57590731	197.309330464	205.306248619	216.248112339	211.078899021	175.550485734	203.29316879	204.794237666	223.216604338	217.464259594	137.575895538	209.779425053	185.571464044	211.534584261	212.738077618	196.225630301	206.841685821	211.269355978	175.133263186	206.756759066	151.735778015	212.501331038	206.519995156	218.373830402
203.038648392	285.302015061	183.496290674	193.139103031	217.026353997	234.520247096	192.168168377	252.046367264	225.941045936	206.703217663	195.822530903	223.000477717	226.235596151	190.310131801	242.807237724	201.398025629	214.958047242	241.204606689	116.137830086	166.360939439	250.032579692	185.927336844	229.785765856	223.111511915	141.254551361	224.316472705	241.112401451	231.593863052	227.793003733	225.359373022	177.793559683	220.200313978	238.067021153	163.197552838	141.817360799	219.310176549	245.061390595	153.83459879	244.236788269	147.325451918	156.655101659	217.457149826	179.189236777	214.490202341	247.702928198	164.067015838	195.55380938	208.790122069	224.257410356	114.135917548	202.0589373	141.254905817	188.31055618	251.438022864	217.644057359	216.530035316	216.141030032	203.389974153	180.328580513	190.421018728	212.56621807	150.255546016	243.014095356
189.621232626	183.496290674	285.302015061	176.998433757	152.436716227	213.585806053	175.169126908	155.804043055	199.413258489	185.883775494	163.09333921	209.111097701	204.698529667	169.431842842	177.97279095	166.099391186	216.935678232	201.478670997	158.621797154	145.410048948	185.143922894	180.102037771	201.610392741	174.728763451	173.706657041	191.5357079	161.517810695	187.646400141	185.46991002	182.044750678	151.011456737	204.715129745	199.837109082	171.907590172	170.88288426	152.689113877	173.705426751	174.385189203	222.693173036	170.854247512	179.883793307	164.629746011	179.601746452	218.068694184	147.776127525	172.001767166	206.487284179	192.820940679	216.586659655	123.731437937	184.090207008	143.08794056	173.355622164	167.184333481	175.222892678	186.580273752	180.682362922	179.37117628	173.777345199	138.100936195	207.532858188	164.478488258	203.220224979
216.91045178	193.139103031	176.998433757	285.302015061	232.088123453	240.808704	243.847781935	195.700475227	252.442564399	243.20268987	216.015716724	246.601466466	238.73606613	205.468705216	209.264476781	223.334982119	224.695895379	231.27954408	160.150160856	172.744306933	189.535033054	209.837588967	227.162430967	240.798246903	206.265027032	248.840264819	214.299526534	212.801063682	217.518379323	206.921228362	217.904039409	245.158447333	223.655376045	201.059991325	226.569382239	206.479591995	201.198774774	198.394752483	199.566724817	210.397362941	228.595247202	218.17715661	257.243033229	224.659468909	188.555127703	231.679167051	243.828522726	247.054351746	227.139072248	193.364754776	251.865723912	210.381912313	242.563487787	199.039255481	217.702344159	217.982316284	224.042271987	189.261584434	255.392446982	232.759566872	242.49206902	195.042811724	204.084212834
195.896029155	217.026353997	152.436716227	232.088123453	285.302015061	228.579745665	216.579152846	214.039148998	238.704679714	196.538339457	181.643282607	216.024149002	220.303910995	209.636173626	236.993584461	207.833059145	180.909325967	239.453109313	123.881714665	176.470681796	201.931814716	175.977114368	230.580132402	233.667635516	146.436774069	229.277342308	233.298081915	230.952510348	225.274368044	194.199271311	234.624771772	240.01250649	225.477095419	165.881417898	175.844293996	215.192386174	231.588463801	146.179949516	203.176374332	157.491211365	157.391636556	221.799449795	211.384239364	214.684973199	221.820114054	184.063834482	216.729547798	226.997160492	213.31723584	133.036258177	246.231713235	156.849857202	214.790938143	230.115359019	219.871023592	210.481707346	204.294471387	196.034405042	223.900300749	237.596101838	235.299005214	143.496886267	200.282728338
233.499883294	234.520247096	213.585806053	240.808704	228.579745665	285.302015061	236.796090788	234.472021147	256.371606612	240.12702551	221.758069875	253.545351512	253.91218534	220.99093248	241.610717952	235.083679078	236.229305633	265.168328996	154.623150228	202.753242579	240.348634109	220.831928464	245.859423964	244.609582938	188.027863878	247.149224646	249.484118847	255.809921012	237.779325009	238.583943379	208.718221823	248.680970572	249.533778486	199.950532271	203.749253647	236.979800363	244.486114635	211.310185145	242.496517654	202.426756133	210.260825795	232.790563379	228.676190337	246.71827545	220.158151603	218.64354381	253.595167371	256.583786765	262.707010401	147.176661412	241.601903702	191.32467145	224.93070395	237.759911317	237.087942013	228.962501405	245.654036764	223.10086846	225.787394033	223.598914319	253.677602665	182.049016649	249.338136323
210.733804127	192.168168377	175.169126908	243.847781935	216.579152846	236.796090788	285.302015061	190.421451452	242.148383849	228.594422966	216.490386891	234.895722955	228.23943107	195.401339457	219.241409176	219.204442128	215.820555583	223.939412781	160.808199771	172.084753672	188.371263287	210.057220565	230.947790132	229.688679145	201.370185089	230.200787388	216.488600613	212.738576438	220.467126089	216.689420143	197.588879024	233.74654065	206.46651623	212.271388984	222.918820973	208.038274377	205.485700483	202.053450068	194.184684244	223.671787254	228.075982808	196.315962816	230.350444563	217.61187681	185.70084018	226.860370811	246.769528469	243.0794761	231.479658865	188.559352876	232.98408472	212.191614729	242.058321129	208.40423385	214.790366918	216.600221375	205.924251076	188.179725592	241.077996637	229.847874874	242.392657687	173.26455582	201.13091064
192.410688692	252.046367264	155.804043055	195.700475227	214.039148998	234.472021147	190.421451452	285.302015061	220.247628253	214.581058429	225.220832999	214.680899582	220.926192107	194.280708203	243.653625543	221.781293792	206.005229194	248.085327856	121.228115512	193.555120935	258.384380714	193.114223945	219.063172133	235.876095398	131.961815225	229.618662968	259.7154843	238.920914547	223.36147071	229.86490058	160.221087099	217.066654799	232.434246062	157.562506496	139.74127955	249.351999942	247.186968757	174.275858821	222.06326567	149.198423001	164.405461975	237.246225395	190.606848371	221.112247939	253.67692242	177.719706373	192.77572115	209.721497121	224.312590983	113.169990796	198.032385985	171.14485175	183.975772777	244.404879617	216.429008597	221.790662082	236.049496406	209.894532264	185.186836645	195.390879927	203.767684295	168.067021497	238.789681597
229.19975235	225.941045936	199.413258489	252.442564399	238.704679714	256.371606612	242.148383849	220.247628253	285.302015061	225.44532961	213.499093438	248.678742035	249.973991763	194.766139534	241.927586826	226.572345047	237.532866242	243.308080576	151.000813918	169.917622268	228.640121775	210.970695534	255.643117571	239.009904735	192.433064327	245.078265164	235.876419361	244.056768103	239.734583149	226.346673743	220.950357757	252.670959695	240.148562699	207.779702436	209.110314446	214.005253766	238.057646323	182.719847149	228.814284361	207.149175256	214.15339537	228.329862179	235.916349034	243.323382124	218.755974366	208.289760589	247.29002209	251.581483798	247.256509625	171.661581388	253.200214096	189.204629347	238.962887946	231.796463361	220.645809964	219.477548182	225.807880025	206.089997674	244.572501736	232.178839488	261.505191949	170.466565136	230.569996408
220.908121236	206.703217663	185.883775494	243.20268987	196.538339457	240.12702551	228.594422966	214.581058429	225.44532961	285.302015061	228.095527349	242.148194062	231.599670071	205.838668856	210.530911667	226.262261531	228.193382977	232.992079118	162.758065597	206.267697239	207.038406791	219.600828316	215.311425856	243.391812157	205.485901655	243.827288409	215.633517324	204.36669581	199.51809892	219.614638746	161.138012596	227.181465169	217.444720971	182.76954712	204.27871172	222.525054758	194.873928397	230.752940389	197.78996694	199.138888371	235.620194627	227.499588928	238.555793045	219.769384917	191.137051679	238.595381737	219.327775556	237.250948733	226.234058311	165.917162182	212.934781655	215.044473384	216.425883704	197.868382971	219.745410941	235.55593327	238.328223649	188.115358178	234.680669244	190.923110979	214.092898106	231.030509032	212.933285617
192.620459037	195.822530903	163.09333921	216.015716724	181.643282607	221.758069875	216.490386891	225.220832999	213.499093438	228.095527349	285.302015061	219.937530987	216.315150944	191.037280807	210.023126418	229.063653705	214.166498679	220.961867435	168.363226799	202.970987063	208.134300891	215.01147816	195.681475553	234.6611387	183.422591168	216.520369472	222.001934876	205.183872899	190.756610232	224.186607075	131.056866773	196.254719931	196.528927758	166.773048482	185.339639708	220.562304522	193.002695073	223.322242808	180.617540829	203.02029744	226.821597848	221.400210414	218.631766698	209.197632916	204.691673972	222.79363231	204.64280223	216.833121829	231.847585996	193.962118911	183.438529311	216.36953022	194.387254603	189.492413522	195.321657859	206.019642368	238.1879469	181.392601889	213.243106938	188.994074635	195.52081701	181.675237013	207.335066126
221.48314233	223.000477717	209.111097701	246.601466466	216.024149002	253.545351512	234.895722955	214.680899582	248.678742035	242.148194062	219.937530987	285.302015061	240.051304558	207.684027596	221.760208679	220.033938594	244.420790578	247.774323388	185.263920098	190.41402742	217.061186329	224.680141832	232.856519831	233.797073803	193.113394343	234.845705927	229.698231459	228.49897705	223.905174446	245.757133439	209.124561909	232.224696007	243.698985582	226.824983919	225.74579027	217.967282553	208.007285968	221.210077477	234.968132326	220.284233522	232.898571615	209.925798824	231.137145882	223.846942159	206.891358544	232.489281535	253.139688527	249.945620278	242.271791312	177.850439993	229.537123159	208.406317306	241.59528687	218.399231353	224.851182749	230.332397325	236.564749112	215.505165477	230.886915582	218.85298793	243.543936289	180.338229145	240.857549051
226.823787108	226.235596151	204.698529667	238.73606613	220.303910995	253.91218534	228.23943107	220.926192107	249.973991763	231.599670071	216.315150944	240.051304558	285.302015061	200.070271694	231.824882627	225.563643451	242.849616451	249.514199317	165.335756819	176.564145802	236.290945253	225.188664049	240.777188375	237.319745127	194.837857637	235.852728308	222.739517053	235.936975871	215.170212653	227.623866019	182.839067112	241.94020216	237.734306925	191.403912075	198.77870729	216.385187107	228.047033632	202.780938075	225.838957606	203.720177556	220.068956847	223.322983945	231.208954656	240.552486207	206.17651929	217.572547252	235.458868428	233.862642782	248.705284584	166.342198833	224.454842993	191.225074516	220.553150254	216.974735074	211.580060464	223.814315461	233.560763232	202.840465376	228.153559237	207.961325165	234.247802787	194.458093449	243.240107734
187.799635053	190.310131801	169.431842842	205.468705216	209.636173626	220.99093248	195.401339457	194.280708203	194.766139534	205.838668856	191.037280807	207.684027596	200.070271694	285.302015061	205.763804214	204.891155563	183.130302151	224.297291652	151.261144962	206.041716254	173.608529235	180.114995394	195.397414173	224.160869655	152.537194813	213.844561539	204.398503356	200.551869597	201.99668297	192.620842061	181.672445484	208.776715319	213.949578105	151.04466064	160.117785822	210.549994452	186.454942353	179.228212568	178.158399403	163.6410907	169.921972363	208.49156307	206.00518414	200.294913429	173.448014024	192.94693187	194.979940323	206.460562414	216.608208488	127.054335138	197.348053407	174.139751789	176.481231013	193.253724543	217.351064935	224.114953025	220.01577153	179.035136644	188.309865472	181.529643784	197.384123583	178.505057733	197.410661453
203.1349386	242.807237724	177.97279095	209.264476781	236.993584461	241.610717952	219.241409176	243.653625543	241.927586826	210.530911667	210.023126418	221.760208679	231.824882627	205.763804214	285.302015061	222.458208373	207.812132062	250.906862328	132.737455931	183.393868099	239.234931882	190.185421048	246.665950448	236.885872331	140.784654494	238.194032662	248.141230371	246.043268719	241.477432372	219.808662382	189.91070485	241.894730385	237.201625182	168.549518525	154.664652549	240.287089534	254.003382447	165.148758101	223.270384836	162.123765907	178.146165591	234.642612678	203.540041212	238.002899283	237.081134951	184.269643589	214.429019044	227.02751013	237.81685981	116.968287821	221.718236587	172.374354858	202.331171416	249.447747585	215.44975747	232.61104901	229.464914644	212.660691585	207.057768925	223.033302688	233.060801371	160.887218782	230.150793495
192.473797298	201.398025629	166.099391186	223.334982119	207.833059145	235.083679078	219.204442128	221.781293792	226.572345047	226.262261531	229.063653705	220.033938594	225.563643451	204.891155563	222.458208373	285.302015061	198.557022674	237.466405094	160.422675029	222.919296519	211.276652472	210.562902144	202.100997121	250.74951572	158.93000034	239.009862045	236.014346006	221.970400538	212.250962841	207.623417816	166.865339073	232.230163974	234.050669533	157.125709563	178.895041786	236.706937544	201.955071661	211.60399248	184.684256403	201.741482043	216.24719852	234.369090048	226.15583077	226.371977829	200.519791693	227.144278991	214.742594921	239.694458387	231.210552893	160.061905823	206.771691654	202.181600491	206.257694484	200.643076618	226.89769631	223.335603073	242.596565287	198.264698486	221.568295331	215.134099701	222.108717686	200.553230007	209.905171723
228.845971035	214.958047242	216.935678232	224.695895379	180.909325967	236.229305633	215.820555583	206.005229194	237.532866242	228.193382977	214.166498679	244.420790578	242.849616451	183.130302151	207.812132062	198.557022674	285.302015061	224.10792736	154.454809975	150.202911681	223.607736486	220.365930812	239.796280953	210.947227128	195.814873769	220.28854541	199.913921785	207.957187954	221.099275951	230.43796905	162.693181855	205.994760461	223.632221019	220.899198334	193.363905818	196.863261055	200.100863413	198.922610259	223.195326077	194.798773649	224.06996241	201.613566998	220.517290494	224.916263476	191.774331114	197.675843512	222.94943698	217.626643687	239.847272911	164.495853368	199.477396275	194.301354071	213.564948886	207.833122063	196.422901739	225.44811302	222.944665633	190.900872405	203.217541028	167.686963304	216.686406483	187.921426362	243.992838631
213.580275304	241.204606689	201.478670997	231.27954408	239.453109313	265.168328996	223.939412781	248.085327856	243.308080576	232.992079118	220.961867435	247.774323388	249.514199317	224.297291652	250.906862328	237.466405094	224.10792736	285.302015061	157.169293754	215.197711985	245.10635622	219.905651796	236.910398619	249.665486647	163.811278644	249.942220103	259.843896271	254.50511195	237.029725001	232.140443669	205.13164944	249.511217661	254.076184937	179.385639744	190.199286789	250.570237694	246.003578538	209.336248683	239.639057952	186.244586438	193.467591663	239.515730484	221.701416022	245.449329368	231.417444418	218.465092438	236.497981581	243.648273926	251.89169785	132.94600654	232.871542896	182.768213612	215.80473202	237.645357357	240.937612814	241.422280233	251.85951245	231.930996407	212.664682218	228.66234102	240.555429966	182.27990931	245.955913597
135.304107486	116.137830086	158.621797154	160.150160856	123.881714665	154.623150228	160.808199771	121.228115512	151.000813918	162.758065597	168.363226799	185.263920098	165.335756819	151.261144962	132.737455931	160.422675029	154.454809975	157.169293754	285.302015061	167.885627417	120.907310643	166.158189956	120.328770332	150.635025094	155.155422148	154.507113736	129.934207456	133.028105924	116.392239798	153.805043664	133.604650994	161.640486331	145.574782035	157.669375111	175.808455338	143.171825334	106.872300123	202.177783286	135.902327487	183.56236928	197.522574382	131.424797477	158.274808303	160.885989257	106.279464377	199.683417894	174.049792051	162.458878291	155.573080916	169.216280736	135.658203639	174.378801559	158.64561957	108.467218705	137.820176701	156.396698609	154.277355272	135.652933874	171.4461606	130.397678037	152.62083382	136.835850988	145.942118901
160.104098619	166.360939439	145.410048948	172.744306933	176.470681796	202.753242579	172.084753672	193.555120935	169.917622268	206.267697239	202.970987063	190.41402742	176.564145802	206.041716254	183.393868099	222.919296519	150.202911681	215.197711985	167.885627417	285.302015061	171.34738895	172.00063448	149.308510722	221.069596343	142.054853507	199.773977353	207.455189281	194.595121888	156.29064064	185.013976007	141.986749181	192.011175573	182.289825664	125.260119026	158.616160601	214.350598626	163.678967713	210.598524935	145.78837776	163.099011883	173.817254603	213.178263931	182.516558634	174.066496664	169.852017861	214.065199672	169.444837296	205.543133476	199.346261505	130.771068449	164.505360162	166.568218493	159.667607019	165.06459661	211.419566657	197.670409584	220.087253209	177.104350825	180.925565969	167.942651237	173.517110152	176.013202076	167.244957408
206.808190302	250.032579692	185.143922894	189.535033054	201.931814716	240.348634109	188.371263287	258.384380714	228.640121775	207.038406791	208.134300891	217.061186329	236.290945253	173.608529235	239.234931882	211.276652472	223.607736486	245.10635622	120.907310643	171.34738895	285.302015061	203.079991665	232.539875958	223.496610874	136.81651821	216.869640858	246.097951959	241.106180498	218.494165144	221.693595577	150.385225078	215.972083944	236.114078526	162.712967031	142.082951908	226.803222411	252.775769351	174.422175701	241.610312218	153.991413274	165.647712315	227.310840368	182.841914861	235.970946882	240.125760676	170.315551267	199.642146913	210.261199861	230.053254859	104.278336078	193.645369778	151.922346235	185.57445569	236.641514294	202.84368474	208.384336063	231.344114171	213.71713778	178.351015767	181.317067747	211.010854711	163.851204813	254.71264343
199.107334168	185.927336844	180.102037771	209.837588967	175.977114368	220.831928464	210.057220565	193.114223945	210.970695534	219.600828316	215.01147816	224.680141832	225.188664049	180.114995394	190.185421048	210.562902144	220.365930812	219.905651796	166.158189956	172.00063448	203.079991665	285.302015061	200.228997419	204.139563683	177.256788737	211.877786299	203.303719351	189.069595586	186.436292606	211.448649455	142.392301144	192.616838745	200.240739444	175.051270288	203.705778426	199.498130479	175.733147433	223.994900812	189.715932673	220.901214554	227.764974612	190.73714854	210.87153086	212.017007992	159.008774731	225.97279204	221.111018987	218.137493116	217.972827664	162.397591874	178.846111785	208.401713082	199.41263348	167.028688016	195.962179088	202.646835759	222.335304261	177.569989036	194.170165611	180.891053413	203.086998775	188.336572043	211.972201961
240.867071422	229.785765856	201.610392741	227.162430967	230.580132402	245.859423964	230.947790132	219.063172133	255.643117571	215.311425856	195.681475553	232.856519831	240.777188375	195.397414173	246.665950448	202.100997121	239.796280953	236.910398619	120.328770332	149.308510722	232.539875958	200.228997419	285.302015061	226.151205746	169.604450317	228.23366539	228.865908152	234.212201288	248.349332503	226.901980497	200.977395053	235.849887306	230.887237022	211.549562153	180.974275035	217.826103708	242.733638321	163.145486695	230.579007363	178.322212531	189.267848641	211.49613818	215.725712125	232.013045176	220.589772272	184.626984936	227.473975978	234.462778912	239.97386575	128.327766139	238.091179227	184.855243326	224.997494045	250.29050201	210.252322606	226.672028991	214.43840183	204.258216542	217.839153971	200.097465185	246.702911454	173.080055878	232.997440702
208.202404445	223.111511915	174.728763451	240.798246903	233.667635516	244.609582938	229.688679145	235.876095398	239.009904735	243.391812157	234.6611387	233.797073803	237.319745127	224.160869655	236.885872331	250.74951572	210.947227128	249.665486647	150.635025094	221.069596343	223.496610874	204.139563683	226.151205746	285.302015061	174.837464982	250.644444566	247.741846811	238.92166552	221.117020215	221.565767336	189.933840677	243.8270745	234.773867325	170.988053211	188.977518892	237.943546516	220.132826614	196.52140565	201.412730596	188.790432076	205.391456237	248.839504787	238.273525978	230.043856617	229.530827325	220.116189355	214.177620051	249.84202041	239.284641741	165.009498024	232.994887771	197.904745484	223.515129236	227.963318614	233.024959045	233.436928122	245.440747101	200.927158121	239.440761054	225.886835653	233.344521228	196.900755675	215.699164369
194.742341376	141.254551361	173.706657041	206.265027032	146.436774069	188.027863878	201.370185089	131.961815225	192.433064327	205.485901655	183.422591168	193.113394343	194.837857637	152.537194813	140.784654494	158.93000034	195.814873769	163.811278644	155.155422148	142.054853507	136.81651821	177.256788737	169.604450317	174.837464982	285.302015061	187.501467726	134.184986995	143.551916576	136.076976296	179.92997547	142.780023035	178.609184073	141.150138973	169.823917096	225.763537153	127.726306832	134.38204858	188.851075589	152.490762919	212.850331698	221.978912733	162.301376058	208.111063652	174.178922203	121.938847177	214.848947517	196.418482309	187.315811469	186.170965473	201.047303637	182.572416422	182.425756397	192.676377481	128.829590913	173.20874252	164.154072017	165.123735307	129.770507596	217.601709114	146.687741031	184.885741656	177.97959422	150.894012591
217.293528004	224.316472705	191.5357079	248.840264819	229.277342308	247.149224646	230.200787388	229.618662968	245.078265164	243.827288409	216.520369472	234.845705927	235.852728308	213.844561539	238.194032662	239.009862045	220.28854541	249.942220103	154.507113736	199.773977353	216.869640858	211.877786299	228.23366539	250.644444566	187.501467726	285.302015061	238.474640748	223.930680446	228.598134951	213.469483092	201.148528692	256.462901202	236.890532558	177.508994647	189.740057841	228.225569979	221.396898905	195.592250978	218.138892114	188.999623163	210.3849785	242.777020908	240.795955028	243.163455978	211.478387555	223.60574426	227.377936325	243.022151191	235.629620031	155.02459149	237.6269119	197.393611949	221.573385921	221.639162476	232.631855328	236.531380611	236.091990818	201.948214047	233.876843682	222.00118005	240.17813189	203.069940974	218.72713084
191.000611368	241.112401451	161.517810695	214.299526534	233.298081915	249.484118847	216.488600613	259.7154843	235.876419361	215.633517324	222.001934876	229.698231459	222.739517053	204.398503356	248.141230371	236.014346006	199.913921785	259.843896271	129.934207456	207.455189281	246.097951959	203.303719351	228.865908152	247.741846811	134.184986995	238.474640748	285.302015061	253.064235044	236.995063738	229.389696736	190.726356501	231.680500724	240.336769777	172.599137673	166.524888448	252.142297623	250.674856936	182.321003412	225.189179693	172.321908551	173.781438418	237.072630545	202.361615802	228.5818612	247.35960752	194.288900572	219.684248563	238.325941395	237.762361729	123.636917799	225.899971971	173.165763302	210.28428545	243.73759116	231.408207481	218.759585673	237.301648968	224.117065187	204.65136991	231.958994623	237.776513323	152.015098781	232.034473351
195.844452334	231.593863052	187.646400141	212.801063682	230.952510348	255.809921012	212.738576438	238.920914547	244.056768103	204.36669581	205.183872899	228.49897705	235.936975871	200.551869597	246.043268719	221.970400538	207.957187954	254.50511195	133.028105924	194.595121888	241.106180498	189.069595586	234.212201288	238.92166552	143.551916576	223.930680446	253.064235044	285.302015061	228.650404678	218.944280066	199.483004868	237.361981029	241.961861577	178.379021378	168.137193234	230.837462384	252.991066362	176.368859884	223.767277726	163.396058006	174.51814291	228.60141607	209.801010704	228.217135906	233.481609532	183.761255233	229.584363289	237.973395486	249.881806228	121.687144567	229.515117027	166.902144744	206.909241228	235.512207417	215.461219639	206.885673379	232.969681123	221.740324639	211.718595737	232.50500069	242.789022087	144.787086327	235.77200878
206.969531299	227.793003733	185.46991002	217.518379323	225.274368044	237.779325009	220.467126089	223.36147071	239.734583149	199.51809892	190.756610232	223.905174446	215.170212653	201.99668297	241.477432372	212.250962841	221.099275951	237.029725001	116.392239798	156.29064064	218.494165144	186.436292606	248.349332503	221.117020215	136.076976296	228.598134951	236.995063738	228.650404678	285.302015061	214.06821632	206.289474974	231.160431772	245.930052564	208.72906033	143.193920058	225.163449975	238.517219564	145.930106085	228.54798771	161.869081522	165.021791688	205.967826944	198.628599827	224.388612224	213.101139176	161.467112827	222.95381113	224.713398781	225.779142833	110.68065495	222.93487362	161.402934102	211.458721215	245.203385348	218.822383326	238.488057968	210.697101264	209.929782726	193.749479159	206.612232448	233.902241058	157.36186891	231.652393759
210.188393155	225.359373022	182.044750678	206.921228362	194.199271311	238.583943379	216.689420143	229.86490058	226.346673743	219.614638746	224.186607075	245.757133439	227.623866019	192.620842061	219.808662382	207.623417816	230.43796905	232.140443669	153.805043664	185.013976007	221.693595577	211.448649455	226.901980497	221.565767336	179.92997547	213.469483092	229.389696736	218.944280066	214.06821632	285.302015061	170.806152208	198.261448821	222.53650777	210.759064648	192.240843608	225.528117177	206.338819995	199.583225974	212.133855183	199.721022964	208.793560668	199.814225841	204.764112183	203.15406316	215.445402501	199.241562988	223.682865774	223.478477161	236.190395311	159.974194594	192.125612319	201.232735995	208.539722183	221.096869478	212.155090309	221.720941449	232.522924688	200.042147606	198.896515751	184.176853017	216.94256848	170.760290398	233.867990063
176.840611812	177.793559683	151.011456737	217.904039409	234.624771772	208.718221823	197.588879024	160.221087099	220.950357757	161.138012596	131.056866773	209.124561909	182.839067112	181.672445484	189.91070485	166.865339073	162.693181855	205.13164944	133.604650994	141.986749181	150.385225078	142.392301144	200.977395053	189.933840677	142.780023035	201.148528692	190.726356501	199.483004868	206.289474974	170.806152208	285.302015061	222.730321828	201.872434848	186.797072854	184.424090787	170.048916985	191.439370423	120.427389274	191.639079415	153.866747815	138.36145257	166.415163206	188.026266405	179.561587129	173.844910281	162.055722649	212.335288255	212.436383831	188.113271254	130.435006269	239.064624994	136.87753838	213.056647904	199.160225818	198.440350814	179.681967178	158.868423221	174.826050431	199.106161401	213.563265961	229.776004492	106.855664738	166.780579545
217.514597297	220.200313978	204.715129745	245.158447333	240.01250649	248.680970572	233.74654065	217.066654799	252.670959695	227.181465169	196.254719931	232.224696007	241.94020216	208.776715319	241.894730385	232.230163974	205.994760461	249.511217661	161.640486331	192.011175573	215.972083944	192.616838745	235.849887306	243.8270745	178.609184073	256.462901202	231.680500724	237.361981029	231.160431772	198.261448821	222.730321828	285.302015061	240.510411534	180.906492835	195.374312607	223.848225524	236.548767064	181.652112402	223.946510936	187.919128294	199.23296287	226.217787465	229.032964094	244.05597195	207.713837157	216.505323669	236.25728609	246.849188251	233.280660587	146.085292569	252.865801389	182.303547176	226.580194977	226.389851577	221.922073383	226.511540829	220.577870805	211.069423119	241.004019975	234.458027607	251.981645289	190.542008502	213.854128912
202.989076188	238.067021153	199.837109082	223.655376045	225.477095419	249.533778486	206.46651623	232.434246062	240.148562699	217.444720971	196.528927758	243.698985582	237.734306925	213.949578105	237.201625182	234.050669533	223.632221019	254.076184937	145.574782035	182.289825664	236.114078526	200.240739444	230.887237022	234.773867325	141.150138973	236.890532558	240.336769777	241.961861577	245.930052564	222.53650777	201.872434848	240.510411534	285.302015061	187.396227308	159.107303775	231.793634539	230.72661674	177.657414672	242.634764672	173.225238399	182.244615364	221.189670155	212.0126533	239.728607069	217.353675883	189.406144842	229.483633889	230.632729381	234.245347976	118.011318948	217.181832795	164.35516616	205.741584418	227.122959955	230.66960115	239.113532095	239.473118914	226.485644569	197.546277438	211.266278862	234.685853865	179.549502502	254.422134416
187.029305123	163.197552838	171.907590172	201.059991325	165.881417898	199.950532271	212.271388984	157.562506496	207.779702436	182.76954712	166.773048482	226.824983919	191.403912075	151.04466064	168.549518525	157.125709563	220.899198334	179.385639744	157.669375111	125.260119026	162.712967031	175.051270288	211.549562153	170.988053211	169.823917096	177.508994647	172.599137673	178.379021378	208.72906033	210.759064648	186.797072854	180.906492835	187.396227308	285.302015061	185.734228867	166.227647968	162.778962544	165.042007075	181.332778213	188.374991529	197.025188377	131.399840824	182.535968815	169.215429024	153.916615376	177.500491105	225.986333288	207.054554768	197.584079464	159.68377444	189.519984719	184.663484957	221.870402379	191.745098837	173.117249388	192.003878937	162.055612655	169.616786191	190.238974321	167.485554058	209.259292755	127.29910187	194.620638712
190.991402261	141.817360799	170.88288426	226.569382239	175.844293996	203.749253647	222.918820973	139.74127955	209.110314446	204.27871172	185.339639708	225.74579027	198.77870729	160.117785822	154.664652549	178.895041786	193.363905818	190.199286789	175.808455338	158.616160601	142.082951908	203.705778426	180.974275035	188.977518892	225.763537153	189.740057841	166.524888448	168.137193234	143.193920058	192.240843608	184.424090787	195.374312607	159.107303775	185.734228867	285.302015061	162.13199464	142.884423794	213.453457746	163.85639539	246.920662922	233.831995292	156.215460121	216.157201751	173.499274091	141.474227083	243.218700999	228.703071199	228.740734185	197.616389476	212.311580655	213.552468728	208.43429698	229.020481402	141.527645847	185.946948956	167.133687485	175.77692822	153.4858018	231.446209739	198.677116991	217.69127209	157.2606769	155.212620801
194.061097008	219.310176549	152.689113877	206.479591995	215.192386174	236.979800363	208.038274377	249.351999942	214.005253766	222.525054758	220.562304522	217.967282553	216.385187107	210.549994452	240.287089534	236.706937544	196.863261055	250.570237694	143.171825334	214.350598626	226.803222411	199.498130479	217.826103708	237.943546516	127.726306832	228.225569979	252.142297623	230.837462384	225.163449975	225.528117177	170.048916985	223.848225524	231.793634539	166.227647968	162.13199464	285.302015061	226.919327401	200.451195636	198.250774503	167.776359384	182.079264179	225.850258712	204.747659057	210.925074989	221.666159258	204.424961231	206.816131131	226.851983066	224.725096499	112.599388216	198.167912125	199.287556089	192.791678876	229.050151036	218.040460838	238.8116197	242.459139717	212.98869217	193.994087295	204.020700248	206.879790388	192.056083552	220.019883122
206.814785272	245.061390595	173.705426751	201.198774774	231.588463801	244.486114635	205.485700483	247.186968757	238.057646323	194.873928397	193.002695073	208.007285968	228.047033632	186.454942353	254.003382447	201.955071661	200.100863413	246.003578538	106.872300123	163.678967713	252.775769351	175.733147433	242.733638321	220.132826614	134.38204858	221.396898905	250.674856936	252.991066362	238.517219564	206.338819995	191.439370423	236.548767064	230.72661674	162.778962544	142.884423794	226.919327401	285.302015061	148.7470873	234.942977562	142.238752712	149.413290126	225.051577549	184.971246477	234.827114974	237.966846087	162.793693385	209.197958601	214.329541122	232.353772007	92.8549383626	225.941928333	141.857606627	197.510724153	245.849375942	210.138149098	202.387344098	212.169312784	219.029701051	195.598305889	213.80772896	232.162473983	139.977651889	237.913081198
190.612144303	153.83459879	174.385189203	198.394752483	146.179949516	211.310185145	202.053450068	174.275858821	182.719847149	230.752940389	223.322242808	221.210077477	202.780938075	179.228212568	165.148758101	211.60399248	198.922610259	209.336248683	202.177783286	210.598524935	174.422175701	223.994900812	163.145486695	196.52140565	188.851075589	195.592250978	182.321003412	176.368859884	145.930106085	199.583225974	120.427389274	181.652112402	177.657414672	165.042007075	213.453457746	200.451195636	148.7470873	285.302015061	165.060132993	218.717229892	238.962655523	183.21720339	206.195713204	191.259417606	142.368231169	254.391119643	209.686330717	214.619455546	206.200566297	174.433560834	160.90828484	224.377363931	192.423959062	135.93944195	187.487030533	192.889938409	220.381883462	169.320233395	201.058259732	165.232160624	180.284493047	201.953346206	191.512593019
209.430761122	244.236788269	222.693173036	199.566724817	203.176374332	242.496517654	194.184684244	222.06326567	228.814284361	197.78996694	180.617540829	234.968132326	225.838957606	178.158399403	223.270384836	184.684256403	223.195326077	239.639057952	135.902327487	145.78837776	241.610312218	189.715932673	230.579007363	201.412730596	152.490762919	218.138892114	225.189179693	223.767277726	228.54798771	212.133855183	191.639079415	223.946510936	242.634764672	181.332778213	163.85639539	198.250774503	234.942977562	165.060132993	285.302015061	162.764556346	160.049535973	192.92581172	177.589745812	231.912448729	212.573859789	168.257053444	220.933264726	215.59949479	219.111022028	103.279829711	212.010520968	135.346735195	203.750443233	229.442833909	204.066437497	208.309159141	205.383088552	213.33625866	173.916484654	182.291616118	224.970283739	145.696354978	248.12644642
185.57590731	147.325451918	170.854247512	210.397362941	157.491211365	202.426756133	223.671787254	149.198423001	207.149175256	199.138888371	203.02029744	220.284233522	203.720177556	163.6410907	162.123765907	201.741482043	194.798773649	186.244586438	183.56236928	163.099011883	153.991413274	220.901214554	178.322212531	188.790432076	212.850331698	188.999623163	172.321908551	163.396058006	161.869081522	199.721022964	153.866747815	187.919128294	173.225238399	188.374991529	246.920662922	167.776359384	142.238752712	218.717229892	162.764556346	285.302015061	241.69410756	154.766074585	203.35195498	182.356694004	133.569353294	238.545212421	227.143281436	224.304308332	198.070002043	210.731387189	188.558136351	213.917223852	215.532581011	145.472713124	182.896621195	177.417268924	183.070675323	163.845452012	212.58159416	188.594204185	213.837407601	164.84409214	168.451802813
197.309330464	156.655101659	179.883793307	228.595247202	157.391636556	210.260825795	228.075982808	164.405461975	214.15339537	235.620194627	226.821597848	232.898571615	220.068956847	169.921972363	178.146165591	216.24719852	224.06996241	193.467591663	197.522574382	173.817254603	165.647712315	227.764974612	189.267848641	205.391456237	221.978912733	210.3849785	173.781438418	174.51814291	165.021791688	208.793560668	138.36145257	199.23296287	182.244615364	197.025188377	233.831995292	182.079264179	149.413290126	238.962655523	160.049535973	241.69410756	285.302015061	182.380836294	236.08709267	202.646975488	145.099843996	251.673839763	226.179222666	221.282611333	216.34105009	211.694138486	187.18888503	239.599417751	218.30258395	149.148599262	181.445286425	198.332377515	211.936742772	163.527488235	238.583021969	183.944939108	206.175765641	203.411401139	186.285172531
205.306248619	217.457149826	164.629746011	218.17715661	221.799449795	232.790563379	196.315962816	237.246225395	228.329862179	227.499588928	221.400210414	209.925798824	223.322983945	208.49156307	234.642612678	234.369090048	201.613566998	239.515730484	131.424797477	213.178263931	227.310840368	190.73714854	211.49613818	248.839504787	162.301376058	242.777020908	237.072630545	228.60141607	205.967826944	199.814225841	166.415163206	226.217787465	221.189670155	131.399840824	156.215460121	225.850258712	225.051577549	183.21720339	192.92581172	154.766074585	182.380836294	285.302015061	223.705740112	231.251500338	219.609804932	196.145987888	182.250372011	216.89725284	227.218947322	137.492679509	213.109791503	168.314523861	192.408853014	212.008334926	217.28143347	220.631272371	245.560116601	186.791007757	218.080697851	195.175776699	211.879285988	198.488724554	217.282573406
216.248112339	179.189236777	179.601746452	257.243033229	211.384239364	228.676190337	230.350444563	190.606848371	235.916349034	238.555793045	218.631766698	231.137145882	231.208954656	206.00518414	203.540041212	226.15583077	220.517290494	221.701416022	158.274808303	182.516558634	182.841914861	210.87153086	215.725712125	238.273525978	208.111063652	240.795955028	202.361615802	209.801010704	198.628599827	204.764112183	188.026266405	229.032964094	212.0126533	182.535968815	216.157201751	204.747659057	184.971246477	206.195713204	177.589745812	203.35195498	236.08709267	223.705740112	285.302015061	218.226786638	175.102980762	237.257075533	222.107201268	235.494458142	227.652355533	186.712110285	224.565915152	224.474149389	228.077405657	180.486714674	202.754883833	221.025560147	232.349252215	172.68935908	251.034814166	205.457856481	225.399038627	219.576727535	196.650029595
211.078899021	214.490202341	218.068694184	224.659468909	214.684973199	246.71827545	217.61187681	221.112247939	243.323382124	219.769384917	209.197632916	223.846942159	240.552486207	200.294913429	238.002899283	226.371977829	224.916263476	245.449329368	160.885989257	174.066496664	235.970946882	212.017007992	232.013045176	230.043856617	174.178922203	243.163455978	228.5818612	228.217135906	224.388612224	203.15406316	179.561587129	244.05597195	239.728607069	169.215429024	173.499274091	210.925074989	234.827114974	191.259417606	231.912448729	182.356694004	202.646975488	231.251500338	218.226786638	285.302015061	203.267948218	200.674159839	224.537134847	224.511256829	239.484214856	131.286254018	223.917178056	167.312817292	205.268604139	210.752956415	213.963999654	224.142086874	225.485043111	207.989475735	214.865635418	202.507895229	241.12220078	185.624059983	236.992370142
