Tissue	adiposesubcutaneous
N_samples	295
Chr	12
Gene	ENSG00000076555.11
SNP	rs3219204
Gene_list	ENSG00000170525.14	ENSG00000187288.6	ENSG00000107372.8	ENSG00000122378.9	ENSG00000076555.11	ENSG00000181092.5
Gene expression stats (Y^T * Y): 
285.302015061	170.246561784	152.018227589	149.939083181	179.992139004	174.556997936
170.246561784	285.302015061	73.8714261903	195.869719247	172.901383841	246.000952074
152.018227589	73.8714261903	285.302015061	122.097229068	173.45049045	75.9211148027
149.939083181	195.869719247	122.097229068	285.302015061	187.410685824	174.391365902
179.992139004	172.901383841	173.45049045	187.410685824	285.302015061	178.95774537
174.556997936	246.000952074	75.9211148027	174.391365902	178.95774537	285.302015061
Genotype stats (X^T * X): 	99.7152542373
Gene expression - Genotype stats (Y^T * X): 
-21.7999609398	-19.2175833101	-35.5067295328	-29.6545473885	-33.5931879074	-17.179675756