Tissue	adiposesubcutaneous
N_samples	295
Chr	21
Gene	ENSG00000157601.9
SNP	rs464783
Gene_list	ENSG00000187608.5	ENSG00000134326.7	ENSG00000134321.7	ENSG00000107201.5	ENSG00000157601.9	ENSG00000133106.10	ENSG00000137959.11	ENSG00000137965.6	ENSG00000138642.10	ENSG00000119917.9	ENSG00000185745.8	ENSG00000089127.8	ENSG00000111331.8	ENSG00000111335.8	ENSG00000138496.12
Gene expression stats (Y^T * Y): 
285.302015061	169.416139576	183.596941802	185.306108694	201.991041567	181.687467453	203.325102452	188.60263734	184.344950447	190.561138521	188.609229176	165.72796173	201.015941981	203.978203735	161.217848481
169.416139576	285.302015061	232.860415927	190.14771358	177.221696502	190.605873076	184.93076647	167.703933134	191.844228403	178.591051328	163.180159184	143.958538216	205.530367522	205.140332894	171.463048822
183.596941802	232.860415927	285.302015061	216.219556885	198.957909839	210.322591867	214.032825041	176.919742569	221.874378669	203.277768213	198.489583942	157.000947052	219.101017953	223.999706472	179.617678467
185.306108694	190.14771358	216.219556885	285.302015061	185.291744738	185.911619117	190.393178421	173.078217343	209.244075717	208.937376877	191.012314807	172.106428758	210.467783194	227.421062061	189.141294122
201.991041567	177.221696502	198.957909839	185.291744738	285.302015061	188.163084816	218.550685808	200.461647131	188.592300511	201.339218659	187.707556369	176.13614326	211.401564848	208.495401382	174.530166825
181.687467453	190.605873076	210.322591867	185.911619117	188.163084816	285.302015061	200.415261476	176.962577432	172.407918762	199.057037449	151.86665737	164.932256023	218.047568436	207.455691082	181.621425577
203.325102452	184.93076647	214.032825041	190.393178421	218.550685808	200.415261476	285.302015061	227.785694279	199.918994046	193.562852724	198.001679366	170.109973297	222.385549645	219.43502874	172.283870948
188.60263734	167.703933134	176.919742569	173.078217343	200.461647131	176.962577432	227.785694279	285.302015061	167.898358699	173.607673784	168.03774953	138.053673796	184.769723139	187.453779774	165.74880334
184.344950447	191.844228403	221.874378669	209.244075717	188.592300511	172.407918762	199.918994046	167.898358699	285.302015061	173.075065529	186.526085299	171.69330197	206.92967207	218.243141497	155.312116778
190.561138521	178.591051328	203.277768213	208.937376877	201.339218659	199.057037449	193.562852724	173.607673784	173.075065529	285.302015061	211.740412699	172.758193812	198.634551462	206.252868468	181.518915823
188.609229176	163.180159184	198.489583942	191.012314807	187.707556369	151.86665737	198.001679366	168.03774953	186.526085299	211.740412699	285.302015061	165.694336976	181.037233509	191.62369338	146.738326451
165.72796173	143.958538216	157.000947052	172.106428758	176.13614326	164.932256023	170.109973297	138.053673796	171.69330197	172.758193812	165.694336976	285.302015061	183.987239998	187.264965969	140.722205769
201.015941981	205.530367522	219.101017953	210.467783194	211.401564848	218.047568436	222.385549645	184.769723139	206.92967207	198.634551462	181.037233509	183.987239998	285.302015061	237.97310141	178.133040473
203.978203735	205.140332894	223.999706472	227.421062061	208.495401382	207.455691082	219.43502874	187.453779774	218.243141497	206.252868468	191.62369338	187.264965969	237.97310141	285.302015061	194.576780356
161.217848481	171.463048822	179.617678467	189.141294122	174.530166825	181.621425577	172.283870948	165.74880334	155.312116778	181.518915823	146.738326451	140.722205769	178.133040473	194.576780356	285.302015061
Genotype stats (X^T * X): 	131.924699342
Gene expression - Genotype stats (Y^T * X): 
-5.92527421898	-10.9265994807	-24.4144544547	-4.22399973307	-63.2570510289	-20.6115940984	-15.6228736982	-10.7003015115	-15.6875168868	-24.4890068445	-11.7360009202	-3.660498214	-12.1382313366	-9.12708618946	-17.1099263252