Tissue	adiposesubcutaneous
N_samples	295
Chr	12
Gene	ENSG00000170486.6
SNP	rs75945980
Gene_list	ENSG00000125780.11	ENSG00000167968.8	ENSG00000221852.4	ENSG00000198754.5	ENSG00000189120.3	ENSG00000064195.7	ENSG00000170486.6	ENSG00000241233.1	ENSG00000113396.8	ENSG00000243284.1	ENSG00000203697.7
Gene expression stats (Y^T * Y): 
285.302015061	203.328766903	132.783709489	140.657891878	199.771486778	165.159267896	178.171968738	125.317525032	168.669308667	145.569947653	148.511887019
203.328766903	285.302015061	168.914227868	158.466922792	211.671841438	216.64471013	216.421299799	149.547175983	200.05317774	200.096355352	182.9432932
132.783709489	168.914227868	285.302015061	142.211182405	144.282584571	167.546580034	224.272822712	166.838406442	137.746456173	203.068711809	136.785427365
140.657891878	158.466922792	142.211182405	285.302015061	142.656207696	135.127882223	172.610246511	106.550872006	145.193404008	132.546458927	121.234948184
199.771486778	211.671841438	144.282584571	142.656207696	285.302015061	194.438248781	186.524182856	134.332881853	183.363643723	165.478059818	178.83756796
165.159267896	216.64471013	167.546580034	135.127882223	194.438248781	285.302015061	192.666255211	139.827402877	175.371001593	246.593769493	179.07931087
178.171968738	216.421299799	224.272822712	172.610246511	186.524182856	192.666255211	285.302015061	195.454150523	175.757619444	199.950711661	185.379581272
125.317525032	149.547175983	166.838406442	106.550872006	134.332881853	139.827402877	195.454150523	285.302015061	119.044253676	134.795303416	131.289859446
168.669308667	200.05317774	137.746456173	145.193404008	183.363643723	175.371001593	175.757619444	119.044253676	285.302015061	153.251277476	153.352348922
145.569947653	200.096355352	203.068711809	132.546458927	165.478059818	246.593769493	199.950711661	134.795303416	153.251277476	285.302015061	167.37977881
148.511887019	182.9432932	136.785427365	121.234948184	178.83756796	179.07931087	185.379581272	131.289859446	153.352348922	167.37977881	285.302015061
Genotype stats (X^T * X): 	46.1759881831
Gene expression - Genotype stats (Y^T * X): 
13.1895494897	18.720887862	18.7310303154	17.2163100929	12.7103281904	12.2118609004	20.7844311928	16.4961251685	11.3556358862	15.6934871215	15.7852163426