Tissue	adiposesubcutaneous
N_samples	295
Chr	14
Gene	ENSG00000211899.3
SNP	rs79064924
Gene_list	ENSG00000211679.2	ENSG00000132465.6	ENSG00000239951.1	ENSG00000211893.3	ENSG00000211895.3	ENSG00000211899.3
Gene expression stats (Y^T * Y): 
285.302015061	201.767033764	191.413043353	205.798573474	225.618726052	186.476637143
201.767033764	285.302015061	223.662403332	186.461900642	199.997998259	188.028192025
191.413043353	223.662403332	285.302015061	204.970388343	193.298993165	182.748877332
205.798573474	186.461900642	204.970388343	285.302015061	206.792945995	174.182023956
225.618726052	199.997998259	193.298993165	206.792945995	285.302015061	180.242726626
186.476637143	188.028192025	182.748877332	174.182023956	180.242726626	285.302015061
Genotype stats (X^T * X): 	51.4603701492
Gene expression - Genotype stats (Y^T * X): 
8.79818496669	17.7603438654	21.7502016444	14.1787328065	15.1943667838	24.8003381112