Tissue	adiposesubcutaneous
N_samples	295
Chr	1
Gene	ENSG00000163435.11
SNP	rs4950760
Gene_list	ENSG00000171243.7	ENSG00000124664.6	ENSG00000135373.8	ENSG00000131746.8	ENSG00000167183.2	ENSG00000170426.1	ENSG00000116299.12	ENSG00000163435.11	ENSG00000182600.5
Gene expression stats (Y^T * Y): 
285.302015061	242.669908345	224.333504494	170.049010185	234.474932217	-175.057378047	223.576135197	173.095599788	208.627264855
242.669908345	285.302015061	248.038254864	203.608577889	267.677403012	-186.254808549	253.58250085	184.287762287	235.878716028
224.333504494	248.038254864	285.302015061	182.290800786	255.2700374	-199.082953682	237.736284249	214.901162235	209.343336896
170.049010185	203.608577889	182.290800786	285.302015061	188.664715253	-109.95767921	195.412690432	172.578340546	194.38034215
234.474932217	267.677403012	255.2700374	188.664715253	285.302015061	-186.94819791	249.813186511	185.609643705	230.303840194
-175.057378047	-186.254808549	-199.082953682	-109.95767921	-186.94819791	285.302015061	-183.159027787	-171.300979074	-160.715771477
223.576135197	253.58250085	237.736284249	195.412690432	249.813186511	-183.159027787	285.302015061	177.637362644	222.104975451
173.095599788	184.287762287	214.901162235	172.578340546	185.609643705	-171.300979074	177.637362644	285.302015061	175.78139875
208.627264855	235.878716028	209.343336896	194.38034215	230.303840194	-160.715771477	222.104975451	175.78139875	285.302015061
Genotype stats (X^T * X): 	140.571527783
Gene expression - Genotype stats (Y^T * X): 
15.5435060959	16.6234895487	16.9071577377	10.3881250247	13.4244790013	-16.6720791534	16.3089556988	38.5667016426	18.8463250232