Tissue	adiposesubcutaneous
N_samples	295
Chr	16
Gene	ENSG00000167526.9
SNP	rs730264
Gene_list	ENSG00000115268.5	ENSG00000130255.8	ENSG00000105640.8	ENSG00000124614.9	ENSG00000108298.5	ENSG00000105193.4	ENSG00000142937.7	ENSG00000063177.8	ENSG00000142534.2	ENSG00000170889.9	ENSG00000171858.13	ENSG00000167526.9	ENSG00000136942.10
Gene expression stats (Y^T * Y): 
285.302015061	252.946524807	255.145962716	240.592721843	237.310487339	253.023838908	218.963990207	249.748830097	234.53212776	230.41073567	250.573438311	256.294598205	253.658905852
252.946524807	285.302015061	252.046367264	242.807237724	241.204606689	250.032579692	223.111511915	241.112401451	231.593863052	227.015754195	245.061390595	247.702928198	251.438022864
255.145962716	252.046367264	285.302015061	243.653625543	248.085327856	258.384380714	235.876095398	259.7154843	238.920914547	242.905206895	247.186968757	253.67692242	244.404879617
240.592721843	242.807237724	243.653625543	285.302015061	250.906862328	239.234931882	236.885872331	248.141230371	246.043268719	230.383611731	254.003382447	237.081134951	249.447747585
237.310487339	241.204606689	248.085327856	250.906862328	285.302015061	245.10635622	249.665486647	259.843896271	254.50511195	224.547760806	246.003578538	231.417444418	237.645357357
253.023838908	250.032579692	258.384380714	239.234931882	245.10635622	285.302015061	223.496610874	246.097951959	241.106180498	229.355973572	252.775769351	240.125760676	236.641514294
218.963990207	223.111511915	235.876095398	236.885872331	249.665486647	223.496610874	285.302015061	247.741846811	238.92166552	219.735838684	220.132826614	229.530827325	227.963318614
249.748830097	241.112401451	259.7154843	248.141230371	259.843896271	246.097951959	247.741846811	285.302015061	253.064235044	237.046328828	250.674856936	247.35960752	243.73759116
234.53212776	231.593863052	238.920914547	246.043268719	254.50511195	241.106180498	238.92166552	253.064235044	285.302015061	223.323618332	252.991066362	233.481609532	235.512207417
230.41073567	227.015754195	242.905206895	230.383611731	224.547760806	229.355973572	219.735838684	237.046328828	223.323618332	285.302015061	224.880463743	229.537541425	229.060739223
250.573438311	245.061390595	247.186968757	254.003382447	246.003578538	252.775769351	220.132826614	250.674856936	252.991066362	224.880463743	285.302015061	237.966846087	245.849375942
256.294598205	247.702928198	253.67692242	237.081134951	231.417444418	240.125760676	229.530827325	247.35960752	233.481609532	229.537541425	237.966846087	285.302015061	246.665707554
253.658905852	251.438022864	244.404879617	249.447747585	237.645357357	236.641514294	227.963318614	243.73759116	235.512207417	229.060739223	245.849375942	246.665707554	285.302015061
Genotype stats (X^T * X): 	113.606779661
Gene expression - Genotype stats (Y^T * X): 
-4.61596629444	-6.04373531306	-9.40912095363	-4.0968691918	-4.29428547027	2.01182145656	-4.93936650453	-7.09967892763	-10.2204015256	-10.0431071059	-3.96977818756	-42.5042963024	-8.89363238331