Tissue	adiposesubcutaneous
N_samples	295
Chr	12
Gene	ENSG00000229117.4
SNP	rs10128924
Gene_list	ENSG00000115268.5	ENSG00000130255.8	ENSG00000144713.8	ENSG00000105640.8	ENSG00000134419.11	ENSG00000142676.8	ENSG00000198242.9	ENSG00000124614.9	ENSG00000198755.6	ENSG00000108298.5	ENSG00000105193.4	ENSG00000145592.9	ENSG00000131469.8	ENSG00000142937.7	ENSG00000265681.2	ENSG00000063177.8	ENSG00000142541.12	ENSG00000142534.2	ENSG00000213741.4	ENSG00000143947.8	ENSG00000229117.4	ENSG00000083845.4	ENSG00000171858.13	ENSG00000149806.6	ENSG00000172809.8	ENSG00000186468.8	ENSG00000156482.6	ENSG00000114391.8	ENSG00000071082.6	ENSG00000197958.8	ENSG00000112306.7	ENSG00000148303.12	ENSG00000182899.10	ENSG00000197756.5
Gene expression stats (Y^T * Y): 
285.302015061	252.946524807	227.970346084	255.145962716	220.154006155	214.360159987	210.666088989	240.592721843	191.511580322	237.310487339	253.023838908	220.948461992	233.025997235	218.963990207	209.827962676	249.748830097	233.12034704	234.53212776	228.005960501	212.113383682	230.791185898	225.032401444	250.573438311	236.786929888	242.801386993	219.6529277	190.448562241	204.604144503	212.153326067	202.641276796	206.782630198	207.494304777	211.574187077	239.041587585
252.946524807	285.302015061	234.520247096	252.046367264	225.941045936	223.000477717	226.235596151	242.807237724	201.398025629	241.204606689	250.032579692	237.809106619	229.785765856	223.111511915	224.316472705	241.112401451	238.480733105	231.593863052	227.793003733	220.200313978	238.067021153	219.310176549	245.061390595	230.605204547	244.236788269	214.490202341	195.55380938	208.790122069	224.257410356	217.644057359	216.530035316	216.141030032	212.56621807	243.014095356
227.970346084	234.520247096	285.302015061	234.472021147	256.371606612	253.545351512	253.91218534	241.610717952	235.083679078	265.168328996	240.348634109	242.042105064	245.859423964	244.609582938	247.149224646	249.484118847	232.382591739	255.809921012	237.779325009	248.680970572	249.533778486	236.979800363	244.486114635	232.481627982	242.496517654	246.71827545	253.595167371	256.583786765	262.707010401	237.087942013	228.962501405	245.654036764	253.677602665	249.338136323
255.145962716	252.046367264	234.472021147	285.302015061	220.247628253	214.680899582	220.926192107	243.653625543	221.781293792	248.085327856	258.384380714	213.986404639	219.063172133	235.876095398	229.618662968	259.7154843	250.185697702	238.920914547	223.36147071	217.066654799	232.434246062	249.351999942	247.186968757	228.557223407	222.06326567	221.112247939	192.77572115	209.721497121	224.312590983	216.429008597	221.790662082	236.049496406	203.767684295	238.789681597
220.154006155	225.941045936	256.371606612	220.247628253	285.302015061	248.678742035	249.973991763	241.927586826	226.572345047	243.308080576	228.640121775	212.996289479	255.643117571	239.009904735	245.078265164	235.876419361	206.383984272	244.056768103	239.734583149	252.670959695	240.148562699	214.005253766	238.057646323	204.924751851	228.814284361	243.323382124	247.29002209	251.581483798	247.256509625	220.645809964	219.477548182	225.807880025	261.505191949	230.569996408
214.360159987	223.000477717	253.545351512	214.680899582	248.678742035	285.302015061	240.051304558	221.760208679	220.033938594	247.774323388	217.061186329	227.032096452	232.856519831	233.797073803	234.845705927	229.698231459	212.027737655	228.49897705	223.905174446	232.224696007	243.698985582	217.967282553	208.007285968	203.529757147	234.968132326	223.846942159	253.139688527	249.945620278	242.271791312	224.851182749	230.332397325	236.564749112	243.543936289	240.857549051
210.666088989	226.235596151	253.91218534	220.926192107	249.973991763	240.051304558	285.302015061	231.824882627	225.563643451	249.514199317	236.290945253	219.695884946	240.777188375	237.319745127	235.852728308	222.739517053	219.37289678	235.936975871	215.170212653	241.94020216	237.734306925	216.385187107	228.047033632	211.58330944	225.838957606	240.552486207	235.458868428	233.862642782	248.705284584	211.580060464	223.814315461	233.560763232	234.247802787	243.240107734
240.592721843	242.807237724	241.610717952	243.653625543	241.927586826	221.760208679	231.824882627	285.302015061	222.458208373	250.906862328	239.234931882	218.856158009	246.665950448	236.885872331	238.194032662	248.141230371	228.770098522	246.043268719	241.477432372	241.894730385	237.201625182	240.287089534	254.003382447	223.983455873	223.270384836	238.002899283	214.429019044	227.02751013	237.81685981	215.44975747	232.61104901	229.464914644	233.060801371	230.150793495
191.511580322	201.398025629	235.083679078	221.781293792	226.572345047	220.033938594	225.563643451	222.458208373	285.302015061	237.466405094	211.276652472	198.692783569	202.100997121	250.74951572	239.009862045	236.014346006	218.225213056	221.970400538	212.250962841	232.230163974	234.050669533	236.706937544	201.955071661	199.316160547	184.684256403	226.371977829	214.742594921	239.694458387	231.210552893	226.89769631	223.335603073	242.596565287	222.108717686	209.905171723
237.310487339	241.204606689	265.168328996	248.085327856	243.308080576	247.774323388	249.514199317	250.906862328	237.466405094	285.302015061	245.10635622	247.633665041	236.910398619	249.665486647	249.942220103	259.843896271	249.399086149	254.50511195	237.029725001	249.511217661	254.076184937	250.570237694	246.003578538	238.706789248	239.639057952	245.449329368	236.497981581	243.648273926	251.89169785	240.937612814	241.422280233	251.85951245	240.555429966	245.955913597
253.023838908	250.032579692	240.348634109	258.384380714	228.640121775	217.061186329	236.290945253	239.234931882	211.276652472	245.10635622	285.302015061	221.242425197	232.539875958	223.496610874	216.869640858	246.097951959	249.645996964	241.106180498	218.494165144	215.972083944	236.114078526	226.803222411	252.775769351	246.233393743	241.610312218	235.970946882	199.642146913	210.261199861	230.053254859	202.84368474	208.384336063	231.344114171	211.010854711	254.71264343
220.948461992	237.809106619	242.042105064	213.986404639	212.996289479	227.032096452	219.695884946	218.856158009	198.692783569	247.633665041	221.242425197	285.302015061	211.146652056	207.279509455	223.822570429	214.777143835	238.34311597	223.54102447	224.751840873	225.657622352	251.037563842	204.642661763	219.376915489	234.053389566	249.663107654	228.262811738	210.449457626	204.850720917	225.660719857	222.684493532	221.282026427	214.230076454	210.769493047	242.441535501
233.025997235	229.785765856	245.859423964	219.063172133	255.643117571	232.856519831	240.777188375	246.665950448	202.100997121	236.910398619	232.539875958	211.146652056	285.302015061	226.151205746	228.23366539	228.865908152	204.519416193	234.212201288	248.349332503	235.849887306	230.887237022	217.826103708	242.733638321	209.22191941	230.579007363	232.013045176	227.473975978	234.462778912	239.97386575	210.252322606	226.672028991	214.43840183	246.702911454	232.997440702
218.963990207	223.111511915	244.609582938	235.876095398	239.009904735	233.797073803	237.319745127	236.885872331	250.74951572	249.665486647	223.496610874	207.279509455	226.151205746	285.302015061	250.644444566	247.741846811	222.460119882	238.92166552	221.117020215	243.8270745	234.773867325	237.943546516	220.132826614	198.603607836	201.412730596	230.043856617	214.177620051	249.84202041	239.284641741	233.024959045	233.436928122	245.440747101	233.344521228	215.699164369
209.827962676	224.316472705	247.149224646	229.618662968	245.078265164	234.845705927	235.852728308	238.194032662	239.009862045	249.942220103	216.869640858	223.822570429	228.23366539	250.644444566	285.302015061	238.474640748	222.521489457	223.930680446	228.598134951	256.462901202	236.890532558	228.225569979	221.396898905	196.974417107	218.138892114	243.163455978	227.377936325	243.022151191	235.629620031	232.631855328	236.531380611	236.091990818	240.17813189	218.72713084
249.748830097	241.112401451	249.484118847	259.7154843	235.876419361	229.698231459	222.739517053	248.141230371	236.014346006	259.843896271	246.097951959	214.777143835	228.865908152	247.741846811	238.474640748	285.302015061	240.708107787	253.064235044	236.995063738	231.680500724	240.336769777	252.142297623	250.674856936	237.367143987	225.189179693	228.5818612	219.684248563	238.325941395	237.762361729	231.408207481	218.759585673	237.301648968	237.776513323	232.034473351
233.12034704	238.480733105	232.382591739	250.185697702	206.383984272	212.027737655	219.37289678	228.770098522	218.225213056	249.399086149	249.645996964	238.34311597	204.519416193	222.460119882	222.521489457	240.708107787	285.302015061	235.463343762	207.59736842	215.463940525	245.137783333	234.703563328	228.566347883	237.623898538	221.643350378	225.721776413	186.510337737	197.697828446	226.374072573	219.657230305	222.546403412	243.420794888	200.286813341	242.125346581
234.53212776	231.593863052	255.809921012	238.920914547	244.056768103	228.49897705	235.936975871	246.043268719	221.970400538	254.50511195	241.106180498	223.54102447	234.212201288	238.92166552	223.930680446	253.064235044	235.463343762	285.302015061	228.650404678	237.361981029	241.961861577	230.837462384	252.991066362	236.170980755	223.767277726	228.217135906	229.584363289	237.973395486	249.881806228	215.461219639	206.885673379	232.969681123	242.789022087	235.77200878
228.005960501	227.793003733	237.779325009	223.36147071	239.734583149	223.905174446	215.170212653	241.477432372	212.250962841	237.029725001	218.494165144	224.751840873	248.349332503	221.117020215	228.598134951	236.995063738	207.59736842	228.650404678	285.302015061	231.160431772	245.930052564	225.163449975	238.517219564	219.598386929	228.54798771	224.388612224	222.95381113	224.713398781	225.779142833	218.822383326	238.488057968	210.697101264	233.902241058	231.652393759
212.113383682	220.200313978	248.680970572	217.066654799	252.670959695	232.224696007	241.94020216	241.894730385	232.230163974	249.511217661	215.972083944	225.657622352	235.849887306	243.8270745	256.462901202	231.680500724	215.463940525	237.361981029	231.160431772	285.302015061	240.510411534	223.848225524	236.548767064	213.168732644	223.946510936	244.05597195	236.25728609	246.849188251	233.280660587	221.922073383	226.511540829	220.577870805	251.981645289	213.854128912
230.791185898	238.067021153	249.533778486	232.434246062	240.148562699	243.698985582	237.734306925	237.201625182	234.050669533	254.076184937	236.114078526	251.037563842	230.887237022	234.773867325	236.890532558	240.336769777	245.137783333	241.961861577	245.930052564	240.510411534	285.302015061	231.793634539	230.72661674	241.972016827	242.634764672	239.728607069	229.483633889	230.632729381	234.245347976	230.66960115	239.113532095	239.473118914	234.685853865	254.422134416
225.032401444	219.310176549	236.979800363	249.351999942	214.005253766	217.967282553	216.385187107	240.287089534	236.706937544	250.570237694	226.803222411	204.642661763	217.826103708	237.943546516	228.225569979	252.142297623	234.703563328	230.837462384	225.163449975	223.848225524	231.793634539	285.302015061	226.919327401	215.151028955	198.250774503	210.925074989	206.816131131	226.851983066	224.725096499	218.040460838	238.8116197	242.459139717	206.879790388	220.019883122
250.573438311	245.061390595	244.486114635	247.186968757	238.057646323	208.007285968	228.047033632	254.003382447	201.955071661	246.003578538	252.775769351	219.376915489	242.733638321	220.132826614	221.396898905	250.674856936	228.566347883	252.991066362	238.517219564	236.548767064	230.72661674	226.919327401	285.302015061	239.340925127	234.942977562	234.827114974	209.197958601	214.329541122	232.353772007	210.138149098	202.387344098	212.169312784	232.162473983	237.913081198
236.786929888	230.605204547	232.481627982	228.557223407	204.924751851	203.529757147	211.58330944	223.983455873	199.316160547	238.706789248	246.233393743	234.053389566	209.22191941	198.603607836	196.974417107	237.367143987	237.623898538	236.170980755	219.598386929	213.168732644	241.972016827	215.151028955	239.340925127	285.302015061	245.074048288	218.112260145	201.559774187	203.290578619	218.365224237	196.159414285	188.508034751	207.612087943	207.511311221	240.349601179
242.801386993	244.236788269	242.496517654	222.06326567	228.814284361	234.968132326	225.838957606	223.270384836	184.684256403	239.639057952	241.610312218	249.663107654	230.579007363	201.412730596	218.138892114	225.189179693	221.643350378	223.767277726	228.54798771	223.946510936	242.634764672	198.250774503	234.942977562	245.074048288	285.302015061	231.912448729	220.933264726	215.59949479	219.111022028	204.066437497	208.309159141	205.383088552	224.970283739	248.12644642
219.6529277	214.490202341	246.71827545	221.112247939	243.323382124	223.846942159	240.552486207	238.002899283	226.371977829	245.449329368	235.970946882	228.262811738	232.013045176	230.043856617	243.163455978	228.5818612	225.721776413	228.217135906	224.388612224	244.05597195	239.728607069	210.925074989	234.827114974	218.112260145	231.912448729	285.302015061	224.537134847	224.511256829	239.484214856	213.963999654	224.142086874	225.485043111	241.12220078	236.992370142
190.448562241	195.55380938	253.595167371	192.77572115	247.29002209	253.139688527	235.458868428	214.429019044	214.742594921	236.497981581	199.642146913	210.449457626	227.473975978	214.177620051	227.377936325	219.684248563	186.510337737	229.584363289	222.95381113	236.25728609	229.483633889	206.816131131	209.197958601	201.559774187	220.933264726	224.537134847	285.302015061	249.974098355	241.236593312	219.825812589	206.563998319	212.036189786	254.437479834	217.979998972
204.604144503	208.790122069	256.583786765	209.721497121	251.581483798	249.945620278	233.862642782	227.02751013	239.694458387	243.648273926	210.261199861	204.850720917	234.462778912	249.84202041	243.022151191	238.325941395	197.697828446	237.973395486	224.713398781	246.849188251	230.632729381	226.851983066	214.329541122	203.290578619	215.59949479	224.511256829	249.974098355	285.302015061	240.970507876	225.979420286	221.139565588	226.327021204	257.637959531	212.834095793
212.153326067	224.257410356	262.707010401	224.312590983	247.256509625	242.271791312	248.705284584	237.81685981	231.210552893	251.89169785	230.053254859	225.660719857	239.97386575	239.284641741	235.629620031	237.762361729	226.374072573	249.881806228	225.779142833	233.280660587	234.245347976	224.725096499	232.353772007	218.365224237	219.111022028	239.484214856	241.236593312	240.970507876	285.302015061	226.880128967	222.67272715	244.289688403	244.57921083	242.796176652
202.641276796	217.644057359	237.087942013	216.429008597	220.645809964	224.851182749	211.580060464	215.44975747	226.89769631	240.937612814	202.84368474	222.684493532	210.252322606	233.024959045	232.631855328	231.408207481	219.657230305	215.461219639	218.822383326	221.922073383	230.66960115	218.040460838	210.138149098	196.159414285	204.066437497	213.963999654	219.825812589	225.979420286	226.880128967	285.302015061	225.203387244	221.771223709	228.534997482	211.462844278
206.782630198	216.530035316	228.962501405	221.790662082	219.477548182	230.332397325	223.814315461	232.61104901	223.335603073	241.422280233	208.384336063	221.282026427	226.672028991	233.436928122	236.531380611	218.759585673	222.546403412	206.885673379	238.488057968	226.511540829	239.113532095	238.8116197	202.387344098	188.508034751	208.309159141	224.142086874	206.563998319	221.139565588	222.67272715	225.203387244	285.302015061	235.263176953	209.913094521	225.682656205
207.494304777	216.141030032	245.654036764	236.049496406	225.807880025	236.564749112	233.560763232	229.464914644	242.596565287	251.85951245	231.344114171	214.230076454	214.43840183	245.440747101	236.091990818	237.301648968	243.420794888	232.969681123	210.697101264	220.577870805	239.473118914	242.459139717	212.169312784	207.612087943	205.383088552	225.485043111	212.036189786	226.327021204	244.289688403	221.771223709	235.263176953	285.302015061	209.058113009	241.194677897
211.574187077	212.56621807	253.677602665	203.767684295	261.505191949	243.543936289	234.247802787	233.060801371	222.108717686	240.555429966	211.010854711	210.769493047	246.702911454	233.344521228	240.17813189	237.776513323	200.286813341	242.789022087	233.902241058	251.981645289	234.685853865	206.879790388	232.162473983	207.511311221	224.970283739	241.12220078	254.437479834	257.637959531	244.57921083	228.534997482	209.913094521	209.058113009	285.302015061	215.71216101
239.041587585	243.014095356	249.338136323	238.789681597	230.569996408	240.857549051	243.240107734	230.150793495	209.905171723	245.955913597	254.71264343	242.441535501	232.997440702	215.699164369	218.72713084	232.034473351	242.125346581	235.77200878	231.652393759	213.854128912	254.422134416	220.019883122	237.913081198	240.349601179	248.12644642	236.992370142	217.979998972	212.834095793	242.796176652	211.462844278	225.682656205	241.194677897	215.71216101	285.302015061
Genotype stats (X^T * X): 	31.1052825288
Gene expression - Genotype stats (Y^T * X): 
-14.9844979691	-11.6259117356	-14.4662955579	-9.98902294716	-17.4253962595	-10.4162134509	-11.8177906046	-23.836720716	-16.2265341099	-13.6793071066	-11.1151966465	-8.89138045903	-14.6572446945	-16.5691228881	-13.320973642	-13.4169163409	-8.44255182814	-16.4402627528	-18.0374802031	-18.3560132497	-15.7916359915	-14.5539279968	-14.366873844	-12.4139962058	-7.6866625957	-20.741112306	-16.2873352843	-16.4631245124	-13.7716538703	-11.67874129	-13.2906293464	-12.1075789152	-17.7945741617	-12.427837993