Tissue	adiposesubcutaneous
N_samples	295
Chr	9
Gene	ENSG00000197958.8
SNP	rs6478770
Gene_list	ENSG00000144713.8	ENSG00000108298.5	ENSG00000142937.7	ENSG00000265681.2	ENSG00000063177.8	ENSG00000229117.4	ENSG00000197958.8	ENSG00000182899.10
Gene expression stats (Y^T * Y): 
285.302015061	265.168328996	244.609582938	247.149224646	249.484118847	249.533778486	237.087942013	253.677602665
265.168328996	285.302015061	249.665486647	249.942220103	259.843896271	254.076184937	240.937612814	240.555429966
244.609582938	249.665486647	285.302015061	250.644444566	247.741846811	234.773867325	233.024959045	233.344521228
247.149224646	249.942220103	250.644444566	285.302015061	238.474640748	236.890532558	232.631855328	240.17813189
249.484118847	259.843896271	247.741846811	238.474640748	285.302015061	240.336769777	231.408207481	237.776513323
249.533778486	254.076184937	234.773867325	236.890532558	240.336769777	285.302015061	230.66960115	234.685853865
237.087942013	240.937612814	233.024959045	232.631855328	231.408207481	230.66960115	285.302015061	228.534997482
253.677602665	240.555429966	233.344521228	240.17813189	237.776513323	234.685853865	228.534997482	285.302015061
Genotype stats (X^T * X): 	130.745762712
Gene expression - Genotype stats (Y^T * X): 
4.86818754721	3.23991202058	0.959994552211	6.14641491131	-3.79017353649	11.72907388	51.3634808809	5.22682147072