Tissue	adiposesubcutaneous
N_samples	295
Chr	16
Gene	ENSG00000133392.12
SNP	rs215033
Gene_list	ENSG00000130176.3	ENSG00000133392.12	ENSG00000125868.11	ENSG00000198467.9	ENSG00000163017.9	ENSG00000107796.8	ENSG00000159176.9	ENSG00000175084.7
Gene expression stats (Y^T * Y): 
285.302015061	249.623313851	224.629290066	222.808714526	257.753016638	200.362850173	219.319019355	233.615671457
249.623313851	285.302015061	239.891928444	249.141274216	250.125981721	235.320747805	246.055891704	237.666188099
224.629290066	239.891928444	285.302015061	224.792087848	209.438820527	221.248947546	228.078659619	182.367600039
222.808714526	249.141274216	224.792087848	285.302015061	238.410855064	242.428594055	249.435864031	210.777031491
257.753016638	250.125981721	209.438820527	238.410855064	285.302015061	226.018132075	237.462846299	243.907353653
200.362850173	235.320747805	221.248947546	242.428594055	226.018132075	285.302015061	264.788384381	172.378521985
219.319019355	246.055891704	228.078659619	249.435864031	237.462846299	264.788384381	285.302015061	194.601530082
233.615671457	237.666188099	182.367600039	210.777031491	243.907353653	172.378521985	194.601530082	285.302015061
Genotype stats (X^T * X): 	107.189711444
Gene expression - Genotype stats (Y^T * X): 
-27.615594192	-39.7086246416	-36.1167961285	-21.9400865058	-19.6932597461	-28.932936509	-26.5047560886	-29.709449607