Tissue	adiposesubcutaneous
N_samples	295
Chr	19
Gene	ENSG00000105640.8
SNP	rs111483995
Gene_list	ENSG00000115268.5	ENSG00000130255.8	ENSG00000144713.8	ENSG00000105640.8	ENSG00000221983.3	ENSG00000124614.9	ENSG00000108298.5	ENSG00000105193.4	ENSG00000105372.2	ENSG00000142937.7	ENSG00000265681.2	ENSG00000063177.8	ENSG00000142541.12	ENSG00000142534.2	ENSG00000162244.6	ENSG00000170889.9	ENSG00000229117.4	ENSG00000083845.4	ENSG00000171858.13	ENSG00000149806.6	ENSG00000137818.7	ENSG00000149273.10	ENSG00000167526.9	ENSG00000136942.10	ENSG00000148303.12	ENSG00000161016.11	ENSG00000197756.5
Gene expression stats (Y^T * Y): 
285.302015061	252.946524807	227.970346084	255.145962716	217.47537287	240.592721843	237.310487339	253.023838908	228.490452934	218.963990207	209.827962676	249.748830097	233.12034704	234.53212776	219.180210169	230.41073567	230.791185898	225.032401444	250.573438311	236.786929888	242.909998158	210.579600144	256.294598205	253.658905852	207.494304777	207.13552455	239.041587585
252.946524807	285.302015061	234.520247096	252.046367264	221.502897413	242.807237724	241.204606689	250.032579692	241.294620303	223.111511915	224.316472705	241.112401451	238.480733105	231.593863052	225.359373022	227.015754195	238.067021153	219.310176549	245.061390595	230.605204547	230.637191178	217.457149826	247.702928198	251.438022864	216.141030032	221.479744742	243.014095356
227.970346084	234.520247096	285.302015061	234.472021147	220.436608964	241.610717952	265.168328996	240.348634109	212.595891845	244.609582938	247.149224646	249.484118847	232.382591739	255.809921012	238.583943379	213.219532181	249.533778486	236.979800363	244.486114635	232.481627982	203.785692273	232.790563379	220.158151603	237.759911317	245.654036764	226.569430872	249.338136323
255.145962716	252.046367264	234.472021147	285.302015061	228.762307675	243.653625543	248.085327856	258.384380714	234.524530512	235.876095398	229.618662968	259.7154843	250.185697702	238.920914547	229.86490058	242.905206895	232.434246062	249.351999942	247.186968757	228.557223407	233.051043474	237.246225395	253.67692242	244.404879617	236.049496406	232.945404742	238.789681597
217.47537287	221.502897413	220.436608964	228.762307675	285.302015061	214.90621853	217.69873306	227.605572688	180.429142357	198.657087156	187.382555904	217.513774207	223.226864572	220.998339258	217.977765431	214.144115008	220.168409373	216.238381072	212.768710178	207.500022606	184.112640713	189.030029213	207.702810521	216.456956721	215.961940041	204.793454686	232.79283373
240.592721843	242.807237724	241.610717952	243.653625543	214.90621853	285.302015061	250.906862328	239.234931882	235.005080968	236.885872331	238.194032662	248.141230371	228.770098522	246.043268719	219.808662382	230.383611731	237.201625182	240.287089534	254.003382447	223.983455873	235.477707844	234.642612678	237.081134951	249.447747585	229.464914644	214.595832965	230.150793495
237.310487339	241.204606689	265.168328996	248.085327856	217.69873306	250.906862328	285.302015061	245.10635622	230.546592288	249.665486647	249.942220103	259.843896271	249.399086149	254.50511195	232.140443669	224.547760806	254.076184937	250.570237694	246.003578538	238.706789248	229.565929963	239.515730484	231.417444418	237.645357357	251.85951245	235.192327212	245.955913597
253.023838908	250.032579692	240.348634109	258.384380714	227.605572688	239.234931882	245.10635622	285.302015061	227.071345927	223.496610874	216.869640858	246.097951959	249.645996964	241.106180498	221.693595577	229.355973572	236.114078526	226.803222411	252.775769351	246.233393743	225.574314005	227.310840368	240.125760676	236.641514294	231.344114171	228.524587685	254.71264343
228.490452934	241.294620303	212.595891845	234.524530512	180.429142357	235.005080968	230.546592288	227.071345927	285.302015061	208.053240484	219.524843225	223.59700804	236.943296001	215.115347281	173.497559417	226.325358285	220.439363321	215.997019046	237.527625639	216.235037111	244.530128092	226.726533673	220.878015079	235.435692209	202.621170443	207.198583936	209.73667033
218.963990207	223.111511915	244.609582938	235.876095398	198.657087156	236.885872331	249.665486647	223.496610874	208.053240484	285.302015061	250.644444566	247.741846811	222.460119882	238.92166552	221.565767336	219.735838684	234.773867325	237.943546516	220.132826614	198.603607836	204.331654921	248.839504787	229.530827325	227.963318614	245.440747101	231.018172912	215.699164369
209.827962676	224.316472705	247.149224646	229.618662968	187.382555904	238.194032662	249.942220103	216.869640858	219.524843225	250.644444566	285.302015061	238.474640748	222.521489457	223.930680446	213.469483092	204.745721492	236.890532558	228.225569979	221.396898905	196.974417107	213.007062699	242.777020908	211.478387555	221.639162476	236.091990818	212.416768887	218.72713084
249.748830097	241.112401451	249.484118847	259.7154843	217.513774207	248.141230371	259.843896271	246.097951959	223.59700804	247.741846811	238.474640748	285.302015061	240.708107787	253.064235044	229.389696736	237.046328828	240.336769777	252.142297623	250.674856936	237.367143987	229.522821519	237.072630545	247.35960752	243.73759116	237.301648968	232.483867659	232.034473351
233.12034704	238.480733105	232.382591739	250.185697702	223.226864572	228.770098522	249.399086149	249.645996964	236.943296001	222.460119882	222.521489457	240.708107787	285.302015061	235.463343762	209.854192936	231.200953894	245.137783333	234.703563328	228.566347883	237.623898538	232.737358527	234.37000465	221.628528553	214.581481876	243.420794888	235.586539454	242.125346581
234.53212776	231.593863052	255.809921012	238.920914547	220.998339258	246.043268719	254.50511195	241.106180498	215.115347281	238.92166552	223.930680446	253.064235044	235.463343762	285.302015061	218.944280066	223.323618332	241.961861577	230.837462384	252.991066362	236.170980755	209.708022047	228.60141607	233.481609532	235.512207417	232.969681123	223.478787893	235.77200878
219.180210169	225.359373022	238.583943379	229.86490058	217.977765431	219.808662382	232.140443669	221.693595577	173.497559417	221.565767336	213.469483092	229.389696736	209.854192936	218.944280066	285.302015061	201.181276794	222.53650777	225.528117177	206.338819995	202.435697696	185.8617426	199.814225841	215.445402501	221.096869478	232.522924688	199.549028348	233.867990063
230.41073567	227.015754195	213.219532181	242.905206895	214.144115008	230.383611731	224.547760806	229.355973572	226.325358285	219.735838684	204.745721492	237.046328828	231.200953894	223.323618332	201.181276794	285.302015061	214.635174542	219.530251402	224.880463743	207.8348347	220.076207861	225.474003943	229.537541425	229.060739223	215.468747478	214.578110993	213.992252496
230.791185898	238.067021153	249.533778486	232.434246062	220.168409373	237.201625182	254.076184937	236.114078526	220.439363321	234.773867325	236.890532558	240.336769777	245.137783333	241.961861577	222.53650777	214.635174542	285.302015061	231.793634539	230.72661674	241.972016827	223.306753431	221.189670155	217.353675883	227.122959955	239.473118914	216.832701639	254.422134416
225.032401444	219.310176549	236.979800363	249.351999942	216.238381072	240.287089534	250.570237694	226.803222411	215.997019046	237.943546516	228.225569979	252.142297623	234.703563328	230.837462384	225.528117177	219.530251402	231.793634539	285.302015061	226.919327401	215.151028955	217.85829186	225.850258712	221.666159258	229.050151036	242.459139717	227.693783695	220.019883122
250.573438311	245.061390595	244.486114635	247.186968757	212.768710178	254.003382447	246.003578538	252.775769351	237.527625639	220.132826614	221.396898905	250.674856936	228.566347883	252.991066362	206.338819995	224.880463743	230.72661674	226.919327401	285.302015061	239.340925127	239.451942153	225.051577549	237.966846087	245.849375942	212.169312784	211.229387333	237.913081198
236.786929888	230.605204547	232.481627982	228.557223407	207.500022606	223.983455873	238.706789248	246.233393743	216.235037111	198.603607836	196.974417107	237.367143987	237.623898538	236.170980755	202.435697696	207.8348347	241.972016827	215.151028955	239.340925127	285.302015061	212.017282456	191.521745762	214.309156556	219.713333661	207.612087943	221.499184701	240.349601179
242.909998158	230.637191178	203.785692273	233.051043474	184.112640713	235.477707844	229.565929963	225.574314005	244.530128092	204.331654921	213.007062699	229.522821519	232.737358527	209.708022047	185.8617426	220.076207861	223.306753431	217.85829186	239.451942153	212.017282456	285.302015061	214.348395442	223.430249388	226.195376525	196.420552451	184.885117465	214.611136203
210.579600144	217.457149826	232.790563379	237.246225395	189.030029213	234.642612678	239.515730484	227.310840368	226.726533673	248.839504787	242.777020908	237.072630545	234.37000465	228.60141607	199.814225841	225.474003943	221.189670155	225.850258712	225.051577549	191.521745762	214.348395442	285.302015061	219.609804932	212.008334926	245.560116601	226.563446815	217.282573406
256.294598205	247.702928198	220.158151603	253.67692242	207.702810521	237.081134951	231.417444418	240.125760676	220.878015079	229.530827325	211.478387555	247.35960752	221.628528553	233.481609532	215.445402501	229.537541425	217.353675883	221.666159258	237.966846087	214.309156556	223.430249388	219.609804932	285.302015061	246.665707554	206.000700249	207.755497095	214.295646667
253.658905852	251.438022864	237.759911317	244.404879617	216.456956721	249.447747585	237.645357357	236.641514294	235.435692209	227.963318614	221.639162476	243.73759116	214.581481876	235.512207417	221.096869478	229.060739223	227.122959955	229.050151036	245.849375942	219.713333661	226.195376525	212.008334926	246.665707554	285.302015061	205.271591546	201.663218668	226.023160387
207.494304777	216.141030032	245.654036764	236.049496406	215.961940041	229.464914644	251.85951245	231.344114171	202.621170443	245.440747101	236.091990818	237.301648968	243.420794888	232.969681123	232.522924688	215.468747478	239.473118914	242.459139717	212.169312784	207.612087943	196.420552451	245.560116601	206.000700249	205.271591546	285.302015061	232.340268908	241.194677897
207.13552455	221.479744742	226.569430872	232.945404742	204.793454686	214.595832965	235.192327212	228.524587685	207.198583936	231.018172912	212.416768887	232.483867659	235.586539454	223.478787893	199.549028348	214.578110993	216.832701639	227.693783695	211.229387333	221.499184701	184.885117465	226.563446815	207.755497095	201.663218668	232.340268908	285.302015061	217.867516479
239.041587585	243.014095356	249.338136323	238.789681597	232.79283373	230.150793495	245.955913597	254.71264343	209.73667033	215.699164369	218.72713084	232.034473351	242.125346581	235.77200878	233.867990063	213.992252496	254.422134416	220.019883122	237.913081198	240.349601179	214.611136203	217.282573406	214.295646667	226.023160387	241.194677897	217.867516479	285.302015061
Genotype stats (X^T * X): 	18.8940201898
Gene expression - Genotype stats (Y^T * X): 
-10.5346205127	-11.4359494789	-10.9187605555	-12.5330955855	-13.8798775	-12.5883865073	-10.7851730997	-8.75871235953	-10.8088165532	-12.1442346998	-10.5317223297	-10.5202078695	-11.713956716	-11.1601788728	-13.1779248107	-11.4591789107	-9.48912894789	-15.0304166372	-9.41204994527	-6.68369917429	-8.99671077197	-8.94133954657	-10.8133083454	-12.9823412214	-10.7205143931	-7.42807425005	-9.5522425741