Tissue	adiposesubcutaneous
N_samples	295
Chr	22
Gene	ENSG00000198125.8
SNP	rs5999901
Gene_list	ENSG00000180209.7	ENSG00000156885.4	ENSG00000198125.8	ENSG00000173991.5	ENSG00000104879.4	ENSG00000105048.12	ENSG00000111245.10	ENSG00000159173.14	ENSG00000168530.11
Gene expression stats (Y^T * Y): 
285.302015061	226.905740803	229.466557939	227.905946421	206.484441556	250.13930561	211.031928097	258.530832885	270.951687246
226.905740803	285.302015061	234.895262595	261.78103449	208.537298889	228.310985979	233.6663034	241.247529558	229.444338964
229.466557939	234.895262595	285.302015061	247.428876527	257.682339196	249.138619593	260.739092343	229.537227626	240.165505933
227.905946421	261.78103449	247.428876527	285.302015061	215.453664424	229.567406077	244.057640576	233.328516079	232.316936205
206.484441556	208.537298889	257.682339196	215.453664424	285.302015061	247.214519524	255.790034266	216.369143593	220.317101147
250.13930561	228.310985979	249.138619593	229.567406077	247.214519524	285.302015061	241.883207121	259.878254403	263.480205116
211.031928097	233.6663034	260.739092343	244.057640576	255.790034266	241.883207121	285.302015061	224.795673823	219.918570564
258.530832885	241.247529558	229.537227626	233.328516079	216.369143593	259.878254403	224.795673823	285.302015061	263.755490299
270.951687246	229.444338964	240.165505933	232.316936205	220.317101147	263.480205116	219.918570564	263.755490299	285.302015061
Genotype stats (X^T * X): 	76.7683660814
Gene expression - Genotype stats (Y^T * X): 
-26.6606051227	-15.9820242101	-31.3093994317	-20.645528647	-28.6258933851	-29.4826553147	-30.3957855572	-27.6130536034	-28.8331431158