Tissue	adiposesubcutaneous
N_samples	295
Chr	11
Gene	ENSG00000124935.3
SNP	rs61896568
Gene_list	ENSG00000171346.9	ENSG00000186847.5	ENSG00000128422.11	ENSG00000161798.6	ENSG00000124935.3	ENSG00000110484.6	ENSG00000159763.3
Gene expression stats (Y^T * Y): 
285.302015061	260.625949957	248.755396329	247.12654686	240.386844295	208.057541804	246.90513942
260.625949957	285.302015061	250.166222744	232.296713152	244.215349325	197.162052833	243.002789443
248.755396329	250.166222744	285.302015061	234.976627119	244.087850762	194.738265524	235.988491476
247.12654686	232.296713152	234.976627119	285.302015061	250.635078149	206.673115658	258.489490951
240.386844295	244.215349325	244.087850762	250.635078149	285.302015061	234.641472434	270.107311283
208.057541804	197.162052833	194.738265524	206.673115658	234.641472434	285.302015061	213.772350499
246.90513942	243.002789443	235.988491476	258.489490951	270.107311283	213.772350499	285.302015061
Genotype stats (X^T * X): 	32.3242393424
Gene expression - Genotype stats (Y^T * X): 
17.4470245247	16.8842239227	15.9481539451	18.1933614504	18.1119119411	15.8830077244	17.2355082684