Tissue	adiposesubcutaneous
N_samples	295
Chr	19
Gene	ENSG00000105141.4
SNP	rs4809012
Gene_list	ENSG00000105141.4	ENSG00000158055.11	ENSG00000134760.5	ENSG00000204421.2	ENSG00000188910.7	ENSG00000188505.4	ENSG00000169035.7	ENSG00000148600.10	ENSG00000126233.1	ENSG00000143631.10	ENSG00000143520.6	ENSG00000203785.4
Gene expression stats (Y^T * Y): 
285.302015061	237.142606468	238.901638429	263.048226906	242.607893411	250.917038299	235.310457772	264.880272421	255.254595133	272.691745868	253.329763528	230.668012308
237.142606468	285.302015061	209.652589467	214.002279623	207.406716124	252.143936699	205.91921366	222.869054619	209.448151705	221.655996233	188.848827025	178.580110084
238.901638429	209.652589467	285.302015061	236.793877361	217.034377123	192.046935881	261.319227509	215.913330929	208.108525729	227.12286865	217.225370638	189.412630245
263.048226906	214.002279623	236.793877361	285.302015061	232.720860894	223.024116491	223.1509612	251.674956558	257.646169519	266.153509596	262.302702103	240.208857488
242.607893411	207.406716124	217.034377123	232.720860894	285.302015061	212.321216764	219.192384787	234.091448666	227.019392232	242.808201659	221.003777493	204.482170196
250.917038299	252.143936699	192.046935881	223.024116491	212.321216764	285.302015061	188.037704704	229.666597416	222.657744916	233.75010529	210.022971275	200.966158647
235.310457772	205.91921366	261.319227509	223.1509612	219.192384787	188.037704704	285.302015061	214.981898898	203.959291391	220.475922301	197.569305753	177.081419435
264.880272421	222.869054619	215.913330929	251.674956558	234.091448666	229.666597416	214.981898898	285.302015061	252.165127502	268.325832665	245.455616549	225.595828446
255.254595133	209.448151705	208.108525729	257.646169519	227.019392232	222.657744916	203.959291391	252.165127502	285.302015061	265.101592467	257.600633378	247.267954117
272.691745868	221.655996233	227.12286865	266.153509596	242.808201659	233.75010529	220.475922301	268.325832665	265.101592467	285.302015061	267.97018016	243.312328856
253.329763528	188.848827025	217.225370638	262.302702103	221.003777493	210.022971275	197.569305753	245.455616549	257.600633378	267.97018016	285.302015061	257.723170393
230.668012308	178.580110084	189.412630245	240.208857488	204.482170196	200.966158647	177.081419435	225.595828446	247.267954117	243.312328856	257.723170393	285.302015061
Genotype stats (X^T * X): 	151.361063647
Gene expression - Genotype stats (Y^T * X): 
35.9991679201	37.3568512409	41.0216159133	28.1716986394	42.3117333177	28.5575865849	34.7623877621	35.9945747344	24.6172336922	31.1459140828	29.0237416073	12.6689440816