Tissue	adiposesubcutaneous
N_samples	295
Chr	3
Gene	ENSG00000114391.8
SNP	rs145662843
Gene_list	ENSG00000161970.8	ENSG00000144713.8	ENSG00000110700.2	ENSG00000134419.11	ENSG00000137154.8	ENSG00000142676.8	ENSG00000198242.9	ENSG00000198755.6	ENSG00000108298.5	ENSG00000131469.8	ENSG00000142937.7	ENSG00000265681.2	ENSG00000063177.8	ENSG00000142534.2	ENSG00000143947.8	ENSG00000229117.4	ENSG00000196531.6	ENSG00000138326.14	ENSG00000122406.8	ENSG00000156482.6	ENSG00000114391.8	ENSG00000071082.6	ENSG00000109475.12	ENSG00000118181.6	ENSG00000145425.5	ENSG00000177954.7	ENSG00000182899.10
Gene expression stats (Y^T * Y): 
285.302015061	240.808704	243.847781935	252.442564399	243.20268987	246.601466466	238.73606613	223.334982119	231.27954408	227.162430967	240.798246903	248.840264819	214.299526534	212.801063682	245.158447333	223.655376045	226.569382239	257.243033229	231.679167051	243.828522726	247.054351746	227.139072248	251.865723912	242.563487787	255.392446982	232.759566872	242.49206902
240.808704	285.302015061	236.796090788	256.371606612	240.12702551	253.545351512	253.91218534	235.083679078	265.168328996	245.859423964	244.609582938	247.149224646	249.484118847	255.809921012	248.680970572	249.533778486	203.749253647	228.676190337	218.64354381	253.595167371	256.583786765	262.707010401	241.601903702	224.93070395	225.787394033	223.598914319	253.677602665
243.847781935	236.796090788	285.302015061	242.148383849	228.594422966	234.895722955	228.23943107	219.204442128	223.939412781	230.947790132	229.688679145	230.200787388	216.488600613	212.738576438	233.74654065	206.46651623	222.918820973	230.350444563	226.860370811	246.769528469	243.0794761	231.479658865	232.98408472	242.058321129	241.077996637	229.847874874	242.392657687
252.442564399	256.371606612	242.148383849	285.302015061	225.44532961	248.678742035	249.973991763	226.572345047	243.308080576	255.643117571	239.009904735	245.078265164	235.876419361	244.056768103	252.670959695	240.148562699	209.110314446	235.916349034	208.289760589	247.29002209	251.581483798	247.256509625	253.200214096	238.962887946	244.572501736	232.178839488	261.505191949
243.20268987	240.12702551	228.594422966	225.44532961	285.302015061	242.148194062	231.599670071	226.262261531	232.992079118	215.311425856	243.391812157	243.827288409	215.633517324	204.36669581	227.181465169	217.444720971	204.27871172	238.555793045	238.595381737	219.327775556	237.250948733	226.234058311	212.934781655	216.425883704	234.680669244	190.923110979	214.092898106
246.601466466	253.545351512	234.895722955	248.678742035	242.148194062	285.302015061	240.051304558	220.033938594	247.774323388	232.856519831	233.797073803	234.845705927	229.698231459	228.49897705	232.224696007	243.698985582	225.74579027	231.137145882	232.489281535	253.139688527	249.945620278	242.271791312	229.537123159	241.59528687	230.886915582	218.85298793	243.543936289
238.73606613	253.91218534	228.23943107	249.973991763	231.599670071	240.051304558	285.302015061	225.563643451	249.514199317	240.777188375	237.319745127	235.852728308	222.739517053	235.936975871	241.94020216	237.734306925	198.77870729	231.208954656	217.572547252	235.458868428	233.862642782	248.705284584	224.454842993	220.553150254	228.153559237	207.961325165	234.247802787
223.334982119	235.083679078	219.204442128	226.572345047	226.262261531	220.033938594	225.563643451	285.302015061	237.466405094	202.100997121	250.74951572	239.009862045	236.014346006	221.970400538	232.230163974	234.050669533	178.895041786	226.15583077	227.144278991	214.742594921	239.694458387	231.210552893	206.771691654	206.257694484	221.568295331	215.134099701	222.108717686
231.27954408	265.168328996	223.939412781	243.308080576	232.992079118	247.774323388	249.514199317	237.466405094	285.302015061	236.910398619	249.665486647	249.942220103	259.843896271	254.50511195	249.511217661	254.076184937	190.199286789	221.701416022	218.465092438	236.497981581	243.648273926	251.89169785	232.871542896	215.80473202	212.664682218	228.66234102	240.555429966
227.162430967	245.859423964	230.947790132	255.643117571	215.311425856	232.856519831	240.777188375	202.100997121	236.910398619	285.302015061	226.151205746	228.23366539	228.865908152	234.212201288	235.849887306	230.887237022	180.974275035	215.725712125	184.626984936	227.473975978	234.462778912	239.97386575	238.091179227	224.997494045	217.839153971	200.097465185	246.702911454
240.798246903	244.609582938	229.688679145	239.009904735	243.391812157	233.797073803	237.319745127	250.74951572	249.665486647	226.151205746	285.302015061	250.644444566	247.741846811	238.92166552	243.8270745	234.773867325	188.977518892	238.273525978	220.116189355	214.177620051	249.84202041	239.284641741	232.994887771	223.515129236	239.440761054	225.886835653	233.344521228
248.840264819	247.149224646	230.200787388	245.078265164	243.827288409	234.845705927	235.852728308	239.009862045	249.942220103	228.23366539	250.644444566	285.302015061	238.474640748	223.930680446	256.462901202	236.890532558	189.740057841	240.795955028	223.60574426	227.377936325	243.022151191	235.629620031	237.6269119	221.573385921	233.876843682	222.00118005	240.17813189
214.299526534	249.484118847	216.488600613	235.876419361	215.633517324	229.698231459	222.739517053	236.014346006	259.843896271	228.865908152	247.741846811	238.474640748	285.302015061	253.064235044	231.680500724	240.336769777	166.524888448	202.361615802	194.288900572	219.684248563	238.325941395	237.762361729	225.899971971	210.28428545	204.65136991	231.958994623	237.776513323
212.801063682	255.809921012	212.738576438	244.056768103	204.36669581	228.49897705	235.936975871	221.970400538	254.50511195	234.212201288	238.92166552	223.930680446	253.064235044	285.302015061	237.361981029	241.961861577	168.137193234	209.801010704	183.761255233	229.584363289	237.973395486	249.881806228	229.515117027	206.909241228	211.718595737	232.50500069	242.789022087
245.158447333	248.680970572	233.74654065	252.670959695	227.181465169	232.224696007	241.94020216	232.230163974	249.511217661	235.849887306	243.8270745	256.462901202	231.680500724	237.361981029	285.302015061	240.510411534	195.374312607	229.032964094	216.505323669	236.25728609	246.849188251	233.280660587	252.865801389	226.580194977	241.004019975	234.458027607	251.981645289
223.655376045	249.533778486	206.46651623	240.148562699	217.444720971	243.698985582	237.734306925	234.050669533	254.076184937	230.887237022	234.773867325	236.890532558	240.336769777	241.961861577	240.510411534	285.302015061	159.107303775	212.0126533	189.406144842	229.483633889	230.632729381	234.245347976	217.181832795	205.741584418	197.546277438	211.266278862	234.685853865
226.569382239	203.749253647	222.918820973	209.110314446	204.27871172	225.74579027	198.77870729	178.895041786	190.199286789	180.974275035	188.977518892	189.740057841	166.524888448	168.137193234	195.374312607	159.107303775	285.302015061	216.157201751	243.218700999	228.703071199	228.740734185	197.616389476	213.552468728	229.020481402	231.446209739	198.677116991	217.69127209
257.243033229	228.676190337	230.350444563	235.916349034	238.555793045	231.137145882	231.208954656	226.15583077	221.701416022	215.725712125	238.273525978	240.795955028	202.361615802	209.801010704	229.032964094	212.0126533	216.157201751	285.302015061	237.257075533	222.107201268	235.494458142	227.652355533	224.565915152	228.077405657	251.034814166	205.457856481	225.399038627
231.679167051	218.64354381	226.860370811	208.289760589	238.595381737	232.489281535	217.572547252	227.144278991	218.465092438	184.626984936	220.116189355	223.60574426	194.288900572	183.761255233	216.505323669	189.406144842	243.218700999	237.257075533	285.302015061	226.618618215	234.967501012	213.705194996	203.722755111	222.075104063	239.343518867	199.919168076	213.610645308
243.828522726	253.595167371	246.769528469	247.29002209	219.327775556	253.139688527	235.458868428	214.742594921	236.497981581	227.473975978	214.177620051	227.377936325	219.684248563	229.584363289	236.25728609	229.483633889	228.703071199	222.107201268	226.618618215	285.302015061	249.974098355	241.236593312	235.485167638	237.215473525	230.096169553	236.164892993	254.437479834
247.054351746	256.583786765	243.0794761	251.581483798	237.250948733	249.945620278	233.862642782	239.694458387	243.648273926	234.462778912	249.84202041	243.022151191	238.325941395	237.973395486	246.849188251	230.632729381	228.740734185	235.494458142	234.967501012	249.974098355	285.302015061	240.970507876	247.489182157	249.040760809	245.527962197	238.310940355	257.637959531
227.139072248	262.707010401	231.479658865	247.256509625	226.234058311	242.271791312	248.705284584	231.210552893	251.89169785	239.97386575	239.284641741	235.629620031	237.762361729	249.881806228	233.280660587	234.245347976	197.616389476	227.652355533	213.705194996	241.236593312	240.970507876	285.302015061	224.979678434	216.630662071	223.472406216	217.013729335	244.57921083
251.865723912	241.601903702	232.98408472	253.200214096	212.934781655	229.537123159	224.454842993	206.771691654	232.871542896	238.091179227	232.994887771	237.6269119	225.899971971	229.515117027	252.865801389	217.181832795	213.552468728	224.565915152	203.722755111	235.485167638	247.489182157	224.979678434	285.302015061	238.037559395	246.640358481	239.193238413	264.798536751
242.563487787	224.93070395	242.058321129	238.962887946	216.425883704	241.59528687	220.553150254	206.257694484	215.80473202	224.997494045	223.515129236	221.573385921	210.28428545	206.909241228	226.580194977	205.741584418	229.020481402	228.077405657	222.075104063	237.215473525	249.040760809	216.630662071	238.037559395	285.302015061	240.186505195	221.768018475	246.688872257
255.392446982	225.787394033	241.077996637	244.572501736	234.680669244	230.886915582	228.153559237	221.568295331	212.664682218	217.839153971	239.440761054	233.876843682	204.65136991	211.718595737	241.004019975	197.546277438	231.446209739	251.034814166	239.343518867	230.096169553	245.527962197	223.472406216	246.640358481	240.186505195	285.302015061	227.773998457	241.875333303
232.759566872	223.598914319	229.847874874	232.178839488	190.923110979	218.85298793	207.961325165	215.134099701	228.66234102	200.097465185	225.886835653	222.00118005	231.958994623	232.50500069	234.458027607	211.266278862	198.677116991	205.457856481	199.919168076	236.164892993	238.310940355	217.013729335	239.193238413	221.768018475	227.773998457	285.302015061	241.142133955
242.49206902	253.677602665	242.392657687	261.505191949	214.092898106	243.543936289	234.247802787	222.108717686	240.555429966	246.702911454	233.344521228	240.17813189	237.776513323	242.789022087	251.981645289	234.685853865	217.69127209	225.399038627	213.610645308	254.437479834	257.637959531	244.57921083	264.798536751	246.688872257	241.875333303	241.142133955	285.302015061
Genotype stats (X^T * X): 	24.1220865085
Gene expression - Genotype stats (Y^T * X): 
10.8743142133	14.965698874	10.3416488742	11.5394039932	12.5540637834	10.9155261973	13.5212028187	12.7464472295	13.3585335383	11.1018879432	11.2996916775	12.2612895486	13.5158788105	12.3764910113	14.7952823346	12.0429073672	14.8178933133	13.220428587	15.9023550895	13.2791338172	14.4651509404	12.9818250481	14.5875620592	14.3003273954	14.3385212342	9.80942864114	14.021226393