Tissue	adiposesubcutaneous
N_samples	295
Chr	9
Gene	ENSG00000198467.9
SNP	rs10972532
Gene_list	ENSG00000133392.12	ENSG00000198467.9	ENSG00000163017.9	ENSG00000107796.8	ENSG00000149591.12	ENSG00000159176.9
Gene expression stats (Y^T * Y): 
285.302015061	249.141274216	250.125981721	235.320747805	207.788284089	246.055891704
249.141274216	285.302015061	238.410855064	242.428594055	229.191460704	249.435864031
250.125981721	238.410855064	285.302015061	226.018132075	192.372606116	237.462846299
235.320747805	242.428594055	226.018132075	285.302015061	240.864871391	264.788384381
207.788284089	229.191460704	192.372606116	240.864871391	285.302015061	239.050676992
246.055891704	249.435864031	237.462846299	264.788384381	239.050676992	285.302015061
Genotype stats (X^T * X): 	38.1089839458
Gene expression - Genotype stats (Y^T * X): 
16.8195914248	17.4681962077	18.6648161003	14.1014335449	15.0812717635	16.7531872867