Tissue	adiposesubcutaneous
N_samples	295
Chr	10
Gene	ENSG00000138207.8
SNP	rs36077620
Gene_list	ENSG00000177666.11	ENSG00000187288.6	ENSG00000175445.10	ENSG00000079435.5	ENSG00000167588.8	ENSG00000166819.7	ENSG00000138207.8	ENSG00000169692.8	ENSG00000181092.5
Gene expression stats (Y^T * Y): 
285.302015061	252.230061822	221.742059712	256.123735253	241.075620927	225.600347008	239.649014698	247.078485183	237.587828469
252.230061822	285.302015061	228.859141718	244.36686322	252.461145883	226.947085	255.234960064	255.465454468	246.000952074
221.742059712	228.859141718	285.302015061	212.711876219	231.698922941	229.185215048	230.448067999	226.610690251	253.262533243
256.123735253	244.36686322	212.711876219	285.302015061	240.555226425	222.655413122	236.276108056	228.332779706	242.737675908
241.075620927	252.461145883	231.698922941	240.555226425	285.302015061	246.481238575	246.014203852	246.273261691	244.041946779
225.600347008	226.947085	229.185215048	222.655413122	246.481238575	285.302015061	229.040115156	226.538504989	237.455815388
239.649014698	255.234960064	230.448067999	236.276108056	246.014203852	229.040115156	285.302015061	251.192095001	232.603662857
247.078485183	255.465454468	226.610690251	228.332779706	246.273261691	226.538504989	251.192095001	285.302015061	234.940335479
237.587828469	246.000952074	253.262533243	242.737675908	244.041946779	237.455815388	232.603662857	234.940335479	285.302015061
Genotype stats (X^T * X): 	74.0813559322
Gene expression - Genotype stats (Y^T * X): 
21.336483138	17.3168243266	21.3713471143	15.4957547519	20.4239669896	25.3890198203	25.7725933821	15.9539610375	18.4623078246