Tissue	adiposesubcutaneous
N_samples	295
Chr	11
Gene	ENSG00000118181.6
SNP	rs60065241
Gene_list	ENSG00000161970.8	ENSG00000110700.2	ENSG00000134419.11	ENSG00000142676.8	ENSG00000196531.6	ENSG00000156482.6	ENSG00000114391.8	ENSG00000109475.12	ENSG00000118181.6	ENSG00000145425.5	ENSG00000182899.10
Gene expression stats (Y^T * Y): 
285.302015061	243.847781935	252.442564399	246.601466466	226.569382239	243.828522726	247.054351746	251.865723912	242.563487787	255.392446982	242.49206902
243.847781935	285.302015061	242.148383849	234.895722955	222.918820973	246.769528469	243.0794761	232.98408472	242.058321129	241.077996637	242.392657687
252.442564399	242.148383849	285.302015061	248.678742035	209.110314446	247.29002209	251.581483798	253.200214096	238.962887946	244.572501736	261.505191949
246.601466466	234.895722955	248.678742035	285.302015061	225.74579027	253.139688527	249.945620278	229.537123159	241.59528687	230.886915582	243.543936289
226.569382239	222.918820973	209.110314446	225.74579027	285.302015061	228.703071199	228.740734185	213.552468728	229.020481402	231.446209739	217.69127209
243.828522726	246.769528469	247.29002209	253.139688527	228.703071199	285.302015061	249.974098355	235.485167638	237.215473525	230.096169553	254.437479834
247.054351746	243.0794761	251.581483798	249.945620278	228.740734185	249.974098355	285.302015061	247.489182157	249.040760809	245.527962197	257.637959531
251.865723912	232.98408472	253.200214096	229.537123159	213.552468728	235.485167638	247.489182157	285.302015061	238.037559395	246.640358481	264.798536751
242.563487787	242.058321129	238.962887946	241.59528687	229.020481402	237.215473525	249.040760809	238.037559395	285.302015061	240.186505195	246.688872257
255.392446982	241.077996637	244.572501736	230.886915582	231.446209739	230.096169553	245.527962197	246.640358481	240.186505195	285.302015061	241.875333303
242.49206902	242.392657687	261.505191949	243.543936289	217.69127209	254.437479834	257.637959531	264.798536751	246.688872257	241.875333303	285.302015061
Genotype stats (X^T * X): 	107.444067797
Gene expression - Genotype stats (Y^T * X): 
-14.2321852257	-24.5727457242	-16.204248533	-17.6329350177	-15.0523869669	-14.7618448124	-25.6511549385	-22.6509677986	-45.7408339724	-17.3220887667	-23.8311523424