Tissue	adiposesubcutaneous
N_samples	295
Chr	8
Gene	ENSG00000161016.11
SNP	rs2954658
Gene_list	ENSG00000105640.8	ENSG00000108298.5	ENSG00000105193.4	ENSG00000142937.7	ENSG00000063177.8	ENSG00000142541.12	ENSG00000148303.12	ENSG00000161016.11
Gene expression stats (Y^T * Y): 
285.302015061	248.085327856	258.384380714	235.876095398	259.7154843	250.185697702	236.049496406	232.945404742
248.085327856	285.302015061	245.10635622	249.665486647	259.843896271	249.399086149	251.85951245	235.192327212
258.384380714	245.10635622	285.302015061	223.496610874	246.097951959	249.645996964	231.344114171	228.524587685
235.876095398	249.665486647	223.496610874	285.302015061	247.741846811	222.460119882	245.440747101	231.018172912
259.7154843	259.843896271	246.097951959	247.741846811	285.302015061	240.708107787	237.301648968	232.483867659
250.185697702	249.399086149	249.645996964	222.460119882	240.708107787	285.302015061	243.420794888	235.586539454
236.049496406	251.85951245	231.344114171	245.440747101	237.301648968	243.420794888	285.302015061	232.340268908
232.945404742	235.192327212	228.524587685	231.018172912	232.483867659	235.586539454	232.340268908	285.302015061
Genotype stats (X^T * X): 	160.41734522
Gene expression - Genotype stats (Y^T * X): 
-7.1085765746	-5.71409023052	-7.83487866983	-8.97413127595	-5.03396796296	-4.38365705814	-0.226824730963	-70.0753908167