Tissue	adiposesubcutaneous
N_samples	295
Chr	5
Gene	ENSG00000186468.8
SNP	rs226205
Gene_list	ENSG00000144713.8	ENSG00000134419.11	ENSG00000198242.9	ENSG00000124614.9	ENSG00000108298.5	ENSG00000105193.4	ENSG00000145592.9	ENSG00000131469.8	ENSG00000142937.7	ENSG00000265681.2	ENSG00000063177.8	ENSG00000143947.8	ENSG00000229117.4	ENSG00000171858.13	ENSG00000172809.8	ENSG00000149273.10	ENSG00000186468.8	ENSG00000071082.6	ENSG00000182899.10	ENSG00000197756.5
Gene expression stats (Y^T * Y): 
285.302015061	256.371606612	253.91218534	241.610717952	265.168328996	240.348634109	242.042105064	245.859423964	244.609582938	247.149224646	249.484118847	248.680970572	249.533778486	244.486114635	242.496517654	232.790563379	246.71827545	262.707010401	253.677602665	249.338136323
256.371606612	285.302015061	249.973991763	241.927586826	243.308080576	228.640121775	212.996289479	255.643117571	239.009904735	245.078265164	235.876419361	252.670959695	240.148562699	238.057646323	228.814284361	228.329862179	243.323382124	247.256509625	261.505191949	230.569996408
253.91218534	249.973991763	285.302015061	231.824882627	249.514199317	236.290945253	219.695884946	240.777188375	237.319745127	235.852728308	222.739517053	241.94020216	237.734306925	228.047033632	225.838957606	223.322983945	240.552486207	248.705284584	234.247802787	243.240107734
241.610717952	241.927586826	231.824882627	285.302015061	250.906862328	239.234931882	218.856158009	246.665950448	236.885872331	238.194032662	248.141230371	241.894730385	237.201625182	254.003382447	223.270384836	234.642612678	238.002899283	237.81685981	233.060801371	230.150793495
265.168328996	243.308080576	249.514199317	250.906862328	285.302015061	245.10635622	247.633665041	236.910398619	249.665486647	249.942220103	259.843896271	249.511217661	254.076184937	246.003578538	239.639057952	239.515730484	245.449329368	251.89169785	240.555429966	245.955913597
240.348634109	228.640121775	236.290945253	239.234931882	245.10635622	285.302015061	221.242425197	232.539875958	223.496610874	216.869640858	246.097951959	215.972083944	236.114078526	252.775769351	241.610312218	227.310840368	235.970946882	230.053254859	211.010854711	254.71264343
242.042105064	212.996289479	219.695884946	218.856158009	247.633665041	221.242425197	285.302015061	211.146652056	207.279509455	223.822570429	214.777143835	225.657622352	251.037563842	219.376915489	249.663107654	197.769920281	228.262811738	225.660719857	210.769493047	242.441535501
245.859423964	255.643117571	240.777188375	246.665950448	236.910398619	232.539875958	211.146652056	285.302015061	226.151205746	228.23366539	228.865908152	235.849887306	230.887237022	242.733638321	230.579007363	211.49613818	232.013045176	239.97386575	246.702911454	232.997440702
244.609582938	239.009904735	237.319745127	236.885872331	249.665486647	223.496610874	207.279509455	226.151205746	285.302015061	250.644444566	247.741846811	243.8270745	234.773867325	220.132826614	201.412730596	248.839504787	230.043856617	239.284641741	233.344521228	215.699164369
247.149224646	245.078265164	235.852728308	238.194032662	249.942220103	216.869640858	223.822570429	228.23366539	250.644444566	285.302015061	238.474640748	256.462901202	236.890532558	221.396898905	218.138892114	242.777020908	243.163455978	235.629620031	240.17813189	218.72713084
249.484118847	235.876419361	222.739517053	248.141230371	259.843896271	246.097951959	214.777143835	228.865908152	247.741846811	238.474640748	285.302015061	231.680500724	240.336769777	250.674856936	225.189179693	237.072630545	228.5818612	237.762361729	237.776513323	232.034473351
248.680970572	252.670959695	241.94020216	241.894730385	249.511217661	215.972083944	225.657622352	235.849887306	243.8270745	256.462901202	231.680500724	285.302015061	240.510411534	236.548767064	223.946510936	226.217787465	244.05597195	233.280660587	251.981645289	213.854128912
249.533778486	240.148562699	237.734306925	237.201625182	254.076184937	236.114078526	251.037563842	230.887237022	234.773867325	236.890532558	240.336769777	240.510411534	285.302015061	230.72661674	242.634764672	221.189670155	239.728607069	234.245347976	234.685853865	254.422134416
244.486114635	238.057646323	228.047033632	254.003382447	246.003578538	252.775769351	219.376915489	242.733638321	220.132826614	221.396898905	250.674856936	236.548767064	230.72661674	285.302015061	234.942977562	225.051577549	234.827114974	232.353772007	232.162473983	237.913081198
242.496517654	228.814284361	225.838957606	223.270384836	239.639057952	241.610312218	249.663107654	230.579007363	201.412730596	218.138892114	225.189179693	223.946510936	242.634764672	234.942977562	285.302015061	192.92581172	231.912448729	219.111022028	224.970283739	248.12644642
232.790563379	228.329862179	223.322983945	234.642612678	239.515730484	227.310840368	197.769920281	211.49613818	248.839504787	242.777020908	237.072630545	226.217787465	221.189670155	225.051577549	192.92581172	285.302015061	231.251500338	227.218947322	211.879285988	217.282573406
246.71827545	243.323382124	240.552486207	238.002899283	245.449329368	235.970946882	228.262811738	232.013045176	230.043856617	243.163455978	228.5818612	244.05597195	239.728607069	234.827114974	231.912448729	231.251500338	285.302015061	239.484214856	241.12220078	236.992370142
262.707010401	247.256509625	248.705284584	237.81685981	251.89169785	230.053254859	225.660719857	239.97386575	239.284641741	235.629620031	237.762361729	233.280660587	234.245347976	232.353772007	219.111022028	227.218947322	239.484214856	285.302015061	244.57921083	242.796176652
253.677602665	261.505191949	234.247802787	233.060801371	240.555429966	211.010854711	210.769493047	246.702911454	233.344521228	240.17813189	237.776513323	251.981645289	234.685853865	232.162473983	224.970283739	211.879285988	241.12220078	244.57921083	285.302015061	215.71216101
249.338136323	230.569996408	243.240107734	230.150793495	245.955913597	254.71264343	242.441535501	232.997440702	215.699164369	218.72713084	232.034473351	213.854128912	254.422134416	237.913081198	248.12644642	217.282573406	236.992370142	242.796176652	215.71216101	285.302015061
Genotype stats (X^T * X): 	95.1434830373
Gene expression - Genotype stats (Y^T * X): 
22.5808666835	20.2758212326	26.9704303298	20.3092896939	18.8287159211	19.1433171093	21.9252864966	22.4892775708	21.71838227	16.9331576938	11.8188081287	22.3834285706	24.6588508751	13.6212018977	18.3849100132	7.73017153471	45.4478941748	23.2258220765	22.5844511338	20.0041700429