Tissue	adiposesubcutaneous
N_samples	295
Chr	19
Gene	ENSG00000105372.2
SNP	rs138696824
Gene_list	ENSG00000115268.5	ENSG00000130255.8	ENSG00000105640.8	ENSG00000124614.9	ENSG00000108298.5	ENSG00000105372.2	ENSG00000142541.12	ENSG00000171858.13	ENSG00000137818.7	ENSG00000136942.10
Gene expression stats (Y^T * Y): 
285.302015061	252.946524807	255.145962716	240.592721843	237.310487339	228.490452934	233.12034704	250.573438311	242.909998158	253.658905852
252.946524807	285.302015061	252.046367264	242.807237724	241.204606689	241.294620303	238.480733105	245.061390595	230.637191178	251.438022864
255.145962716	252.046367264	285.302015061	243.653625543	248.085327856	234.524530512	250.185697702	247.186968757	233.051043474	244.404879617
240.592721843	242.807237724	243.653625543	285.302015061	250.906862328	235.005080968	228.770098522	254.003382447	235.477707844	249.447747585
237.310487339	241.204606689	248.085327856	250.906862328	285.302015061	230.546592288	249.399086149	246.003578538	229.565929963	237.645357357
228.490452934	241.294620303	234.524530512	235.005080968	230.546592288	285.302015061	236.943296001	237.527625639	244.530128092	235.435692209
233.12034704	238.480733105	250.185697702	228.770098522	249.399086149	236.943296001	285.302015061	228.566347883	232.737358527	214.581481876
250.573438311	245.061390595	247.186968757	254.003382447	246.003578538	237.527625639	228.566347883	285.302015061	239.451942153	245.849375942
242.909998158	230.637191178	233.051043474	235.477707844	229.565929963	244.530128092	232.737358527	239.451942153	285.302015061	226.195376525
253.658905852	251.438022864	244.404879617	249.447747585	237.645357357	235.435692209	214.581481876	245.849375942	226.195376525	285.302015061
Genotype stats (X^T * X): 	27.7365119322
Gene expression - Genotype stats (Y^T * X): 
16.7521591773	18.0255503269	9.46347735857	22.9571196089	13.0899708652	17.794495076	14.7950159349	15.8608776239	16.0780597316	15.3916638852