Tissue	adiposesubcutaneous
N_samples	295
Chr	10
Gene	ENSG00000197893.9
SNP	rs10787497
Gene_list	ENSG00000140986.7	ENSG00000109061.9	ENSG00000125414.14	ENSG00000129170.4	ENSG00000101306.6	ENSG00000086967.9	ENSG00000182676.4	ENSG00000196091.8	ENSG00000197893.9	ENSG00000170807.11	ENSG00000163092.15	ENSG00000239474.2	ENSG00000077522.8
Gene expression stats (Y^T * Y): 
285.302015061	196.668005485	221.717769978	236.226593826	218.966142739	227.845701432	206.952489977	195.056013336	239.763087589	226.536746512	223.564333256	198.718583176	212.707043081
196.668005485	285.302015061	247.522635562	194.229789178	223.316455961	243.909152831	205.277746481	227.389187692	229.079850421	170.956012714	224.126961891	214.531694752	183.73672913
221.717769978	247.522635562	285.302015061	205.6134697	243.792818344	264.957931614	221.55164255	243.493765307	230.508335909	180.9114269	225.321858169	218.505429584	204.290697371
236.226593826	194.229789178	205.6134697	285.302015061	200.897756622	197.334153115	190.171118427	179.42076707	232.564388552	241.860205085	210.462885528	181.366990094	222.420339176
218.966142739	223.316455961	243.792818344	200.897756622	285.302015061	253.590416437	218.756193726	216.168742784	229.278830612	170.506813152	226.105798443	207.679672315	187.824264912
227.845701432	243.909152831	264.957931614	197.334153115	253.590416437	285.302015061	224.422495929	228.70065996	235.831036951	176.86386957	229.263452766	221.40654735	192.120583016
206.952489977	205.277746481	221.55164255	190.171118427	218.756193726	224.422495929	285.302015061	210.568139863	230.098227149	185.244973354	212.14049451	215.094023807	192.482187935
195.056013336	227.389187692	243.493765307	179.42076707	216.168742784	228.70065996	210.568139863	285.302015061	234.009913295	185.074742468	225.56152743	246.655773771	203.99185162
239.763087589	229.079850421	230.508335909	232.564388552	229.278830612	235.831036951	230.098227149	234.009913295	285.302015061	233.503362161	262.044825633	248.204228668	231.974720046
226.536746512	170.956012714	180.9114269	241.860205085	170.506813152	176.86386957	185.244973354	185.074742468	233.503362161	285.302015061	213.004624666	195.998037357	221.517996904
223.564333256	224.126961891	225.321858169	210.462885528	226.105798443	229.263452766	212.14049451	225.56152743	262.044825633	213.004624666	285.302015061	245.233415364	208.640320932
198.718583176	214.531694752	218.505429584	181.366990094	207.679672315	221.40654735	215.094023807	246.655773771	248.204228668	195.998037357	245.233415364	285.302015061	201.187109062
212.707043081	183.73672913	204.290697371	222.420339176	187.824264912	192.120583016	192.482187935	203.99185162	231.974720046	221.517996904	208.640320932	201.187109062	285.302015061
Genotype stats (X^T * X): 	103.87882042
Gene expression - Genotype stats (Y^T * X): 
31.3886089018	28.9585556182	34.9026631173	30.6352592536	35.4947045361	34.9589388137	24.6691323056	32.0052217408	34.3065442855	31.5873045142	31.0372838042	24.0580327022	25.8993349243