Tissue	skinnotsunexposedsuprapubic
N_samples	196
Chr	11
Gene	ENSG00000152270.4
SNP	rs10832303
Gene_list	ENSG00000184811.3	ENSG00000185818.7	ENSG00000152270.4	ENSG00000134548.5	ENSG00000130876.7	ENSG00000141150.3	ENSG00000184601.6	ENSG00000005249.8	ENSG00000123612.11	ENSG00000179921.10
Gene expression stats (Y^T * Y): 
187.052919224	120.319759685	113.108589612	78.4895891422	95.0560016764	115.882115603	157.039190692	140.442687845	82.5720562071	153.063005265
120.319759685	187.052919224	123.071497659	92.7661851178	111.788222658	116.928678928	97.7064541827	102.574170286	115.23522636	89.858660859
113.108589612	123.071497659	187.052919224	134.168314302	124.85352702	138.410674995	120.432647306	122.360297153	118.972215589	115.410061178
78.4895891422	92.7661851178	134.168314302	187.052919224	120.323743862	111.961598113	108.92743506	90.8114660258	112.339886621	91.2525794541
95.0560016764	111.788222658	124.85352702	120.323743862	187.052919224	114.027847529	112.735302679	104.475618499	129.319066335	103.919366912
115.882115603	116.928678928	138.410674995	111.961598113	114.027847529	187.052919224	118.584895537	111.967299368	107.880497133	114.367419347
157.039190692	97.7064541827	120.432647306	108.92743506	112.735302679	118.584895537	187.052919224	144.930764701	88.0289575253	164.441910221
140.442687845	102.574170286	122.360297153	90.8114660258	104.475618499	111.967299368	144.930764701	187.052919224	87.2982664471	135.057826282
82.5720562071	115.23522636	118.972215589	112.339886621	129.319066335	107.880497133	88.0289575253	87.2982664471	187.052919224	74.6091019825
153.063005265	89.858660859	115.410061178	91.2525794541	103.919366912	114.367419347	164.441910221	135.057826282	74.6091019825	187.052919224
Genotype stats (X^T * X): 	83.7222331582
Gene expression - Genotype stats (Y^T * X): 
30.4042459689	27.1599896737	32.5183766261	21.3269758534	24.4716582636	28.3222211137	33.44989362	30.2195981959	10.6812260087	33.5102096491