Tissue	skinnotsunexposedsuprapubic
N_samples	196
Chr	3
Gene	ENSG00000163751.3
SNP	rs7618384
Gene_list	ENSG00000172236.12	ENSG00000092009.6	ENSG00000100448.3	ENSG00000140287.6	ENSG00000179348.7	ENSG00000163751.3
Gene expression stats (Y^T * Y): 
187.052919224	83.1540255997	116.901518594	88.6017709064	73.3659950706	126.760170161
83.1540255997	187.052919224	145.290706379	107.244764235	93.0764001681	122.120927177
116.901518594	145.290706379	187.052919224	137.658592758	105.451537299	143.724564197
88.6017709064	107.244764235	137.658592758	187.052919224	114.999772147	121.494496645
73.3659950706	93.0764001681	105.451537299	114.999772147	187.052919224	113.252904454
126.760170161	122.120927177	143.724564197	121.494496645	113.252904454	187.052919224
Genotype stats (X^T * X): 	26.688412301
Gene expression - Genotype stats (Y^T * X): 
-10.3037177383	-5.25502820009	-3.89216191643	-2.4620702861	-5.55784253358	-15.2015487029