Tissue	skinnotsunexposedsuprapubic
N_samples	196
Chr	19
Gene	ENSG00000131941.3
SNP	rs1981827
Gene_list	ENSG00000074370.13	ENSG00000170525.14	ENSG00000117115.8	ENSG00000131941.3	ENSG00000141750.6	ENSG00000131771.9	ENSG00000184012.7	ENSG00000141469.12	ENSG00000104783.7	ENSG00000134873.5	ENSG00000104490.13	ENSG00000064651.9	ENSG00000153246.7	ENSG00000115419.8	ENSG00000163975.7
Gene expression stats (Y^T * Y): 
187.052919224	90.5750461613	88.7031961623	121.532001481	131.858975521	145.522042045	88.6015423744	65.9929935867	138.481787201	106.420933773	137.041624221	132.369356395	60.4015643525	91.4803422937	131.432300905
90.5750461613	187.052919224	85.9277921277	114.999969298	96.8257000817	112.803920815	77.889528891	80.363766837	103.407471854	80.2364051279	100.192253267	105.367136828	74.5922303811	87.2278394794	100.27142883
88.7031961623	85.9277921277	187.052919224	131.088246732	114.277391638	108.297193084	102.163986412	96.4717170758	105.488262604	120.487379349	112.638445794	119.177057176	96.370780663	100.779979157	103.367390616
121.532001481	114.999969298	131.088246732	187.052919224	123.216845704	127.485616103	122.903187656	120.082690705	136.133765066	133.903372579	132.606773076	143.055651801	112.776012459	122.438168671	117.174989287
131.858975521	96.8257000817	114.277391638	123.216845704	187.052919224	160.031681371	68.5389690572	82.9798826678	148.997774819	125.546667157	135.439695158	143.400104963	71.2076071937	100.013152678	116.342514794
145.522042045	112.803920815	108.297193084	127.485616103	160.031681371	187.052919224	68.0840544148	84.2353822043	161.056180785	126.570291126	148.360912655	161.615370661	71.4034011074	101.9105277	136.026644158
88.6015423744	77.889528891	102.163986412	122.903187656	68.5389690572	68.0840544148	187.052919224	67.5740895599	87.2991489677	79.676369463	75.4531739147	83.6199611517	71.543917943	71.6290138724	85.0116878376
65.9929935867	80.363766837	96.4717170758	120.082690705	82.9798826678	84.2353822043	67.5740895599	187.052919224	81.2689936789	79.8190058334	105.644104225	93.9753137547	96.9457793415	101.308159237	74.6784748276
138.481787201	103.407471854	105.488262604	136.133765066	148.997774819	161.056180785	87.2991489677	81.2689936789	187.052919224	140.156799718	140.849345011	151.576871924	73.9205508845	103.765970844	131.547613059
106.420933773	80.2364051279	120.487379349	133.903372579	125.546667157	126.570291126	79.676369463	79.8190058334	140.156799718	187.052919224	134.664006985	143.555636138	91.4274533482	112.65850852	130.181897761
137.041624221	100.192253267	112.638445794	132.606773076	135.439695158	148.360912655	75.4531739147	105.644104225	140.849345011	134.664006985	187.052919224	159.798372673	95.5468838559	126.700622861	148.233692554
132.369356395	105.367136828	119.177057176	143.055651801	143.400104963	161.615370661	83.6199611517	93.9753137547	151.576871924	143.555636138	159.798372673	187.052919224	87.4687668864	127.39897269	137.777436776
60.4015643525	74.5922303811	96.370780663	112.776012459	71.2076071937	71.4034011074	71.543917943	96.9457793415	73.9205508845	91.4274533482	95.5468838559	87.4687668864	187.052919224	96.2751522567	89.0847973735
91.4803422937	87.2278394794	100.779979157	122.438168671	100.013152678	101.9105277	71.6290138724	101.308159237	103.765970844	112.65850852	126.700622861	127.39897269	96.2751522567	187.052919224	95.8053271522
131.432300905	100.27142883	103.367390616	117.174989287	116.342514794	136.026644158	85.0116878376	74.6784748276	131.547613059	130.181897761	148.233692554	137.777436776	89.0847973735	95.8053271522	187.052919224
Genotype stats (X^T * X): 	36.1020408163
Gene expression - Genotype stats (Y^T * X): 
12.0913828985	7.58405993683	18.5522584066	20.6051475208	6.43645294665	8.63766159871	19.3138233315	11.0484907595	11.9055390286	13.0487210757	10.1917001637	10.3610491756	12.4277975278	3.0263089079	11.5808661053