Tissue	skinnotsunexposedsuprapubic
N_samples	196
Chr	10
Gene	ENSG00000077943.7
SNP	rs79900965
Gene_list	ENSG00000141052.13	ENSG00000077943.7	ENSG00000120907.13	ENSG00000137124.6	ENSG00000183036.6	ENSG00000025423.7	ENSG00000103710.6	ENSG00000106772.13	ENSG00000118729.10	ENSG00000175084.7
Gene expression stats (Y^T * Y): 
187.052919224	119.561018753	112.232393921	117.182028624	97.2251074766	106.265703631	116.951056022	102.621594243	122.931183176	92.3062634437
119.561018753	187.052919224	114.266383966	117.482527529	121.137390386	118.84158056	116.545739687	121.437743313	135.962991452	118.74176768
112.232393921	114.266383966	187.052919224	102.851909799	96.7909018775	91.6321315129	100.28275387	102.884098564	88.4965085082	79.5671141572
117.182028624	117.482527529	102.851909799	187.052919224	118.874686149	95.785400398	132.119890014	118.897916215	114.807566727	107.969809659
97.2251074766	121.137390386	96.7909018775	118.874686149	187.052919224	102.546228105	116.175407521	129.648378221	99.0506253782	132.453869424
106.265703631	118.84158056	91.6321315129	95.785400398	102.546228105	187.052919224	102.581772285	100.132528448	120.538233867	88.7298434739
116.951056022	116.545739687	100.28275387	132.119890014	116.175407521	102.581772285	187.052919224	103.862651235	124.442402353	111.054385315
102.621594243	121.437743313	102.884098564	118.897916215	129.648378221	100.132528448	103.862651235	187.052919224	95.5507970658	109.280403396
122.931183176	135.962991452	88.4965085082	114.807566727	99.0506253782	120.538233867	124.442402353	95.5507970658	187.052919224	101.015639143
92.3062634437	118.74176768	79.5671141572	107.969809659	132.453869424	88.7298434739	111.054385315	109.280403396	101.015639143	187.052919224
Genotype stats (X^T * X): 	69.090546551
Gene expression - Genotype stats (Y^T * X): 
12.564684325	38.5210304332	14.6514445101	13.123199995	15.6562912474	18.2012564907	14.2862767056	23.3521958848	16.1113381514	16.0209877035