Tissue	skinnotsunexposedsuprapubic
N_samples	196
Chr	3
Gene	ENSG00000163660.7
SNP	rs74580141
Gene_list	ENSG00000161960.10	ENSG00000100906.6	ENSG00000124762.9	ENSG00000163874.8	ENSG00000128016.4	ENSG00000087074.7	ENSG00000108654.7	ENSG00000163660.7	ENSG00000162772.12
Gene expression stats (Y^T * Y): 
187.052919224	88.8720603015	101.440095429	114.94739845	106.512206075	88.622600183	119.931170001	118.266757302	85.7550853084
88.8720603015	187.052919224	96.3352946141	110.343938008	125.325353396	120.022378115	76.6393709539	115.556289563	93.7848682225
101.440095429	96.3352946141	187.052919224	111.444016967	148.324517328	131.870169636	63.3706673695	113.655277859	117.784381437
114.94739845	110.343938008	111.444016967	187.052919224	111.908487602	89.7597484007	80.5613255756	116.006794517	84.5621020263
106.512206075	125.325353396	148.324517328	111.908487602	187.052919224	157.731968006	82.7050850778	132.131462909	149.521324833
88.622600183	120.022378115	131.870169636	89.7597484007	157.731968006	187.052919224	79.4452510545	119.145093332	163.790862007
119.931170001	76.6393709539	63.3706673695	80.5613255756	82.7050850778	79.4452510545	187.052919224	129.274837772	83.2233810704
118.266757302	115.556289563	113.655277859	116.006794517	132.131462909	119.145093332	129.274837772	187.052919224	112.385124025
85.7550853084	93.7848682225	117.784381437	84.5621020263	149.521324833	163.790862007	83.2233810704	112.385124025	187.052919224
Genotype stats (X^T * X): 	32.0153061224
Gene expression - Genotype stats (Y^T * X): 
8.61252610625	16.4563930434	14.1605065907	17.0365287749	14.3690279232	11.3738717366	8.70682775222	19.6547158944	8.15196188167