Tissue	skinnotsunexposedsuprapubic
N_samples	196
Chr	7
Gene	ENSG00000174697.4
SNP	rs10954177
Gene_list	ENSG00000184811.3	ENSG00000167676.3	ENSG00000175445.10	ENSG00000079435.5	ENSG00000135447.12	ENSG00000124253.9	ENSG00000133317.10	ENSG00000174804.3	ENSG00000166819.7	ENSG00000138207.8	ENSG00000119927.9	ENSG00000174697.4	ENSG00000181092.5	ENSG00000179921.10	ENSG00000186205.8
Gene expression stats (Y^T * Y): 
187.052919224	142.503686853	152.055295144	141.070388012	157.95596587	144.399330143	151.231467318	126.122653997	148.791514068	142.006261503	149.139376453	135.022274709	155.544515541	153.063005265	160.727837482
142.503686853	187.052919224	142.660457647	153.173578844	147.483445398	110.176306885	119.592729434	116.709709754	165.532679832	153.594942975	137.185058363	132.477489397	155.657295425	109.735599838	135.380617692
152.055295144	142.660457647	187.052919224	143.735137109	156.811613332	120.75195452	130.625017676	115.678547771	158.16152303	154.17514774	152.053399319	130.576276119	165.833214337	132.911750135	154.936907454
141.070388012	153.173578844	143.735137109	187.052919224	151.357022821	104.120482754	105.410410948	107.790544495	173.538625455	165.955636604	126.366900808	112.816236968	161.713733942	97.542384982	129.55872404
157.95596587	147.483445398	156.811613332	151.357022821	187.052919224	122.658334092	121.540348382	114.257517756	160.470937558	146.892337366	135.715679758	133.99857705	163.698762277	136.790675419	156.737029498
144.399330143	110.176306885	120.75195452	104.120482754	122.658334092	187.052919224	128.618660921	113.342434981	111.804640015	107.11589194	116.169454679	127.345337076	118.09610332	112.488863142	122.019197509
151.231467318	119.592729434	130.625017676	105.410410948	121.540348382	128.618660921	187.052919224	113.120873035	118.286629294	125.651749286	164.567321326	119.735354514	129.57122732	124.930484431	127.218907305
126.122653997	116.709709754	115.678547771	107.790544495	114.257517756	113.342434981	113.120873035	187.052919224	110.773977335	108.122501354	112.185480898	123.945806809	118.052378031	115.44353253	128.112489404
148.791514068	165.532679832	158.16152303	173.538625455	160.470937558	111.804640015	118.286629294	110.773977335	187.052919224	174.230906052	142.394300438	122.954460403	171.098155261	110.69908703	143.897192652
142.006261503	153.594942975	154.17514774	165.955636604	146.892337366	107.11589194	125.651749286	108.122501354	174.230906052	187.052919224	149.873767057	114.18200316	170.898825055	104.80256755	133.61835197
149.139376453	137.185058363	152.053399319	126.366900808	135.715679758	116.169454679	164.567321326	112.185480898	142.394300438	149.873767057	187.052919224	129.74761186	148.032516495	126.163078057	137.158587293
135.022274709	132.477489397	130.576276119	112.816236968	133.99857705	127.345337076	119.735354514	123.945806809	122.954460403	114.18200316	129.74761186	187.052919224	129.255938458	128.152651924	131.439242132
155.544515541	155.657295425	165.833214337	161.713733942	163.698762277	118.09610332	129.57122732	118.052378031	171.098155261	170.898825055	148.032516495	129.255938458	187.052919224	131.417021137	159.218426218
153.063005265	109.735599838	132.911750135	97.542384982	136.790675419	112.488863142	124.930484431	115.44353253	110.69908703	104.80256755	126.163078057	128.152651924	131.417021137	187.052919224	162.78747568
160.727837482	135.380617692	154.936907454	129.55872404	156.737029498	122.019197509	127.218907305	128.112489404	143.897192652	133.61835197	137.158587293	131.439242132	159.218426218	162.78747568	187.052919224
Genotype stats (X^T * X): 	72.0156546327
Gene expression - Genotype stats (Y^T * X): 
26.0737581869	22.1949746271	21.0536106824	17.2355960312	22.3601980432	26.9140707903	26.038035746	24.6777209168	23.0489861107	22.4283964913	30.8071851255	26.5890896088	20.915894163	23.8630299025	23.036214368