Tissue	skinnotsunexposedsuprapubic
N_samples	196
Chr	1
Gene	ENSG00000125462.12
SNP	rs6427312
Gene_list	ENSG00000132639.8	ENSG00000105409.11	ENSG00000131095.7	ENSG00000155980.7	ENSG00000125462.12	ENSG00000170091.6	ENSG00000145920.10	ENSG00000074317.6
Gene expression stats (Y^T * Y): 
187.052919224	142.286036308	85.9747705214	144.118912913	139.061480713	123.98334798	130.211196115	138.532201435
142.286036308	187.052919224	86.2382607737	157.64895795	123.529905354	139.756928572	144.552520706	129.174548769
85.9747705214	86.2382607737	187.052919224	93.8350091055	120.507405298	99.9943905307	90.0149784288	70.7268057584
144.118912913	157.64895795	93.8350091055	187.052919224	134.195952484	145.662857421	146.846823405	125.300304135
139.061480713	123.529905354	120.507405298	134.195952484	187.052919224	120.443299836	116.106098603	121.247407382
123.98334798	139.756928572	99.9943905307	145.662857421	120.443299836	187.052919224	140.17649172	115.478826406
130.211196115	144.552520706	90.0149784288	146.846823405	116.106098603	140.17649172	187.052919224	111.858003565
138.532201435	129.174548769	70.7268057584	125.300304135	121.247407382	115.478826406	111.858003565	187.052919224
Genotype stats (X^T * X): 	98.5954080612
Gene expression - Genotype stats (Y^T * X): 
18.8909491805	20.67772603	17.5144085582	29.973976342	29.0858408764	24.9757337821	22.2604194935	11.4774655699