Tissue	skinnotsunexposedsuprapubic
N_samples	196
Chr	16
Gene	ENSG00000172236.12
SNP	rs182215129
Gene_list	ENSG00000197766.3	ENSG00000172236.12	ENSG00000100448.3	ENSG00000142173.10	ENSG00000011465.12	ENSG00000163751.3
Gene expression stats (Y^T * Y): 
187.052919224	114.494506439	47.3161273386	143.10244764	159.52177802	39.0117959956
114.494506439	187.052919224	116.901518594	118.730332049	113.304822477	126.760170161
47.3161273386	116.901518594	187.052919224	47.6665908598	42.4454504039	143.724564197
143.10244764	118.730332049	47.6665908598	187.052919224	145.244897517	40.2333390228
159.52177802	113.304822477	42.4454504039	145.244897517	187.052919224	27.5104349649
39.0117959956	126.760170161	143.724564197	40.2333390228	27.5104349649	187.052919224
Genotype stats (X^T * X): 	24.5146475255
Gene expression - Genotype stats (Y^T * X): 
-17.8100408092	-15.6289750421	-7.56992804825	-21.0628504551	-17.3547825447	-8.95764591877