Tissue	skinnotsunexposedsuprapubic
N_samples	196
Chr	9
Gene	ENSG00000136826.10
SNP	rs1746830
Gene_list	ENSG00000067082.10	ENSG00000130522.4	ENSG00000168389.13	ENSG00000142178.7	ENSG00000125740.9	ENSG00000087074.7	ENSG00000170345.5	ENSG00000136826.10	ENSG00000136997.10	ENSG00000168264.6
Gene expression stats (Y^T * Y): 
187.052919224	121.067377183	100.329138808	121.234558686	129.439592941	145.379092154	137.483030846	140.95154364	117.603960961	118.827797188
121.067377183	187.052919224	101.607368521	120.825466798	128.134383387	147.909562068	132.580011668	118.715606443	116.578423298	124.039134823
100.329138808	101.607368521	187.052919224	135.762102942	95.3525335963	94.0080712367	93.4966321666	128.327940819	108.440920509	93.2440351844
121.234558686	120.825466798	135.762102942	187.052919224	103.082401223	111.473417554	100.88410871	124.657074772	137.654028701	115.754035523
129.439592941	128.134383387	95.3525335963	103.082401223	187.052919224	138.525552051	149.633611522	132.838924636	114.317655772	102.141125981
145.379092154	147.909562068	94.0080712367	111.473417554	138.525552051	187.052919224	149.563342721	117.978625956	122.57579157	107.879382103
137.483030846	132.580011668	93.4966321666	100.88410871	149.633611522	149.563342721	187.052919224	121.103794851	108.226269059	104.601457601
140.95154364	118.715606443	128.327940819	124.657074772	132.838924636	117.978625956	121.103794851	187.052919224	115.025130112	120.278297394
117.603960961	116.578423298	108.440920509	137.654028701	114.317655772	122.57579157	108.226269059	115.025130112	187.052919224	112.693565734
118.827797188	124.039134823	93.2440351844	115.754035523	102.141125981	107.879382103	104.601457601	120.278297394	112.693565734	187.052919224
Genotype stats (X^T * X): 	71.924886301
Gene expression - Genotype stats (Y^T * X): 
14.5857520211	15.4958849341	22.3444479121	20.680615796	14.9910372001	16.9172361539	19.0962911502	25.6389383839	21.2031286958	13.415378856