Tissue	skinnotsunexposedsuprapubic
N_samples	196
Chr	1
Gene	ENSG00000173369.11
SNP	rs3754005
Gene_list	ENSG00000177575.8	ENSG00000173372.12	ENSG00000159189.7	ENSG00000173369.11	ENSG00000010327.6	ENSG00000110079.12	ENSG00000165457.9	ENSG00000158869.6
Gene expression stats (Y^T * Y): 
187.052919224	110.778778594	120.725891074	120.670063747	68.0386071807	102.466881885	86.183059617	89.8520734114
110.778778594	187.052919224	169.137993747	173.005693833	104.690873191	124.695350447	150.539912611	120.817823799
120.725891074	169.137993747	187.052919224	173.24749298	98.1957580434	128.794692889	148.540090918	119.23397859
120.670063747	173.005693833	173.24749298	187.052919224	116.312416552	118.426127483	131.176273384	116.50550875
68.0386071807	104.690873191	98.1957580434	116.312416552	187.052919224	56.1868490385	69.4050338397	81.9863470261
102.466881885	124.695350447	128.794692889	118.426127483	56.1868490385	187.052919224	149.481476396	72.4715402305
86.183059617	150.539912611	148.540090918	131.176273384	69.4050338397	149.481476396	187.052919224	95.9583565524
89.8520734114	120.817823799	119.23397859	116.50550875	81.9863470261	72.4715402305	95.9583565524	187.052919224
Genotype stats (X^T * X): 	48.7963509949
Gene expression - Genotype stats (Y^T * X): 
11.3477427055	22.9921683194	22.2507060022	21.7613572483	6.10401635312	18.7044100144	16.5196357212	18.0953585413