Tissue	skinnotsunexposedsuprapubic
N_samples	196
Chr	8
Gene	ENSG00000079459.8
SNP	rs74678701
Gene_list	ENSG00000079459.8	ENSG00000112972.10	ENSG00000167508.6	ENSG00000186480.8	ENSG00000160752.10	ENSG00000052802.8
Gene expression stats (Y^T * Y): 
187.052919224	121.925954633	127.156867427	116.4873339	126.375009465	130.637119903
121.925954633	187.052919224	114.827628953	133.853497626	111.849279192	150.056020962
127.156867427	114.827628953	187.052919224	125.054182899	160.032882074	138.8771238
116.4873339	133.853497626	125.054182899	187.052919224	115.102479206	152.206456604
126.375009465	111.849279192	160.032882074	115.102479206	187.052919224	137.228585717
130.637119903	150.056020962	138.8771238	152.206456604	137.228585717	187.052919224
Genotype stats (X^T * X): 	70.0868808367
Gene expression - Genotype stats (Y^T * X): 
-24.8009295492	-25.5585704097	-16.5717451788	-21.2519446687	-19.1562748475	-24.0239736431