Tissue	skinnotsunexposedsuprapubic
N_samples	196
Chr	10
Gene	ENSG00000188100.8
SNP	rs1240399
Gene_list	ENSG00000167914.6	ENSG00000244617.1	ENSG00000188100.8	ENSG00000181652.14	ENSG00000143631.10	ENSG00000169509.5	ENSG00000240386.2	ENSG00000196734.6	ENSG00000186844.4	ENSG00000203782.5
Gene expression stats (Y^T * Y): 
187.052919224	125.96537805	116.975972015	125.741669537	89.6197072271	116.425433106	123.692011006	120.867500438	111.14344054	103.507847104
125.96537805	187.052919224	127.64312702	110.137797003	138.804889555	167.302965351	150.111202866	158.3128473	161.135331251	158.745031524
116.975972015	127.64312702	187.052919224	123.15660908	116.523862672	119.250252855	112.318940933	114.729822194	112.807087656	116.260121468
125.741669537	110.137797003	123.15660908	187.052919224	75.5189789921	112.246223732	103.89523118	110.080900963	107.375410833	85.329401208
89.6197072271	138.804889555	116.523862672	75.5189789921	187.052919224	111.095554572	107.978556155	113.600312491	112.907826321	136.288685059
116.425433106	167.302965351	119.250252855	112.246223732	111.095554572	187.052919224	157.389803001	164.434114984	168.859399324	155.746259162
123.692011006	150.111202866	112.318940933	103.89523118	107.978556155	157.389803001	187.052919224	176.716554104	174.212360709	133.155406938
120.867500438	158.3128473	114.729822194	110.080900963	113.600312491	164.434114984	176.716554104	187.052919224	180.178627022	142.835264447
111.14344054	161.135331251	112.807087656	107.375410833	112.907826321	168.859399324	174.212360709	180.178627022	187.052919224	150.868380041
103.507847104	158.745031524	116.260121468	85.329401208	136.288685059	155.746259162	133.155406938	142.835264447	150.868380041	187.052919224
Genotype stats (X^T * X): 	91.8163265306
Gene expression - Genotype stats (Y^T * X): 
-17.9623628882	-20.2324436194	-40.9410579166	-16.7913964694	-16.1474419371	-16.2881257202	-15.3784473973	-14.3899427692	-13.9801276379	-18.5041657322