Tissue	skinnotsunexposedsuprapubic
N_samples	196
Chr	2
Gene	ENSG00000197756.5
SNP	rs79927299
Gene_list	ENSG00000177600.4	ENSG00000115268.5	ENSG00000140988.11	ENSG00000130255.8	ENSG00000166441.8	ENSG00000144713.8	ENSG00000110700.2	ENSG00000105640.8	ENSG00000221983.3	ENSG00000134419.11	ENSG00000174748.14	ENSG00000142676.8	ENSG00000198242.9	ENSG00000124614.9	ENSG00000198755.6	ENSG00000108298.5	ENSG00000168028.9	ENSG00000100316.11	ENSG00000105193.4	ENSG00000188846.9	ENSG00000145592.9	ENSG00000131469.8	ENSG00000105372.2	ENSG00000125743.6	ENSG00000063177.8	ENSG00000142541.12	ENSG00000142534.2	ENSG00000213741.4	ENSG00000162244.6	ENSG00000170889.9	ENSG00000229117.4	ENSG00000008988.5	ENSG00000083845.4	ENSG00000171858.13	ENSG00000149806.6	ENSG00000174444.10	ENSG00000137818.7	ENSG00000172809.8	ENSG00000149273.10	ENSG00000186468.8	ENSG00000167526.9	ENSG00000156482.6	ENSG00000114391.8	ENSG00000136942.10	ENSG00000197958.8	ENSG00000112306.7	ENSG00000148303.12	ENSG00000104529.13	ENSG00000161016.11	ENSG00000164587.7	ENSG00000177954.7	ENSG00000197756.5
Gene expression stats (Y^T * Y): 
187.052919224	148.625417955	136.887332618	149.665990623	133.14798401	143.008132998	86.9284322603	143.647768458	136.703085055	85.0180254342	67.4185534411	77.2258041878	141.000711426	132.391915155	118.490833606	130.265251356	107.203289928	113.555827752	145.015745171	94.1916169747	101.928611489	108.196610724	148.813425294	112.368384695	131.032804663	136.81619367	123.914204331	126.610271006	133.681495429	126.277768838	129.725711364	71.2328303845	125.56888635	133.579296148	129.405076728	91.144382857	133.606188827	132.860259816	133.908834602	112.523785822	113.475963319	98.0145164337	69.571668586	123.020321834	105.359821772	116.976192977	128.035121534	141.476635976	142.731360394	112.401278866	69.7082643606	140.728524108
148.625417955	187.052919224	136.464284893	162.147037154	140.550206211	143.486079334	93.8837266697	165.426653759	153.319101933	87.5278665889	89.9405234821	69.075733123	127.685098426	145.551973087	127.028863984	121.800274887	117.75566548	119.985489397	151.526939734	98.1133382231	61.4275200565	116.129720521	150.935113063	117.355964045	162.867658999	139.67544397	136.2202618	129.422669526	153.749005249	156.029746501	126.511757402	73.7403606681	143.442875465	152.291876713	127.45436115	73.1185161376	155.938004204	111.451080337	151.041215407	103.017074232	159.475254832	99.5869556709	60.3395048931	152.000957246	106.099724831	104.19848034	131.727143874	145.32699515	158.350625968	115.011250693	98.0251598069	143.699986045
136.887332618	136.464284893	187.052919224	137.409036727	119.450591179	133.365992307	70.1580346773	151.788279303	137.666226945	65.1225839143	75.4453786344	58.8541061723	113.436018491	126.784531863	136.108378237	117.074483892	136.337405881	146.45801739	130.540357712	74.3176095939	59.8194573878	86.5246976412	143.778556748	97.0177571948	150.448487105	135.400069486	110.508772003	120.784940756	147.399553842	148.666583454	110.135147118	51.3982133577	152.811302663	121.84709342	119.004992672	91.7057377391	126.126565312	86.2541454208	150.242570153	83.8797255429	119.497672333	91.193509414	47.0049014748	110.183579229	114.265396047	96.4667890873	146.471331656	119.041092469	147.735915381	117.603826549	66.0456686937	120.191410906
149.665990623	162.147037154	137.409036727	187.052919224	142.242512502	155.151640579	113.385027605	146.870488676	138.459263952	121.384283825	106.46301255	105.709477199	135.734384633	150.840660168	146.85303733	142.019076341	115.656127989	133.257209672	152.461566977	112.290843527	104.843314159	135.377257478	153.880486377	133.030992865	148.697914119	159.786556979	145.501873623	148.787168344	145.354001433	137.92914697	152.25036767	104.26653371	128.98504602	158.389265077	149.924440256	96.7937035682	137.162244645	138.095073856	145.196847208	114.972516572	134.971511975	122.958393595	91.6186421629	159.279323653	127.216132875	124.823701752	145.736345963	141.178155891	158.463217592	135.009585105	104.335883479	156.119081406
133.14798401	140.550206211	119.450591179	142.242512502	187.052919224	150.903781783	129.292482992	121.692979116	130.924415045	128.291825719	102.858644926	104.333023739	148.350085579	151.202742898	134.469039684	137.092964531	119.834666127	123.502568269	138.272371828	114.764892533	93.3189764577	147.887944669	130.117449199	134.207602986	129.330184808	130.357803537	137.337763989	147.66742339	129.151349171	126.249899488	144.467042962	109.325481215	109.531247521	148.210886189	118.305969275	95.5392433606	133.036202017	125.436863495	149.40872789	134.739789706	118.394002196	123.636877864	108.629357527	146.685417731	114.403951861	144.671963209	145.760241442	122.136129067	137.956897012	113.789217061	125.469597208	145.531500848
143.008132998	143.486079334	133.365992307	155.151640579	150.903781783	187.052919224	141.683559438	132.971421083	139.892340268	142.436461228	133.253644014	126.384943653	159.98386582	153.826699442	159.5257818	167.615093205	124.559231782	145.14743102	153.93386616	144.39748852	122.502575853	150.219202946	136.519631176	135.57595554	141.046393206	156.765530016	166.951953674	146.652014509	153.350953246	130.584457182	150.022011218	125.113527373	128.068374608	164.944022205	141.914513385	141.277479805	130.390760306	151.658635754	157.511801732	145.657451427	122.818326944	157.949809673	123.843033618	149.176182026	142.284830038	146.713242521	165.956805875	131.04816758	159.445094246	133.444156172	125.369010901	163.984613826
86.9284322603	93.8837266697	70.1580346773	113.385027605	129.292482992	141.683559438	187.052919224	77.6045633431	84.4021402075	159.95128726	143.701274731	137.897439206	131.771222024	130.242893666	130.926776847	141.192964659	91.3895067465	111.158083659	114.907361737	138.969446962	117.985925041	157.787628801	90.4218695209	119.499050416	93.5631589801	113.49275715	139.799204006	133.103499743	98.3058489624	77.584761281	126.596118063	149.389268124	70.6023804805	144.831435776	109.589620381	125.699917714	86.3362123172	139.411123428	109.93789047	144.182743851	87.8020873091	155.312724343	142.645418293	132.101129559	113.193595541	145.948828184	126.207784314	84.0832892575	102.989558585	99.5253669175	148.522747539	133.875650702
143.647768458	165.426653759	151.788279303	146.870488676	121.692979116	132.971421083	77.6045633431	187.052919224	151.683442613	67.0793903603	76.5439889401	49.3208782842	109.845783014	129.052621869	118.140696542	111.150949555	128.319178731	122.360336618	151.139620623	81.7821059097	45.5920136917	97.2939959797	153.156286364	99.0866066213	166.310198891	138.71018921	125.124544002	117.907718217	158.194769282	148.618758054	108.922983799	51.0849876536	160.829572417	140.790092396	117.54090414	69.6949476524	144.490613858	90.3103582917	148.96422452	81.917158148	150.07167781	84.9779826568	39.7269871772	129.347487062	101.192591192	95.9710481327	130.93252373	135.747750579	153.55380056	113.554154828	84.1192338943	127.958079294
136.703085055	153.319101933	137.666226945	138.459263952	130.924415045	139.892340268	84.4021402075	151.683442613	187.052919224	79.4323704253	78.414287964	52.0144281511	122.397392033	136.133655506	123.909657231	112.285804945	140.485529992	106.846133631	147.06417971	80.5292986889	49.1810494819	97.1277733862	139.010536603	117.030568654	150.779082784	130.174314204	127.633205465	120.173368366	142.600226294	149.763084287	123.250248342	65.2398536212	150.821557627	136.611149911	123.955754803	61.5474928976	117.392170936	88.2706554523	148.526105696	91.0186091615	128.662605561	87.590680043	61.7861978178	125.228641402	93.0720096575	97.0548278178	127.805066933	139.412882535	148.910735668	106.342932018	99.2826011247	127.039132388
85.0180254342	87.5278665889	65.1225839143	121.384283825	128.291825719	142.436461228	159.95128726	67.0793903603	79.4323704253	187.052919224	146.493339094	161.843420729	132.481182573	129.182273806	139.280721209	149.456978455	88.9907964805	113.410404209	112.424306656	145.78738196	138.658655895	161.640847687	87.3554082822	126.214059207	87.3010909446	131.237113242	146.189151328	140.655014226	94.1998745727	63.2715279429	145.590646836	164.512495306	58.4854672311	144.221086207	116.245797898	129.403963944	80.3708559891	151.706963022	107.291360521	143.112918399	80.7826522168	156.660577504	159.443211306	137.860653772	122.253589708	149.869501831	130.351545672	83.1114618228	101.069259932	103.942549559	142.390957112	138.213152913
67.4185534411	89.9405234821	75.4453786344	106.46301255	102.858644926	133.253644014	143.701274731	76.5439889401	78.414287964	146.493339094	187.052919224	134.784991276	124.516859507	112.774553875	134.220004814	136.430758982	90.9342981823	113.975705952	111.728787403	144.630089757	106.89679918	130.512957942	70.513125131	102.793197413	89.318290731	118.445649176	130.885123982	103.016970057	101.025510062	79.5717515253	114.228130507	132.721426845	66.2097636579	129.180019163	117.840984348	131.694875749	72.5459726207	136.399510418	115.57522607	129.59232176	99.2421652964	149.557366005	137.574965023	113.1492797	115.411084992	119.940275796	132.754831247	80.1320158362	105.284082674	93.9511324009	123.056179555	122.039738428
77.2258041878	69.075733123	58.8541061723	105.709477199	104.333023739	126.384943653	137.897439206	49.3208782842	52.0144281511	161.843420729	134.784991276	187.052919224	112.780126015	109.106719663	127.65381577	153.018317465	67.2427050417	120.813349658	85.4357146086	141.607716901	145.980558962	147.310284703	69.1782120957	113.010416039	65.9113247543	126.580229776	134.788825792	126.941269595	76.8237101419	52.796418485	136.003095908	164.141281544	43.0166439648	117.284403048	110.533389045	140.925161133	68.2213329412	151.884188116	84.9761980659	132.646566325	62.9292568604	152.903818189	157.577944654	127.132894706	124.584592907	140.86258746	116.015945012	69.8160765652	83.7436578466	105.37307163	119.316471632	121.990199067
141.000711426	127.685098426	113.436018491	135.734384633	148.350085579	159.98386582	131.771222024	109.845783014	122.397392033	132.481182573	124.516859507	112.780126015	187.052919224	134.255530697	139.807416009	152.104929438	111.272603574	119.164383455	142.277085989	143.239186131	122.030684863	135.861150584	117.220976614	126.033217033	117.519109112	136.818586548	139.903475898	126.234314101	125.08875398	107.779219873	138.340740008	115.422725373	102.161200064	143.082089601	125.206644452	130.093223276	117.050893238	150.803272733	142.451239803	159.348022539	104.611910006	140.651907291	124.04284591	125.209368449	124.249195928	145.531129539	150.063666195	125.324887292	139.196431685	102.393320748	111.146570537	153.711842251
132.391915155	145.551973087	126.784531863	150.840660168	151.202742898	153.826699442	130.242893666	129.052621869	136.133655506	129.182273806	112.774553875	109.106719663	134.255530697	187.052919224	142.496162807	142.38298683	126.949528508	134.714125165	141.257399985	105.070232626	97.2754895513	150.542951049	140.538211902	133.083368758	136.619110168	137.506697343	142.371843586	156.984818714	137.213041607	131.876037142	145.505078268	108.263417568	121.556702276	160.886680508	129.61372187	96.5362297107	134.47000675	125.461999076	151.751880176	125.284561923	126.194823218	126.208317238	100.558128117	157.349800851	117.936279511	141.31546308	148.551191364	118.039454933	145.124910558	125.414445486	121.873305554	149.278245029
118.490833606	127.028863984	136.108378237	146.85303733	134.469039684	159.5257818	130.926776847	118.140696542	123.909657231	139.280721209	134.220004814	127.65381577	139.807416009	142.496162807	187.052919224	155.866096268	130.082598427	153.707506732	128.377293181	130.03321165	106.319452297	132.311627895	124.397650294	121.964778576	130.716350198	152.881279352	146.816024804	145.882267606	139.016146228	133.567057759	150.547341907	127.098003337	120.317190059	142.202491911	133.30866913	131.023173347	116.574151385	133.458555649	150.83437705	130.3691961	109.249579522	150.247776049	114.514515278	139.008630648	150.181111579	136.230072844	159.559020988	107.517254254	143.15552701	129.398363572	115.620262604	140.257243452
130.265251356	121.800274887	117.074483892	142.019076341	137.092964531	167.615093205	141.192964659	111.150949555	112.285804945	149.456978455	136.430758982	153.018317465	152.104929438	142.38298683	155.866096268	187.052919224	104.340963669	147.588955651	134.924483009	146.558854382	141.361189965	154.070750016	124.157015651	131.194681887	116.287591576	153.813709391	161.937895076	145.722490675	131.302244894	107.257375364	147.10076864	141.500203137	102.084197528	148.491674837	139.590366985	149.541168135	110.798600437	159.859168832	133.830562846	146.811449319	107.025249364	159.309142931	145.590648484	148.6697853	149.22503824	152.939903492	154.458435042	114.688207491	135.585386154	131.531996366	121.032752216	151.257090652
107.203289928	117.75566548	136.337405881	115.656127989	119.834666127	124.559231782	91.3895067465	128.319178731	140.485529992	88.9907964805	90.9342981823	67.2427050417	111.272603574	126.949528508	130.082598427	104.340963669	187.052919224	129.596174717	128.624367421	82.9613797005	49.2247848929	95.4791894785	141.77452499	116.433615957	134.818533005	132.923975154	111.621135535	116.878361977	128.26152999	132.155752336	113.640309567	71.1503452595	150.922190358	126.574599591	104.350232716	80.3875078955	97.888915972	82.0203746083	149.924639356	92.6539287764	102.654754589	86.0687026216	65.3532367707	107.514729665	103.115789893	112.110075091	146.589556769	117.554643907	126.758974457	97.6717075778	88.0117721312	114.625720278
113.555827752	119.985489397	146.45801739	133.257209672	123.502568269	145.14743102	111.158083659	122.360336618	106.846133631	113.410404209	113.975705952	120.813349658	119.164383455	134.714125165	153.707506732	147.588955651	129.596174717	187.052919224	112.355990205	109.531735724	95.6202435555	126.374595025	128.746803803	105.479119421	132.000795612	150.831807457	136.505921002	132.717706196	140.8482337	128.038928214	131.871789983	103.75531311	128.645278083	132.026776312	115.066097744	137.552755812	122.421142185	114.360284387	144.368270808	110.237710648	110.53018734	133.468599638	88.5121396199	126.969929503	136.746950262	135.591819789	161.436687745	105.254268924	137.243908479	131.455715269	90.9170735925	134.185494525
145.015745171	151.526939734	130.540357712	152.461566977	138.272371828	153.93386616	114.907361737	151.139620623	147.06417971	112.424306656	111.728787403	85.4357146086	142.277085989	141.257399985	128.377293181	134.924483009	128.624367421	112.355990205	187.052919224	123.512941055	85.8708864864	124.493146594	145.271245116	129.159236596	147.959273163	151.805051532	143.66093946	124.976635572	146.32438093	128.513909444	131.47691681	86.5785396894	135.644932626	160.598330472	149.308913396	96.9000318334	120.737935607	133.652858376	150.816975174	123.616566173	135.56642774	117.296800173	91.3776139986	133.93070094	108.449444468	113.244255743	144.189253547	152.709763316	156.934614122	110.945605649	109.743302728	149.144369839
94.1916169747	98.1133382231	74.3176095939	112.290843527	114.764892533	144.39748852	138.969446962	81.7821059097	80.5292986889	145.78738196	144.630089757	141.607716901	143.239186131	105.070232626	130.03321165	146.558854382	82.9613797005	109.531735724	123.512941055	187.052919224	114.695043181	133.507176208	78.8219773482	115.017363144	97.8175411709	128.544173387	140.212514874	102.446949891	109.159127642	71.0566108666	118.576677422	138.396841653	71.708991441	131.864075553	118.096242806	141.897329085	91.3940645886	153.686211851	114.621384317	149.257677527	93.2224657843	149.671928983	141.5698139	114.412282489	123.162942088	126.422686954	134.570388099	99.4393133292	117.115212592	88.8005756241	115.249563586	133.205415919
101.928611489	61.4275200565	59.8194573878	104.843314159	93.3189764577	122.502575853	117.985925041	45.5920136917	49.1810494819	138.658655895	106.89679918	145.980558962	122.030684863	97.2754895513	106.319452297	141.361189965	49.2247848929	95.6202435555	85.8708864864	114.695043181	187.052919224	131.448666909	77.9902814939	94.4489341846	43.3957780959	120.456813321	119.790160862	112.843107635	60.1759369625	35.4525810273	128.65299403	133.638258289	28.5206014589	112.762448021	102.894156283	125.693756869	66.472934042	153.405800949	70.7815874984	128.130010239	43.3405179099	130.464427311	133.339432381	108.452284254	104.456872167	139.23585265	102.988053617	68.7278248584	73.7740143543	98.2742391525	84.1143317046	131.860053501
108.196610724	116.129720521	86.5246976412	135.377257478	147.887944669	150.219202946	157.787628801	97.2939959797	97.1277733862	161.640847687	130.512957942	147.310284703	135.861150584	150.542951049	132.311627895	154.070750016	95.4791894785	126.374595025	124.493146594	133.507176208	131.448666909	187.052919224	115.809517123	129.183098127	110.341229226	134.172279322	153.103616933	157.726418179	109.860762046	89.4780759116	147.359313049	147.654752151	83.4060488285	156.250865886	122.05280499	117.996466733	121.484553144	146.957983089	121.073430117	143.632602414	106.073501692	152.702340308	137.158025943	156.953927354	119.252700302	162.721317368	139.256024167	93.2850733586	117.465039481	119.95237691	143.055162123	152.656249864
148.813425294	150.935113063	143.778556748	153.880486377	130.117449199	136.519631176	90.4218695209	153.156286364	139.010536603	87.3554082822	70.513125131	69.1782120957	117.220976614	140.538211902	124.397650294	124.157015651	141.77452499	128.746803803	145.271245116	78.8219773482	77.9902814939	115.809517123	187.052919224	116.334917518	153.249936708	146.482461657	123.357723221	134.498664318	138.675814748	138.357873231	119.551099242	71.2525675932	155.689313226	145.070925755	120.750197287	76.9359204982	134.165835403	107.138639222	145.071451892	93.1696058147	128.503696391	91.0850631281	58.1265676946	137.968861416	103.764833361	114.373581951	140.938485572	137.018269137	142.61774058	121.033467899	87.2811690601	135.841140871
112.368384695	117.355964045	97.0177571948	133.030992865	134.207602986	135.57595554	119.499050416	99.0866066213	117.030568654	126.214059207	102.793197413	113.010416039	126.033217033	133.083368758	121.964778576	131.194681887	116.433615957	105.479119421	129.159236596	115.017363144	94.4489341846	129.183098127	116.334917518	187.052919224	114.869025659	125.518133517	131.450221413	134.788198713	110.229458512	100.332672746	133.756436216	121.567850125	92.6923595876	141.460381609	128.577425479	89.0833516922	88.1528803693	128.657373541	120.783073827	120.28554409	101.157190067	106.955256862	124.311815671	140.857785744	101.249698362	125.79077848	126.294874278	117.226883123	120.137080866	105.403493202	119.677329283	132.861094879
131.032804663	162.867658999	150.448487105	148.697914119	129.330184808	141.046393206	93.5631589801	166.310198891	150.779082784	87.3010909446	89.318290731	65.9113247543	117.519109112	136.619110168	130.716350198	116.287591576	134.818533005	132.000795612	147.959273163	97.8175411709	43.3957780959	110.341229226	153.249936708	114.869025659	187.052919224	141.201276183	130.909450033	133.555068433	156.656883279	148.979493851	112.621679668	76.7151373079	164.662078228	146.416953272	123.990901605	76.7382765569	143.868411344	95.8098058623	155.161749697	93.0012770541	151.578279558	97.4206413605	59.0330320484	137.948251003	103.546611405	97.6104973668	143.798264595	139.000212241	158.78895752	121.28598718	106.718767894	137.004780229
136.81619367	139.67544397	135.400069486	159.786556979	130.357803537	156.765530016	113.49275715	138.71018921	130.174314204	131.237113242	118.445649176	126.580229776	136.818586548	137.506697343	152.881279352	153.813709391	132.923975154	150.831807457	151.805051532	128.544173387	120.456813321	134.172279322	146.482461657	125.518133517	141.201276183	187.052919224	157.392637083	139.452042275	142.441532444	126.502377758	157.354330385	118.181089214	131.653256448	154.944573162	146.84207348	119.724391186	123.43618547	142.64569759	149.134924492	122.014208084	121.413521269	136.46280937	103.619284322	143.384325882	134.83280179	133.787389494	157.314768928	143.673101014	151.06997159	134.478262411	103.04577251	156.671986753
123.914204331	136.2202618	110.508772003	145.501873623	137.337763989	166.951953674	139.799204006	125.124544002	127.633205465	146.189151328	130.885123982	134.788825792	139.903475898	142.371843586	146.816024804	161.937895076	111.621135535	136.505921002	143.66093946	140.212514874	119.790160862	153.103616933	123.357723221	131.450221413	130.909450033	157.392637083	187.052919224	144.475442749	140.756902645	118.600141696	151.241935827	132.838877309	115.5087814	163.128279953	139.68088864	126.645458346	116.034038899	145.561500048	135.682168205	128.469995512	127.102926901	150.369205327	130.075294745	151.680644954	130.280999849	145.473939861	148.63738328	125.981825715	143.541760113	130.103442524	137.426232833	154.419788669
126.610271006	129.422669526	120.784940756	148.787168344	147.66742339	146.652014509	133.103499743	117.907718217	120.173368366	140.655014226	103.016970057	126.941269595	126.234314101	156.984818714	145.882267606	145.722490675	116.878361977	132.717706196	124.976635572	102.446949891	112.843107635	157.726418179	134.498664318	134.788198713	133.555068433	139.452042275	144.475442749	187.052919224	121.608426187	117.783139766	158.613182781	131.056425431	109.648514294	153.406487776	128.300607074	96.6235880273	130.209609269	128.508322122	132.798171913	122.038527363	109.049353707	129.684022599	115.381647367	160.947478276	124.231388696	150.280525941	139.127515546	101.815262142	125.117275001	136.277474335	129.134262858	145.351096002
133.681495429	153.749005249	147.399553842	145.354001433	129.151349171	153.350953246	98.3058489624	158.194769282	142.600226294	94.1998745727	101.025510062	76.8237101419	125.08875398	137.213041607	139.016146228	131.302244894	128.26152999	140.8482337	146.32438093	109.159127642	60.1759369625	109.860762046	138.675814748	110.229458512	156.656883279	142.441532444	140.756902645	121.608426187	187.052919224	145.954929521	120.10746596	74.3563584803	149.519466108	147.298314369	119.646363922	111.909252477	136.734638861	107.110988143	155.25265985	100.41299012	144.17954257	114.988200847	68.7003015036	129.524906537	121.997872717	110.746283524	150.868255022	132.087209277	159.287546185	117.337427104	96.2386827883	129.343668167
126.277768838	156.029746501	148.666583454	137.92914697	126.249899488	130.584457182	77.584761281	148.618758054	149.763084287	63.2715279429	79.5717515253	52.796418485	107.779219873	131.876037142	133.567057759	107.257375364	132.155752336	128.038928214	128.513909444	71.0566108666	35.4525810273	89.4780759116	138.357873231	100.332672746	148.979493851	126.502377758	118.600141696	117.783139766	145.954929521	187.052919224	112.206497038	53.5323124039	149.123954671	125.821059732	114.291458742	70.14250395	133.810043615	77.9149737829	150.997410497	85.0814442424	135.937847994	90.4036907278	39.1384198957	121.687671484	109.850925597	89.384954372	133.119965888	126.032087867	148.834322831	105.153038656	83.7117599586	114.778953634
129.725711364	126.511757402	110.135147118	152.25036767	144.467042962	150.022011218	126.596118063	108.922983799	123.250248342	145.590646836	114.228130507	136.003095908	138.340740008	145.505078268	150.547341907	147.10076864	113.640309567	131.871789983	131.47691681	118.576677422	128.65299403	147.359313049	119.551099242	133.756436216	112.621679668	157.354330385	151.241935827	158.613182781	120.10746596	112.206497038	187.052919224	128.645489618	94.9861068373	149.854718821	141.249451487	111.229030324	118.161296633	142.998364848	131.787864105	129.558163325	103.140125281	141.553309667	118.201950872	146.148266857	126.294763193	148.912249683	143.294349005	117.05318263	131.976705083	133.264836542	118.089348949	153.285906366
71.2328303845	73.7403606681	51.3982133577	104.26653371	109.325481215	125.113527373	149.389268124	51.0849876536	65.2398536212	164.512495306	132.721426845	164.141281544	115.422725373	108.263417568	127.098003337	141.500203137	71.1503452595	103.75531311	86.5785396894	138.396841653	133.638258289	147.654752151	71.2525675932	121.567850125	76.7151373079	118.181089214	132.838877309	131.056425431	74.3563584803	53.5323124039	128.645489618	187.052919224	47.891712589	122.871994887	101.205799783	120.59390675	63.4288430903	142.762146574	86.2645759799	132.636588372	69.6521740158	144.443201131	161.480119748	133.597567276	115.803152806	140.674130131	107.85595365	70.7270002097	79.9296410642	100.120999556	134.454386529	124.221911937
125.56888635	143.442875465	152.811302663	128.98504602	109.531247521	128.068374608	70.6023804805	160.829572417	150.821557627	58.4854672311	66.2097636579	43.0166439648	102.161200064	121.556702276	120.317190059	102.084197528	150.922190358	128.645278083	135.644932626	71.708991441	28.5206014589	83.4060488285	155.689313226	92.6923595876	164.662078228	131.653256448	115.5087814	109.648514294	149.519466108	149.123954671	94.9861068373	47.891712589	187.052919224	126.467746881	107.034987203	71.5809212134	124.38463677	70.2874268849	145.347896305	69.0952223502	132.056824039	80.4182362441	32.3248078141	111.253982397	96.2993826059	85.7949058467	135.660452699	127.302356438	147.985288085	110.834819782	82.7999756067	114.484681301
133.579296148	152.291876713	121.84709342	158.389265077	148.210886189	164.944022205	144.831435776	140.790092396	136.611149911	144.221086207	129.180019163	117.284403048	143.082089601	160.886680508	142.202491911	148.491674837	126.574599591	132.026776312	160.598330472	131.864075553	112.762448021	156.250865886	145.070925755	141.460381609	146.416953272	154.944573162	163.128279953	153.406487776	147.298314369	125.821059732	149.854718821	122.871994887	126.467746881	187.052919224	139.082883944	113.04118767	132.76116554	141.729748294	148.936752716	131.974606266	138.92300355	136.155526123	113.553601523	162.299214911	120.998993346	145.694340128	152.472806922	131.706134326	152.721616131	126.15343423	140.044855551	165.613489782
129.405076728	127.45436115	119.004992672	149.924440256	118.305969275	141.914513385	109.589620381	117.54090414	123.955754803	116.245797898	117.840984348	110.533389045	125.206644452	129.61372187	133.30866913	139.590366985	104.350232716	115.066097744	149.308913396	118.096242806	102.894156283	122.05280499	120.750197287	128.577425479	123.990901605	146.84207348	139.68088864	128.300607074	119.646363922	114.291458742	141.249451487	101.205799783	107.034987203	139.082883944	187.052919224	99.9173842188	98.1161702247	141.26299462	122.400548021	114.925739893	109.890473645	125.95506359	110.927898133	125.562037102	102.256954496	101.636645082	133.189607396	135.523335056	143.585103806	118.132967631	105.069155333	143.235697315
91.144382857	73.1185161376	91.7057377391	96.7937035682	95.5392433606	141.277479805	125.699917714	69.6949476524	61.5474928976	129.403963944	131.694875749	140.925161133	130.093223276	96.5362297107	131.023173347	149.541168135	80.3875078955	137.552755812	96.9000318334	141.897329085	125.693756869	117.996466733	76.9359204982	89.0833516922	76.7382765569	119.724391186	126.645458346	96.6235880273	111.909252477	70.14250395	111.229030324	120.59390675	71.5809212134	113.04118767	99.9173842188	187.052919224	78.4648056716	141.097579166	102.467137048	129.974974667	69.0606037524	152.984682626	123.930836638	93.8431956898	128.900148697	130.354546218	135.774829129	73.4665343833	106.486231285	98.3203993025	88.2070095645	119.12274553
133.606188827	155.938004204	126.126565312	137.162244645	133.036202017	130.390760306	86.3362123172	144.490613858	117.392170936	80.3708559891	72.5459726207	68.2213329412	117.050893238	134.47000675	116.574151385	110.798600437	97.888915972	122.421142185	120.737935607	91.3940645886	66.472934042	121.484553144	134.165835403	88.1528803693	143.868411344	123.43618547	116.034038899	130.209609269	136.734638861	133.810043615	118.161296633	63.4288430903	124.38463677	132.76116554	98.1161702247	78.4648056716	187.052919224	97.5993401629	139.618139198	103.949569108	135.242666197	105.269467291	39.6418056942	130.008115544	98.9111123231	113.607424413	129.357018635	107.084701364	135.921882141	109.301852202	78.1285284573	131.745594795
132.860259816	111.451080337	86.2541454208	138.095073856	125.436863495	151.658635754	139.411123428	90.3103582917	88.2706554523	151.706963022	136.399510418	151.884188116	150.803272733	125.461999076	133.458555649	159.859168832	82.0203746083	114.360284387	133.652858376	153.686211851	153.405800949	146.957983089	107.138639222	128.657373541	95.8098058623	142.64569759	145.561500048	128.508322122	107.110988143	77.9149737829	142.998364848	142.762146574	70.2874268849	141.729748294	141.26299462	141.097579166	97.5993401629	187.052919224	110.646185407	151.21069878	94.6344583705	149.777228415	147.137705991	133.112507379	122.127130652	142.219582291	133.155091506	113.706400667	119.325549337	110.075163887	108.992742338	151.29356779
133.908834602	151.041215407	150.242570153	145.196847208	149.40872789	157.511801732	109.93789047	148.96422452	148.526105696	107.291360521	115.57522607	84.9761980659	142.451239803	151.751880176	150.83437705	133.830562846	149.924639356	144.368270808	150.816975174	114.621384317	70.7815874984	121.073430117	145.071451892	120.783073827	155.161749697	149.134924492	135.682168205	132.798171913	155.25265985	150.997410497	131.787864105	86.2645759799	145.347896305	148.936752716	122.400548021	102.467137048	139.618139198	110.646185407	187.052919224	125.471366902	130.242011255	121.380546536	78.6551609127	132.01551117	125.32450778	122.934384395	166.695317207	130.734601709	155.62606381	116.832786714	99.2902607982	143.793241891
112.523785822	103.017074232	83.8797255429	114.972516572	134.739789706	145.657451427	144.182743851	81.917158148	91.0186091615	143.112918399	129.59232176	132.646566325	159.348022539	125.284561923	130.3691961	146.811449319	92.6539287764	110.237710648	123.616566173	149.257677527	128.130010239	143.632602414	93.1696058147	120.28554409	93.0012770541	122.014208084	128.469995512	122.038527363	100.41299012	85.0814442424	129.558163325	132.636588372	69.0952223502	131.974606266	114.925739893	129.974974667	103.949569108	151.21069878	125.471366902	187.052919224	79.5173926472	149.976238635	131.228359315	119.113658483	120.909183657	144.600950536	139.03303107	101.439653881	110.664787234	92.020316817	112.053372525	143.007296782
113.475963319	159.475254832	119.497672333	134.971511975	118.394002196	122.818326944	87.8020873091	150.07167781	128.662605561	80.7826522168	99.2421652964	62.9292568604	104.611910006	126.194823218	109.249579522	107.025249364	102.654754589	110.53018734	135.56642774	93.2224657843	43.3405179099	106.073501692	128.503696391	101.157190067	151.578279558	121.413521269	127.102926901	109.049353707	144.17954257	135.937847994	103.140125281	69.6521740158	132.056824039	138.92300355	109.890473645	69.0606037524	135.242666197	94.6344583705	130.242011255	79.5173926472	187.052919224	91.6071409177	58.6408324156	134.987845066	90.0923385101	91.288772541	118.782349897	120.056448484	139.364003228	108.864718889	113.048827868	121.028152288
98.0145164337	99.5869556709	91.193509414	122.958393595	123.636877864	157.949809673	155.312724343	84.9779826568	87.590680043	156.660577504	149.557366005	152.903818189	140.651907291	126.208317238	150.247776049	159.309142931	86.0687026216	133.468599638	117.296800173	149.671928983	130.464427311	152.702340308	91.0850631281	106.955256862	97.4206413605	136.46280937	150.369205327	129.684022599	114.988200847	90.4036907278	141.553309667	144.443201131	80.4182362441	136.155526123	125.95506359	152.984682626	105.269467291	149.777228415	121.380546536	149.976238635	91.6071409177	187.052919224	135.438884008	127.389863669	138.127305256	141.89042503	145.585012425	87.0078579701	119.907368295	116.89875923	128.194124567	140.947877318
69.571668586	60.3395048931	47.0049014748	91.6186421629	108.629357527	123.843033618	142.645418293	39.7269871772	61.7861978178	159.443211306	137.574965023	157.577944654	124.04284591	100.558128117	114.514515278	145.590648484	65.3532367707	88.5121396199	91.3776139986	141.5698139	133.339432381	137.158025943	58.1265676946	124.311815671	59.0330320484	103.619284322	130.075294745	115.381647367	68.7003015036	39.1384198957	118.201950872	161.480119748	32.3248078141	113.553601523	110.927898133	123.930836638	39.6418056942	147.137705991	78.6551609127	131.228359315	58.6408324156	135.438884008	187.052919224	118.536837984	105.427222208	132.425116013	103.921005675	72.757504759	74.8163833732	86.9623280791	126.762991769	112.470958203
123.020321834	152.000957246	110.183579229	159.279323653	146.685417731	149.176182026	132.101129559	129.347487062	125.228641402	137.860653772	113.1492797	127.132894706	125.209368449	157.349800851	139.008630648	148.6697853	107.514729665	126.969929503	133.93070094	114.412282489	108.452284254	156.953927354	137.968861416	140.857785744	137.948251003	143.384325882	151.680644954	160.947478276	129.524906537	121.687671484	146.148266857	133.597567276	111.253982397	162.299214911	125.562037102	93.8431956898	130.008115544	133.112507379	132.01551117	119.113658483	134.987845066	127.389863669	118.536837984	187.052919224	124.952848556	141.707022729	132.388024316	118.448181595	136.984513275	130.820257476	133.956027834	150.045615463
105.359821772	106.099724831	114.265396047	127.216132875	114.403951861	142.284830038	113.193595541	101.192591192	93.0720096575	122.253589708	115.411084992	124.584592907	124.249195928	117.936279511	150.181111579	149.22503824	103.115789893	136.746950262	108.449444468	123.162942088	104.456872167	119.252700302	103.764833361	101.249698362	103.546611405	134.83280179	130.280999849	124.231388696	121.997872717	109.850925597	126.294763193	115.803152806	96.2993826059	120.998993346	102.256954496	128.900148697	98.9111123231	122.127130652	125.32450778	120.909183657	90.0923385101	138.127305256	105.427222208	124.952848556	187.052919224	124.328453998	140.098062067	89.2792864478	119.730373127	112.377360713	88.4023717798	117.517348903
116.976192977	104.19848034	96.4667890873	124.823701752	144.671963209	146.713242521	145.948828184	95.9710481327	97.0548278178	149.869501831	119.940275796	140.86258746	145.531129539	141.31546308	136.230072844	152.939903492	112.110075091	135.591819789	113.244255743	126.422686954	139.23585265	162.721317368	114.373581951	125.79077848	97.6104973668	133.787389494	145.473939861	150.280525941	110.746283524	89.384954372	148.912249683	140.674130131	85.7949058467	145.694340128	101.636645082	130.354546218	113.607424413	142.219582291	122.934384395	144.600950536	91.288772541	141.89042503	132.425116013	141.707022729	124.328453998	187.052919224	143.690201617	89.2347071505	109.742497475	112.665466743	123.357558719	145.964862665
128.035121534	131.727143874	146.471331656	145.736345963	145.760241442	165.956805875	126.207784314	130.93252373	127.805066933	130.351545672	132.754831247	116.015945012	150.063666195	148.551191364	159.559020988	154.458435042	146.589556769	161.436687745	144.189253547	134.570388099	102.988053617	139.256024167	140.938485572	126.294874278	143.798264595	157.314768928	148.63738328	139.127515546	150.868255022	133.119965888	143.294349005	107.85595365	135.660452699	152.472806922	133.189607396	135.774829129	129.357018635	133.155091506	166.695317207	139.03303107	118.782349897	145.585012425	103.921005675	132.388024316	140.098062067	143.690201617	187.052919224	123.518100701	154.815905776	123.775780716	107.207081424	154.776774785
141.476635976	145.32699515	119.041092469	141.178155891	122.136129067	131.04816758	84.0832892575	135.747750579	139.412882535	83.1114618228	80.1320158362	69.8160765652	125.324887292	118.039454933	107.517254254	114.688207491	117.554643907	105.254268924	152.709763316	99.4393133292	68.7278248584	93.2850733586	137.018269137	117.226883123	139.000212241	143.673101014	125.981825715	101.815262142	132.087209277	126.032087867	117.05318263	70.7270002097	127.302356438	131.706134326	135.523335056	73.4665343833	107.084701364	113.706400667	130.734601709	101.439653881	120.056448484	87.0078579701	72.757504759	118.448181595	89.2792864478	89.2347071505	123.518100701	187.052919224	145.621099417	97.0237697203	82.7106664267	130.307022465
142.731360394	158.350625968	147.735915381	158.463217592	137.956897012	159.445094246	102.989558585	153.55380056	148.910735668	101.069259932	105.284082674	83.7436578466	139.196431685	145.124910558	143.15552701	135.585386154	126.758974457	137.243908479	156.934614122	117.115212592	73.7740143543	117.465039481	142.61774058	120.137080866	158.78895752	151.06997159	143.541760113	125.117275001	159.287546185	148.834322831	131.976705083	79.9296410642	147.985288085	152.721616131	143.585103806	106.486231285	135.921882141	119.325549337	155.62606381	110.664787234	139.364003228	119.907368295	74.8163833732	136.984513275	119.730373127	109.742497475	154.815905776	145.621099417	187.052919224	124.241185135	100.225117133	149.167461662
112.401278866	115.011250693	117.603826549	135.009585105	113.789217061	133.444156172	99.5253669175	113.554154828	106.342932018	103.942549559	93.9511324009	105.37307163	102.393320748	125.414445486	129.398363572	131.531996366	97.6717075778	131.455715269	110.945605649	88.8005756241	98.2742391525	119.95237691	121.033467899	105.403493202	121.28598718	134.478262411	130.103442524	136.277474335	117.337427104	105.153038656	133.264836542	100.120999556	110.834819782	126.15343423	118.132967631	98.3203993025	109.301852202	110.075163887	116.832786714	92.020316817	108.864718889	116.89875923	86.9623280791	130.820257476	112.377360713	112.665466743	123.775780716	97.0237697203	124.241185135	187.052919224	96.2312817927	130.94075928
69.7082643606	98.0251598069	66.0456686937	104.335883479	125.469597208	125.369010901	148.522747539	84.1192338943	99.2826011247	142.390957112	123.056179555	119.316471632	111.146570537	121.873305554	115.620262604	121.032752216	88.0117721312	90.9170735925	109.743302728	115.249563586	84.1143317046	143.055162123	87.2811690601	119.677329283	106.718767894	103.04577251	137.426232833	129.134262858	96.2386827883	83.7117599586	118.089348949	134.454386529	82.7999756067	140.044855551	105.069155333	88.2070095645	78.1285284573	108.992742338	99.2902607982	112.053372525	113.048827868	128.194124567	126.762991769	133.956027834	88.4023717798	123.357558719	107.207081424	82.7106664267	100.225117133	96.2312817927	187.052919224	123.536828915
140.728524108	143.699986045	120.191410906	156.119081406	145.531500848	163.984613826	133.875650702	127.958079294	127.039132388	138.213152913	122.039738428	121.990199067	153.711842251	149.278245029	140.257243452	151.257090652	114.625720278	134.185494525	149.144369839	133.205415919	131.860053501	152.656249864	135.841140871	132.861094879	137.004780229	156.671986753	154.419788669	145.351096002	129.343668167	114.778953634	153.285906366	124.221911937	114.484681301	165.613489782	143.235697315	119.12274553	131.745594795	151.29356779	143.793241891	143.007296782	121.028152288	140.947877318	112.470958203	150.045615463	117.517348903	145.964862665	154.776774785	130.307022465	149.167461662	130.94075928	123.536828915	187.052919224
Genotype stats (X^T * X): 	27.2179751582
Gene expression - Genotype stats (Y^T * X): 
-14.2292739295	-11.078939297	-12.957562567	-13.2490483657	-9.25163060044	-12.8488466347	-1.67708213026	-14.836560306	-13.6486232979	-5.00264757479	2.38483068705	-3.22426113609	-8.47031397985	-11.7028318024	-10.6182052117	-10.2753801477	-7.74806647655	-7.58499328315	-12.7286956674	0.359216698929	-11.4984827947	-7.23575542745	-10.7017056611	-6.45597993907	-9.6232622362	-12.4162232819	-10.8057426151	-10.533651802	-9.95222568547	-11.2553194499	-14.3094480311	-0.988058774955	-12.1788275991	-13.5990010578	-8.87518119371	-6.17889044339	-11.3802504314	-5.82269304727	-8.89296636929	-7.53691737001	-7.12600174685	-5.75864636597	-1.02067286097	-12.0075558045	-10.2448955315	-11.2086483935	-9.58329341814	-7.82182924701	-15.3520549157	-10.0983184478	-5.39119879615	-16.846817312