Tissue	skinnotsunexposedsuprapubic
N_samples	196
Chr	14
Gene	ENSG00000211895.3
SNP	rs191115774
Gene_list	ENSG00000211666.2	ENSG00000254709.2	ENSG00000211675.2	ENSG00000211677.2	ENSG00000211679.2	ENSG00000132465.6	ENSG00000239951.1	ENSG00000211890.3	ENSG00000211895.3
Gene expression stats (Y^T * Y): 
187.052919224	121.984873986	117.694143999	121.948642637	117.344526468	123.600336568	110.642807646	110.725107383	113.135056803
121.984873986	187.052919224	158.360267842	129.189919971	127.152081569	152.294119433	126.098308203	133.253258645	119.326197221
117.694143999	158.360267842	187.052919224	154.259586052	153.347235012	166.807204945	140.041639482	156.976562286	147.33256889
121.948642637	129.189919971	154.259586052	187.052919224	153.016924648	160.070500921	138.787606581	160.673202037	160.573500491
117.344526468	127.152081569	153.347235012	153.016924648	187.052919224	153.105944783	129.342409117	160.351354012	164.268778291
123.600336568	152.294119433	166.807204945	160.070500921	153.105944783	187.052919224	152.095707764	168.439580545	149.372536768
110.642807646	126.098308203	140.041639482	138.787606581	129.342409117	152.095707764	187.052919224	136.800225228	117.956280767
110.725107383	133.253258645	156.976562286	160.673202037	160.351354012	168.439580545	136.800225228	187.052919224	159.742634215
113.135056803	119.326197221	147.33256889	160.573500491	164.268778291	149.372536768	117.956280767	159.742634215	187.052919224
Genotype stats (X^T * X): 	14.3381532041
Gene expression - Genotype stats (Y^T * X): 
5.47625458433	9.97496963491	10.4572971604	10.3222667683	10.0519997474	9.63065558465	7.24514672872	9.977348372	11.5784729038