Tissue	skinnotsunexposedsuprapubic
N_samples	196
Chr	20
Gene	ENSG00000125851.5
SNP	rs6034751
Gene_list	ENSG00000120215.5	ENSG00000125851.5	ENSG00000168481.4	ENSG00000077498.8	ENSG00000197106.6	ENSG00000132692.14
Gene expression stats (Y^T * Y): 
187.052919224	120.403382421	122.490428055	160.2247563	116.208746117	112.104353811
120.403382421	187.052919224	126.589991384	115.486121195	115.458025644	125.311622324
122.490428055	126.589991384	187.052919224	121.784702593	128.086893783	133.34079521
160.2247563	115.486121195	121.784702593	187.052919224	121.396330115	118.746739179
116.208746117	115.458025644	128.086893783	121.396330115	187.052919224	111.761919233
112.104353811	125.311622324	133.34079521	118.746739179	111.761919233	187.052919224
Genotype stats (X^T * X): 	38.2448979592
Gene expression - Genotype stats (Y^T * X): 
-4.19619012956	-19.4476388806	1.63945253369	-5.93279378996	-1.51192141257	-7.56132747677