Tissue	skinnotsunexposedsuprapubic
N_samples	196
Chr	13
Gene	ENSG00000165474.5
SNP	rs142206083
Gene_list	ENSG00000178363.3	ENSG00000165474.5	ENSG00000121742.11	ENSG00000186832.4	ENSG00000128422.11	ENSG00000185479.5	ENSG00000205420.6	ENSG00000169908.6	ENSG00000196754.6
Gene expression stats (Y^T * Y): 
187.052919224	123.754033532	119.421137915	113.799915599	107.770767639	146.532154632	120.361314698	90.3304875428	131.575442661
123.754033532	187.052919224	159.575558365	124.434572971	115.438061976	140.959226044	122.105425296	116.523514697	134.351168402
119.421137915	159.575558365	187.052919224	101.693154567	92.1296435456	114.716841121	92.799413921	107.47340891	117.702597137
113.799915599	124.434572971	101.693154567	187.052919224	147.058232264	149.350360502	156.808016836	100.191806587	144.635493475
107.770767639	115.438061976	92.1296435456	147.058232264	187.052919224	150.744123803	151.802349722	100.944161594	134.959752773
146.532154632	140.959226044	114.716841121	149.350360502	150.744123803	187.052919224	166.655548402	112.221782941	140.730075101
120.361314698	122.105425296	92.799413921	156.808016836	151.802349722	166.655548402	187.052919224	86.9277017951	141.783987773
90.3304875428	116.523514697	107.47340891	100.191806587	100.944161594	112.221782941	86.9277017951	187.052919224	95.4432297201
131.575442661	134.351168402	117.702597137	144.635493475	134.959752773	140.730075101	141.783987773	95.4432297201	187.052919224
Genotype stats (X^T * X): 	20.89376475
Gene expression - Genotype stats (Y^T * X): 
-4.21607532223	-13.4830683311	-7.31749612559	-4.3800500759	-4.36796976247	-4.52067070421	-0.312701578025	-9.41823048251	-3.56222664854