Tissue	skinnotsunexposedsuprapubic
N_samples	196
Chr	6
Gene	ENSG00000196126.6
SNP	rs9271018
Gene_list	ENSG00000204287.9	ENSG00000198502.5	ENSG00000196126.6	ENSG00000196735.7	ENSG00000179344.12	ENSG00000019582.10
Gene expression stats (Y^T * Y): 
187.052919224	49.5023375132	120.057520231	77.8798694357	58.1463362267	170.110560906
49.5023375132	187.052919224	112.826750256	76.667988586	89.1081594943	38.0997947829
120.057520231	112.826750256	187.052919224	135.033592003	120.034009053	117.223972762
77.8798694357	76.667988586	135.033592003	187.052919224	124.458148272	69.8532371676
58.1463362267	89.1081594943	120.034009053	124.458148272	187.052919224	59.4708570386
170.110560906	38.0997947829	117.223972762	69.8532371676	59.4708570386	187.052919224
Genotype stats (X^T * X): 	69.31670075
Gene expression - Genotype stats (Y^T * X): 
-11.1335844354	-76.622036618	-79.76039883	-55.7132203051	-55.9610867023	-7.13370810868