Tissue	skinnotsunexposedsuprapubic
N_samples	196
Chr	22
Gene	ENSG00000100234.11
SNP	rs5998608
Gene_list	ENSG00000111341.5	ENSG00000100234.11	ENSG00000140416.15	ENSG00000152583.8	ENSG00000140545.10	ENSG00000148180.12	ENSG00000115461.4
Gene expression stats (Y^T * Y): 
187.052919224	123.771163167	102.229229456	78.9306730181	121.220655967	153.965939918	108.559399468
123.771163167	187.052919224	113.401694906	121.453362859	124.792261424	132.005794844	115.388150513
102.229229456	113.401694906	187.052919224	85.6837852603	85.9782218567	87.4553556036	83.4340765747
78.9306730181	121.453362859	85.6837852603	187.052919224	82.6976148735	91.4447490219	61.3092378267
121.220655967	124.792261424	85.9782218567	82.6976148735	187.052919224	126.993309321	86.5045696465
153.965939918	132.005794844	87.4553556036	91.4447490219	126.993309321	187.052919224	125.745052732
108.559399468	115.388150513	83.4340765747	61.3092378267	86.5045696465	125.745052732	187.052919224
Genotype stats (X^T * X): 	28.7755102041
Gene expression - Genotype stats (Y^T * X): 
8.56596100682	16.2620327759	9.25689178091	0.265356806193	5.04756511788	5.96965922536	16.7373424818