Tissue	skinnotsunexposedsuprapubic
N_samples	196
Chr	19
Gene	ENSG00000167754.8
SNP	rs117445788
Gene_list	ENSG00000204539.3	ENSG00000167754.8	ENSG00000169035.7	ENSG00000244617.1	ENSG00000143631.10	ENSG00000169509.5	ENSG00000187180.3	ENSG00000159455.7	ENSG00000203786.5	ENSG00000197084.4	ENSG00000196734.6	ENSG00000186844.4	ENSG00000203782.5
Gene expression stats (Y^T * Y): 
187.052919224	137.716861474	103.666601162	148.700808291	126.586209055	139.073411115	133.18552137	137.412870492	148.68509393	140.615300685	124.589897641	129.618575361	149.557839654
137.716861474	187.052919224	130.588775828	130.146972636	132.993429191	123.684958334	116.531759988	116.149481769	128.885375745	121.249271555	115.644330587	116.07339225	129.191273445
103.666601162	130.588775828	187.052919224	78.3699646417	101.422932162	67.1529820046	62.037456448	58.5275294479	73.9160555321	64.2154322333	60.2370660651	57.175077635	80.5908118219
148.700808291	130.146972636	78.3699646417	187.052919224	138.804889555	167.302965351	161.46473965	164.446410281	165.990194553	165.63655329	158.3128473	161.135331251	158.745031524
126.586209055	132.993429191	101.422932162	138.804889555	187.052919224	111.095554572	110.503248308	114.442232291	130.976737077	116.579406699	113.600312491	112.907826321	136.288685059
139.073411115	123.684958334	67.1529820046	167.302965351	111.095554572	187.052919224	166.201360165	167.585931474	164.644975358	169.319483676	164.434114984	168.859399324	155.746259162
133.18552137	116.531759988	62.037456448	161.46473965	110.503248308	166.201360165	187.052919224	182.673251249	172.316785938	179.160069677	176.71881403	179.315356338	145.619656549
137.412870492	116.149481769	58.5275294479	164.446410281	114.442232291	167.585931474	182.673251249	187.052919224	177.643899807	181.121654466	174.170540684	181.13426484	152.595751568
148.68509393	128.885375745	73.9160555321	165.990194553	130.976737077	164.644975358	172.316785938	177.643899807	187.052919224	174.049533183	167.935161454	174.640024745	157.614082275
140.615300685	121.249271555	64.2154322333	165.63655329	116.579406699	169.319483676	179.160069677	181.121654466	174.049533183	187.052919224	180.041120487	181.985213483	157.077795335
124.589897641	115.644330587	60.2370660651	158.3128473	113.600312491	164.434114984	176.71881403	174.170540684	167.935161454	180.041120487	187.052919224	180.178627022	142.835264447
129.618575361	116.07339225	57.175077635	161.135331251	112.907826321	168.859399324	179.315356338	181.13426484	174.640024745	181.985213483	180.178627022	187.052919224	150.868380041
149.557839654	129.191273445	80.5908118219	158.745031524	136.288685059	155.746259162	145.619656549	152.595751568	157.614082275	157.077795335	142.835264447	150.868380041	187.052919224
Genotype stats (X^T * X): 	44.9079848724
Gene expression - Genotype stats (Y^T * X): 
13.8378343522	22.2553167546	15.1349307664	10.4850765016	2.42197038214	14.4993900158	13.4044218646	11.5950640544	8.77979882119	9.25041349791	10.1271605817	7.95716297218	12.0754903812