Tissue	skinnotsunexposedsuprapubic
N_samples	196
Chr	14
Gene	ENSG00000092054.12
SNP	rs2239577
Gene_list	ENSG00000125414.14	ENSG00000092054.12	ENSG00000198125.8	ENSG00000173991.5	ENSG00000104879.4	ENSG00000111245.10	ENSG00000159173.14
Gene expression stats (Y^T * Y): 
187.052919224	116.954708724	93.5153164885	100.217261899	116.249281612	115.125515004	123.039688877
116.954708724	187.052919224	115.948339899	134.420063175	123.815152818	165.080059086	129.982242073
93.5153164885	115.948339899	187.052919224	112.555118021	138.275833747	107.057923478	100.049781722
100.217261899	134.420063175	112.555118021	187.052919224	124.000903279	129.624328575	95.0262640037
116.249281612	123.815152818	138.275833747	124.000903279	187.052919224	132.71565086	125.410770003
115.125515004	165.080059086	107.057923478	129.624328575	132.71565086	187.052919224	128.162554388
123.039688877	129.982242073	100.049781722	95.0262640037	125.410770003	128.162554388	187.052919224
Genotype stats (X^T * X): 	49.9235182653
Gene expression - Genotype stats (Y^T * X): 
6.31943308953	20.8292807779	7.40596838726	10.0757141842	3.0162336662	18.2190866651	12.0535054343