Tissue	skinnotsunexposedsuprapubic
N_samples	196
Chr	10
Gene	ENSG00000099194.5
SNP	rs2242051
Gene_list	ENSG00000187288.6	ENSG00000175445.10	ENSG00000133317.10	ENSG00000138207.8	ENSG00000099194.5	ENSG00000119927.9	ENSG00000181092.5
Gene expression stats (Y^T * Y): 
187.052919224	143.458184254	110.661599277	175.446230299	112.854181266	134.980729044	161.842261717
143.458184254	187.052919224	130.625017676	154.17514774	124.275992433	152.053399319	165.833214337
110.661599277	130.625017676	187.052919224	125.651749286	116.699768207	164.567321326	129.57122732
175.446230299	154.17514774	125.651749286	187.052919224	124.134649013	149.873767057	170.898825055
112.854181266	124.275992433	116.699768207	124.134649013	187.052919224	140.492630879	118.424756214
134.980729044	152.053399319	164.567321326	149.873767057	140.492630879	187.052919224	148.032516495
161.842261717	165.833214337	129.57122732	170.898825055	118.424756214	148.032516495	187.052919224
Genotype stats (X^T * X): 	27.2806122449
Gene expression - Genotype stats (Y^T * X): 
-15.9287324379	-16.5879234021	-15.1204608058	-17.8474643232	-17.2632213541	-19.9570831876	-19.3686176332