Tissue	skinnotsunexposedsuprapubic
N_samples	196
Chr	4
Gene	ENSG00000185818.7
SNP	rs2001039
Gene_list	ENSG00000184811.3	ENSG00000185818.7	ENSG00000152270.4	ENSG00000141150.3	ENSG00000124253.9	ENSG00000123612.11	ENSG00000135917.9
Gene expression stats (Y^T * Y): 
187.052919224	120.319759685	113.108589612	115.882115603	144.399330143	82.5720562071	158.934086983
120.319759685	187.052919224	123.071497659	116.928678928	116.26987712	115.23522636	127.724464112
113.108589612	123.071497659	187.052919224	138.410674995	92.55299415	118.972215589	110.67171487
115.882115603	116.928678928	138.410674995	187.052919224	93.6648158134	107.880497133	109.487130215
144.399330143	116.26987712	92.55299415	93.6648158134	187.052919224	63.8586263642	123.339130553
82.5720562071	115.23522636	118.972215589	107.880497133	63.8586263642	187.052919224	100.36452076
158.934086983	127.724464112	110.67171487	109.487130215	123.339130553	100.36452076	187.052919224
Genotype stats (X^T * X): 	60.9360975255
Gene expression - Genotype stats (Y^T * X): 
-29.7732703241	-22.9454268786	-24.9996028925	-28.7853824931	-21.8985748776	-14.6324805816	-25.2943102227