Tissue	skinnotsunexposedsuprapubic
N_samples	196
Chr	12
Gene	ENSG00000076555.11
SNP	rs181605615
Gene_list	ENSG00000187288.6	ENSG00000157150.4	ENSG00000175445.10	ENSG00000079435.5	ENSG00000135447.12	ENSG00000166819.7	ENSG00000076555.11	ENSG00000181092.5	ENSG00000186205.8
Gene expression stats (Y^T * Y): 
187.052919224	129.903732281	143.458184254	166.048818326	139.754775398	172.641779756	121.809109906	161.842261717	120.038418771
129.903732281	187.052919224	139.93378329	131.73260642	126.48852168	134.42454928	125.859467953	137.328570574	115.770708161
143.458184254	139.93378329	187.052919224	143.735137109	156.811613332	158.16152303	112.704637004	165.833214337	154.936907454
166.048818326	131.73260642	143.735137109	187.052919224	151.357022821	173.538625455	127.082567272	161.713733942	129.55872404
139.754775398	126.48852168	156.811613332	151.357022821	187.052919224	160.470937558	112.736707409	163.698762277	156.737029498
172.641779756	134.42454928	158.16152303	173.538625455	160.470937558	187.052919224	118.89551391	171.098155261	143.897192652
121.809109906	125.859467953	112.704637004	127.082567272	112.736707409	118.89551391	187.052919224	123.119814561	113.392935066
161.842261717	137.328570574	165.833214337	161.713733942	163.698762277	171.098155261	123.119814561	187.052919224	159.218426218
120.038418771	115.770708161	154.936907454	129.55872404	156.737029498	143.897192652	113.392935066	159.218426218	187.052919224
Genotype stats (X^T * X): 	24.545549
Gene expression - Genotype stats (Y^T * X): 
-8.2678615498	-7.97622006337	-6.23200391584	-6.66238620674	-2.0495282401	-6.36969350372	-14.6843339616	-5.90281568235	-5.78072550636