Tissue	skinnotsunexposedsuprapubic
N_samples	196
Chr	1
Gene	ENSG00000188257.6
SNP	rs11573190
Gene_list	ENSG00000185201.12	ENSG00000142089.11	ENSG00000132386.6	ENSG00000125730.12	ENSG00000182326.10	ENSG00000159403.11	ENSG00000188257.6	ENSG00000149131.11	ENSG00000166741.3	ENSG00000211445.7	ENSG00000112096.12	ENSG00000135821.12
Gene expression stats (Y^T * Y): 
187.052919224	168.291362425	121.456607788	106.002376708	116.83034095	132.144673168	118.619939541	141.170165719	147.120918549	126.170931271	125.682387262	102.752411264
168.291362425	187.052919224	121.869762934	115.107217882	123.02688372	140.789927254	116.161716725	143.339183006	135.365915752	115.505260138	112.561275038	88.6822656995
121.456607788	121.869762934	187.052919224	141.716364638	154.515549156	158.618966782	112.895042594	161.96331035	131.493251069	140.112142561	82.5539689091	116.72207822
106.002376708	115.107217882	141.716364638	187.052919224	159.191980877	154.605905108	116.708956287	142.076903015	104.284194125	94.2272563734	63.8685690112	75.0882738573
116.83034095	123.02688372	154.515549156	159.191980877	187.052919224	176.132354964	116.866072728	160.251267509	118.825801646	113.061183862	82.3463523565	96.9668733417
132.144673168	140.789927254	158.618966782	154.605905108	176.132354964	187.052919224	123.019866384	168.104185131	126.647010433	122.692301573	93.1206239643	106.23988129
118.619939541	116.161716725	112.895042594	116.708956287	116.866072728	123.019866384	187.052919224	127.630010089	145.833140124	136.46422887	113.692883847	115.292606363
141.170165719	143.339183006	161.96331035	142.076903015	160.251267509	168.104185131	127.630010089	187.052919224	139.10679025	148.97756809	94.6946334824	123.422153192
147.120918549	135.365915752	131.493251069	104.284194125	118.825801646	126.647010433	145.833140124	139.10679025	187.052919224	154.544879559	144.568132823	144.154747029
126.170931271	115.505260138	140.112142561	94.2272563734	113.061183862	122.692301573	136.46422887	148.97756809	154.544879559	187.052919224	112.731191654	150.088565876
125.682387262	112.561275038	82.5539689091	63.8685690112	82.3463523565	93.1206239643	113.692883847	94.6946334824	144.568132823	112.731191654	187.052919224	123.248766601
102.752411264	88.6822656995	116.72207822	75.0882738573	96.9668733417	106.23988129	115.292606363	123.422153192	144.154747029	150.088565876	123.248766601	187.052919224
Genotype stats (X^T * X): 	34.1020408163
Gene expression - Genotype stats (Y^T * X): 
-3.48528621235	-5.47372784123	-10.394588517	-9.69368902976	-10.1670146052	-12.1610236603	-18.4743777176	-9.40072317265	-7.44742334597	-7.64130356881	-5.65379408538	-6.40850492081