Tissue	skinnotsunexposedsuprapubic
N_samples	196
Chr	12
Gene	ENSG00000150991.10
SNP	rs7955273
Gene_list	ENSG00000143878.8	ENSG00000128016.4	ENSG00000141232.4	ENSG00000087074.7	ENSG00000177606.5	ENSG00000150991.10	ENSG00000143384.8	ENSG00000120129.5	ENSG00000162772.12
Gene expression stats (Y^T * Y): 
187.052919224	86.4415280744	91.4513576507	81.6815441045	98.6074028465	117.607359178	86.537221336	78.6882496246	85.2343301043
86.4415280744	187.052919224	114.22858031	157.731968006	135.098939753	126.833976856	132.336471435	147.743133553	149.521324833
91.4513576507	114.22858031	187.052919224	115.267358191	117.630687549	116.94195694	88.7036684	133.245121451	134.216021655
81.6815441045	157.731968006	115.267358191	187.052919224	149.655134028	119.219688911	125.945320541	155.096043953	163.790862007
98.6074028465	135.098939753	117.630687549	149.655134028	187.052919224	116.984931322	97.9346367815	148.447445636	155.929729383
117.607359178	126.833976856	116.94195694	119.219688911	116.984931322	187.052919224	125.974397125	113.011057484	122.613371011
86.537221336	132.336471435	88.7036684	125.945320541	97.9346367815	125.974397125	187.052919224	97.5034578758	109.010504074
78.6882496246	147.743133553	133.245121451	155.096043953	148.447445636	113.011057484	97.5034578758	187.052919224	162.846370685
85.2343301043	149.521324833	134.216021655	163.790862007	155.929729383	122.613371011	109.010504074	162.846370685	187.052919224
Genotype stats (X^T * X): 	83.378627852
Gene expression - Genotype stats (Y^T * X): 
-17.1059893143	-29.3734953408	-19.3863609873	-25.2825712921	-24.140159491	-28.1222032284	-29.1449764542	-23.5794445749	-20.0349947537