Tissue	skinnotsunexposedsuprapubic
N_samples	196
Chr	17
Gene	ENSG00000179094.9
SNP	rs4792250
Gene_list	ENSG00000067082.10	ENSG00000179094.9	ENSG00000116285.8	ENSG00000157557.7	ENSG00000168389.13	ENSG00000142178.7	ENSG00000107372.8	ENSG00000113916.13
Gene expression stats (Y^T * Y): 
187.052919224	118.633550429	119.828218535	91.6647272071	100.329138808	121.234558686	87.5735862765	89.1279608692
118.633550429	187.052919224	124.766784199	119.468213499	113.183423186	135.448711311	120.685326453	122.716013716
119.828218535	124.766784199	187.052919224	126.493133145	84.1409908138	115.395846861	139.161242418	125.572418397
91.6647272071	119.468213499	126.493133145	187.052919224	98.3669224576	118.922520753	95.3708317093	118.353889417
100.329138808	113.183423186	84.1409908138	98.3669224576	187.052919224	135.762102942	63.2275664383	61.3852745371
121.234558686	135.448711311	115.395846861	118.922520753	135.762102942	187.052919224	98.148144723	80.911607935
87.5735862765	120.685326453	139.161242418	95.3708317093	63.2275664383	98.148144723	187.052919224	109.582799276
89.1279608692	122.716013716	125.572418397	118.353889417	61.3852745371	80.911607935	109.582799276	187.052919224
Genotype stats (X^T * X): 	111.066795
Gene expression - Genotype stats (Y^T * X): 
28.5915733861	39.2493963774	25.9924028793	40.8303108308	13.9196462065	38.4686589448	15.491003139	45.2431180999