Tissue	skinnotsunexposedsuprapubic
N_samples	196
Chr	11
Gene	ENSG00000110484.6
SNP	rs4122119
Gene_list	ENSG00000131771.9	ENSG00000171345.9	ENSG00000104332.7	ENSG00000161798.6	ENSG00000135480.10	ENSG00000170421.7	ENSG00000111057.6	ENSG00000161634.7	ENSG00000172551.6	ENSG00000124935.3	ENSG00000110484.6	ENSG00000159763.3	ENSG00000143153.8	ENSG00000159176.9
Gene expression stats (Y^T * Y): 
187.052919224	146.131826875	145.950855487	165.805545885	129.77169129	142.315352232	152.420072569	121.459183969	96.9326474752	120.803716318	122.588004688	116.531936385	144.827466448	100.833888112
146.131826875	187.052919224	137.468511761	163.587912815	165.245594491	152.989300603	146.826131294	136.185904658	126.202662596	145.60980083	146.350837651	135.394948992	140.054896872	129.954691303
145.950855487	137.468511761	187.052919224	143.729219285	129.459670165	147.348614711	143.985724853	115.646461819	108.457292621	122.560130101	125.11110928	115.332092151	150.549056366	97.409180714
165.805545885	163.587912815	143.729219285	187.052919224	152.10747219	143.897449734	143.513803386	146.654444349	120.550412045	146.536544401	146.830637046	135.508093015	137.423258092	129.33569764
129.77169129	165.245594491	129.459670165	152.10747219	187.052919224	164.038183213	152.925480095	145.99746237	137.73465685	143.839078712	150.659980723	138.823500442	137.997471945	131.062915907
142.315352232	152.989300603	147.348614711	143.897449734	164.038183213	187.052919224	177.010699882	127.469789787	117.83443309	132.388044851	138.118913122	129.268884784	153.589326866	111.96296417
152.420072569	146.826131294	143.985724853	143.513803386	152.925480095	177.010699882	187.052919224	121.87250712	113.18328604	128.402349005	132.923804372	125.248512167	153.988328756	94.9248398746
121.459183969	136.185904658	115.646461819	146.654444349	145.99746237	127.469789787	121.87250712	187.052919224	151.4840153	167.401304626	170.497022185	163.465212896	119.472951213	119.055845455
96.9326474752	126.202662596	108.457292621	120.550412045	137.73465685	117.83443309	113.18328604	151.4840153	187.052919224	139.233104612	145.569698838	149.872902243	108.444261886	122.942224822
120.803716318	145.60980083	122.560130101	146.536544401	143.839078712	132.388044851	128.402349005	167.401304626	139.233104612	187.052919224	181.813366753	156.177825992	124.207105993	114.756212526
122.588004688	146.350837651	125.11110928	146.830637046	150.659980723	138.118913122	132.923804372	170.497022185	145.569698838	181.813366753	187.052919224	157.330155502	125.954698469	116.538598872
116.531936385	135.394948992	115.332092151	135.508093015	138.823500442	129.268884784	125.248512167	163.465212896	149.872902243	156.177825992	157.330155502	187.052919224	123.022535313	105.85029548
144.827466448	140.054896872	150.549056366	137.423258092	137.997471945	153.589326866	153.988328756	119.472951213	108.444261886	124.207105993	125.954698469	123.022535313	187.052919224	93.1077851554
100.833888112	129.954691303	97.409180714	129.33569764	131.062915907	111.96296417	94.9248398746	119.055845455	122.942224822	114.756212526	116.538598872	105.85029548	93.1077851554	187.052919224
Genotype stats (X^T * X): 	60.0486547092
Gene expression - Genotype stats (Y^T * X): 
-12.3009702398	-22.0551215867	-5.65001978752	-22.6283193996	-23.9505789257	-16.4253334003	-16.8121136693	-22.3183492387	-18.4808593505	-31.1526527991	-27.7841986127	-20.9084477804	-5.70645363965	-15.7481715048