Tissue	skinnotsunexposedsuprapubic
N_samples	196
Chr	11
Gene	ENSG00000110651.7
SNP	rs59128789
Gene_list	ENSG00000110651.7	ENSG00000166482.7	ENSG00000101439.4	ENSG00000120885.15	ENSG00000100097.7	ENSG00000163815.5	ENSG00000142156.10	ENSG00000142173.10	ENSG00000135404.7	ENSG00000197746.9	ENSG00000019582.10
Gene expression stats (Y^T * Y): 
187.052919224	117.898421959	116.362276039	120.664796477	113.602386134	114.595414892	121.409776621	124.653524571	117.612996486	137.988765023	114.802841782
117.898421959	187.052919224	102.877058902	97.0588522091	86.3951655197	144.182796819	132.139843552	141.637763168	100.073215247	122.830026852	88.1627012998
116.362276039	102.877058902	187.052919224	124.731003054	89.842977465	116.428408004	95.6163090485	136.917625504	126.63873957	129.774069532	85.6134837386
120.664796477	97.0588522091	124.731003054	187.052919224	109.435795999	95.4995993598	90.8351079749	112.415995592	134.677652913	109.810740351	100.372565654
113.602386134	86.3951655197	89.842977465	109.435795999	187.052919224	100.508900548	128.446329591	117.271934573	135.200512986	83.4056561302	62.4460250829
114.595414892	144.182796819	116.428408004	95.4995993598	100.508900548	187.052919224	143.275712102	148.208507837	94.7373356536	110.836655046	87.2092282297
121.409776621	132.139843552	95.6163090485	90.8351079749	128.446329591	143.275712102	187.052919224	163.918767439	110.357565099	107.78626544	86.4984019002
124.653524571	141.637763168	136.917625504	112.415995592	117.271934573	148.208507837	163.918767439	187.052919224	138.847795626	141.586067258	93.5834015226
117.612996486	100.073215247	126.63873957	134.677652913	135.200512986	94.7373356536	110.357565099	138.847795626	187.052919224	127.820379691	91.0230756842
137.988765023	122.830026852	129.774069532	109.810740351	83.4056561302	110.836655046	107.78626544	141.586067258	127.820379691	187.052919224	99.2301509218
114.802841782	88.1627012998	85.6134837386	100.372565654	62.4460250829	87.2092282297	86.4984019002	93.5834015226	91.0230756842	99.2301509218	187.052919224
Genotype stats (X^T * X): 	27.4578272398
Gene expression - Genotype stats (Y^T * X): 
24.3533775886	14.3625070152	23.6719188379	23.2566068856	14.0102418105	14.4636291422	16.3430332878	18.5611180229	18.1472978986	20.4150302678	11.4218902342