Tissue	skinnotsunexposedsuprapubic
N_samples	196
Chr	15
Gene	ENSG00000140416.15
SNP	rs76414746
Gene_list	ENSG00000100234.11	ENSG00000101335.5	ENSG00000198467.9	ENSG00000163453.7	ENSG00000140416.15	ENSG00000107796.8	ENSG00000149591.12	ENSG00000159176.9
Gene expression stats (Y^T * Y): 
187.052919224	92.0265608052	67.3924244138	105.527774724	113.401694906	92.5880733024	99.0881324422	87.7370184428
92.0265608052	187.052919224	153.940139482	123.027954024	125.060955201	167.025996936	172.53332759	140.381476869
67.3924244138	153.940139482	187.052919224	84.4117282783	113.422810771	149.169424415	149.191710248	138.390816987
105.527774724	123.027954024	84.4117282783	187.052919224	118.672835226	132.80991207	128.248854085	102.824333777
113.401694906	125.060955201	113.422810771	118.672835226	187.052919224	126.092816951	120.397698473	126.066678006
92.5880733024	167.025996936	149.169424415	132.80991207	126.092816951	187.052919224	167.327337556	154.752234121
99.0881324422	172.53332759	149.191710248	128.248854085	120.397698473	167.327337556	187.052919224	138.458629622
87.7370184428	140.381476869	138.390816987	102.824333777	126.066678006	154.752234121	138.458629622	187.052919224
Genotype stats (X^T * X): 	31.8037597296
Gene expression - Genotype stats (Y^T * X): 
-9.71977774553	-12.7715020926	-9.08581169722	-10.2124800122	-17.3457148875	-12.2336682771	-12.060702369	-12.1682186245