Tissue	skinnotsunexposedsuprapubic
N_samples	196
Chr	17
Gene	ENSG00000109084.9
SNP	rs4795436
Gene_list	ENSG00000109084.9	ENSG00000064763.6	ENSG00000160216.14	ENSG00000149485.12	ENSG00000117054.9	ENSG00000116882.10	ENSG00000120437.7	ENSG00000115425.9
Gene expression stats (Y^T * Y): 
187.052919224	138.116919538	130.054815966	121.761382809	119.130368702	112.883602221	121.266020683	117.352987833
138.116919538	187.052919224	146.367486395	148.934259086	146.906997343	134.422704317	120.952413296	123.049248538
130.054815966	146.367486395	187.052919224	129.054521732	132.265048817	129.642911731	87.1293123311	103.737771799
121.761382809	148.934259086	129.054521732	187.052919224	142.673374199	130.273127145	123.392605058	87.8556472438
119.130368702	146.906997343	132.265048817	142.673374199	187.052919224	122.839932944	116.051702037	105.754306583
112.883602221	134.422704317	129.642911731	130.273127145	122.839932944	187.052919224	88.9590371276	93.5364063125
121.266020683	120.952413296	87.1293123311	123.392605058	116.051702037	88.9590371276	187.052919224	72.3853139271
117.352987833	123.049248538	103.737771799	87.8556472438	105.754306583	93.5364063125	72.3853139271	187.052919224
Genotype stats (X^T * X): 	26.5510204082
Gene expression - Genotype stats (Y^T * X): 
-16.3857450783	-13.476505503	-15.0591489318	-14.8629572041	-11.5632499125	-11.653718641	-14.6182317833	-8.97057250066