Tissue	skinnotsunexposedsuprapubic
N_samples	196
Chr	20
Gene	ENSG00000100994.7
SNP	rs6107025
Gene_list	ENSG00000100994.7	ENSG00000104332.7	ENSG00000170421.7	ENSG00000111057.6	ENSG00000115112.7	ENSG00000143153.8
Gene expression stats (Y^T * Y): 
187.052919224	120.439721699	116.215873763	119.300911967	115.146823434	129.484842482
120.439721699	187.052919224	147.348614711	143.985724853	96.6968315352	150.549056366
116.215873763	147.348614711	187.052919224	177.010699882	104.986003005	153.589326866
119.300911967	143.985724853	177.010699882	187.052919224	112.224162323	153.988328756
115.146823434	96.6968315352	104.986003005	112.224162323	187.052919224	116.968953169
129.484842482	150.549056366	153.589326866	153.988328756	116.968953169	187.052919224
Genotype stats (X^T * X): 	56.8188172398
Gene expression - Genotype stats (Y^T * X): 
-31.1472215651	2.72781878183	-6.04873615033	-4.29050967063	-2.55154222413	-4.04984446305