Tissue	skinnotsunexposedsuprapubic
N_samples	196
Chr	13
Gene	ENSG00000102554.9
SNP	rs2325477
Gene_list	ENSG00000107485.11	ENSG00000134760.5	ENSG00000186395.6	ENSG00000102554.9	ENSG00000112378.11	ENSG00000143753.8
Gene expression stats (Y^T * Y): 
187.052919224	87.1292935528	117.114112001	117.140736864	90.5659702176	120.707416594
87.1292935528	187.052919224	131.993927706	115.635087396	126.78418809	116.085493872
117.114112001	131.993927706	187.052919224	117.419066684	143.392000276	145.474553065
117.140736864	115.635087396	117.419066684	187.052919224	115.031026306	120.028020129
90.5659702176	126.78418809	143.392000276	115.031026306	187.052919224	131.123279198
120.707416594	116.085493872	145.474553065	120.028020129	131.123279198	187.052919224
Genotype stats (X^T * X): 	94.74768
Gene expression - Genotype stats (Y^T * X): 
17.3169520929	13.7519331497	8.09030751306	34.2787045417	21.0008523641	23.4377259685