Tissue	skinnotsunexposedsuprapubic
N_samples	196
Chr	8
Gene	ENSG00000167656.4
SNP	rs111066440
Gene_list	ENSG00000213927.3	ENSG00000161249.16	ENSG00000186395.6	ENSG00000173801.12	ENSG00000167768.4	ENSG00000167656.4
Gene expression stats (Y^T * Y): 
187.052919224	80.8351804974	114.452080779	95.3526218145	127.615473996	128.65366855
80.8351804974	187.052919224	111.819028899	137.501541723	106.644196374	113.334257488
114.452080779	111.819028899	187.052919224	141.906882429	177.860020201	114.235664221
95.3526218145	137.501541723	141.906882429	187.052919224	142.983449532	127.596628889
127.615473996	106.644196374	177.860020201	142.983449532	187.052919224	122.297688726
128.65366855	113.334257488	114.235664221	127.596628889	122.297688726	187.052919224
Genotype stats (X^T * X): 	28.2304322449
Gene expression - Genotype stats (Y^T * X): 
7.4620343813	8.07641735579	12.1087837831	15.8438367622	10.2875669569	22.4648920104