Tissue	skinnotsunexposedsuprapubic
N_samples	196
Chr	12
Gene	ENSG00000135390.13
SNP	rs12302148
Gene_list	ENSG00000178982.5	ENSG00000135390.13	ENSG00000170889.9	ENSG00000108107.8	ENSG00000149273.10	ENSG00000131143.4
Gene expression stats (Y^T * Y): 
187.052919224	130.224384086	100.271735605	104.570097919	114.968531139	131.850500233
130.224384086	187.052919224	114.62076735	118.354232713	126.450884633	129.904001218
100.271735605	114.62076735	187.052919224	147.761411819	150.997410497	100.217165961
104.570097919	118.354232713	147.761411819	187.052919224	144.747362162	114.556474633
114.968531139	126.450884633	150.997410497	144.747362162	187.052919224	122.998068711
131.850500233	129.904001218	100.217165961	114.556474633	122.998068711	187.052919224
Genotype stats (X^T * X): 	48.6326530612
Gene expression - Genotype stats (Y^T * X): 
21.7996418858	22.2388833494	30.5126622606	27.3498086132	21.2152140126	12.9548204817