Tissue	skinnotsunexposedsuprapubic
N_samples	196
Chr	22
Gene	ENSG00000211679.2
SNP	rs62220882
Gene_list	ENSG00000211651.2	ENSG00000211666.2	ENSG00000211668.2	ENSG00000254709.2	ENSG00000211675.2	ENSG00000211677.2	ENSG00000211679.2	ENSG00000132465.6	ENSG00000239951.1	ENSG00000242076.1	ENSG00000251546.1	ENSG00000211890.3	ENSG00000211895.3	ENSG00000211947.2
Gene expression stats (Y^T * Y): 
187.052919224	112.392960288	124.645831683	135.543814609	127.342692884	113.725308403	117.47536105	134.666157116	134.442517046	123.039373633	111.598470548	118.101036173	103.661268135	132.613951427
112.392960288	187.052919224	104.828334351	121.984873986	117.694143999	121.948642637	117.344526468	123.600336568	110.642807646	99.8888129376	99.9207220152	110.725107383	113.135056803	92.1659658375
124.645831683	104.828334351	187.052919224	131.085185362	116.814683217	109.391692982	113.310722536	129.676305953	118.125365498	120.478435043	102.781703398	117.589721789	103.766719877	121.865726794
135.543814609	121.984873986	131.085185362	187.052919224	158.360267842	129.189919971	127.152081569	152.294119433	126.098308203	114.759458401	121.270136269	133.253258645	119.326197221	118.677820472
127.342692884	117.694143999	116.814683217	158.360267842	187.052919224	154.259586052	153.347235012	166.807204945	140.041639482	119.418562957	123.179436134	156.976562286	147.33256889	117.208445758
113.725308403	121.948642637	109.391692982	129.189919971	154.259586052	187.052919224	153.016924648	160.070500921	138.787606581	115.719963256	119.219279738	160.673202037	160.573500491	108.902386721
117.47536105	117.344526468	113.310722536	127.152081569	153.347235012	153.016924648	187.052919224	153.105944783	129.342409117	113.841209413	116.474011197	160.351354012	164.268778291	113.198481149
134.666157116	123.600336568	129.676305953	152.294119433	166.807204945	160.070500921	153.105944783	187.052919224	152.095707764	130.423660599	131.075086085	168.439580545	149.372536768	135.056788978
134.442517046	110.642807646	118.125365498	126.098308203	140.041639482	138.787606581	129.342409117	152.095707764	187.052919224	135.308275577	129.67794755	136.800225228	117.956280767	125.871999311
123.039373633	99.8888129376	120.478435043	114.759458401	119.418562957	115.719963256	113.841209413	130.423660599	135.308275577	187.052919224	110.744990078	119.650471326	109.400997618	124.11220188
111.598470548	99.9207220152	102.781703398	121.270136269	123.179436134	119.219279738	116.474011197	131.075086085	129.67794755	110.744990078	187.052919224	109.733620824	102.669752877	92.4360156314
118.101036173	110.725107383	117.589721789	133.253258645	156.976562286	160.673202037	160.351354012	168.439580545	136.800225228	119.650471326	109.733620824	187.052919224	159.742634215	117.165801945
103.661268135	113.135056803	103.766719877	119.326197221	147.33256889	160.573500491	164.268778291	149.372536768	117.956280767	109.400997618	102.669752877	159.742634215	187.052919224	105.046901272
132.613951427	92.1659658375	121.865726794	118.677820472	117.208445758	108.902386721	113.198481149	135.056788978	125.871999311	124.11220188	92.4360156314	117.165801945	105.046901272	187.052919224
Genotype stats (X^T * X): 	99.434627102
Gene expression - Genotype stats (Y^T * X): 
15.6008128532	21.6438738855	30.7352068612	14.0670816077	21.0675103032	21.1053294977	32.2122689662	31.4158234662	30.5899260981	24.8526611407	13.7780234122	26.8064695871	23.8016627424	20.9422056294