Tissue	skinnotsunexposedsuprapubic
N_samples	196
Chr	9
Gene	ENSG00000130720.8
SNP	rs1881103
Gene_list	ENSG00000162949.12	ENSG00000105707.9	ENSG00000124713.5	ENSG00000181577.11	ENSG00000121270.11	ENSG00000133328.3	ENSG00000172425.6	ENSG00000154269.10	ENSG00000130720.8	ENSG00000109956.8	ENSG00000160339.11	ENSG00000115919.10	ENSG00000117009.7
Gene expression stats (Y^T * Y): 
187.052919224	115.052768661	130.788304688	145.254798204	122.205309193	112.673664366	127.195916706	118.975415713	138.651180477	114.433540032	116.704670623	111.867221148	111.918912886
115.052768661	187.052919224	121.277257034	147.209629363	157.873715893	111.447401501	131.99505805	114.150755138	129.118631479	125.808404013	131.04890781	123.561382576	98.5131861083
130.788304688	121.277257034	187.052919224	144.702187037	121.359817823	117.359110086	125.880497865	113.223218981	131.070631501	115.18150076	125.661631225	104.634035271	101.088916813
145.254798204	147.209629363	144.702187037	187.052919224	152.575426373	130.753963478	156.395818205	136.884807641	159.939239411	143.720022463	151.876711082	135.892071512	112.634205756
122.205309193	157.873715893	121.359817823	152.575426373	187.052919224	116.537203411	128.365133146	121.54506485	123.384149455	118.901827755	128.837801856	141.485744753	97.1269021984
112.673664366	111.447401501	117.359110086	130.753963478	116.537203411	187.052919224	116.905483621	99.4657422819	120.515831028	107.272930363	117.09719284	122.114811806	98.5526006948
127.195916706	131.99505805	125.880497865	156.395818205	128.365133146	116.905483621	187.052919224	120.893593204	142.569054373	126.54417296	136.859559318	117.452128695	103.491327381
118.975415713	114.150755138	113.223218981	136.884807641	121.54506485	99.4657422819	120.893593204	187.052919224	118.796956785	112.735972357	121.088730239	98.4711983404	93.3959377716
138.651180477	129.118631479	131.070631501	159.939239411	123.384149455	120.515831028	142.569054373	118.796956785	187.052919224	133.646557295	127.688958137	121.82001687	112.769971269
114.433540032	125.808404013	115.18150076	143.720022463	118.901827755	107.272930363	126.54417296	112.735972357	133.646557295	187.052919224	121.951723334	113.26341131	98.0295860467
116.704670623	131.04890781	125.661631225	151.876711082	128.837801856	117.09719284	136.859559318	121.088730239	127.688958137	121.951723334	187.052919224	113.091111245	112.487859716
111.867221148	123.561382576	104.634035271	135.892071512	141.485744753	122.114811806	117.452128695	98.4711983404	121.82001687	113.26341131	113.091111245	187.052919224	98.2230868879
111.918912886	98.5131861083	101.088916813	112.634205756	97.1269021984	98.5526006948	103.491327381	93.3959377716	112.769971269	98.0295860467	112.487859716	98.2230868879	187.052919224
Genotype stats (X^T * X): 	96.75
Gene expression - Genotype stats (Y^T * X): 
15.8494947496	22.1238526329	26.8980419613	23.2865794475	15.3623041389	18.509841181	15.0147434097	13.099649693	32.2734578123	24.4976289464	16.9767328422	10.8561535392	18.4666538154