Tissue	skinnotsunexposedsuprapubic
N_samples	196
Chr	19
Gene	ENSG00000088002.7
SNP	rs10425691
Gene_list	ENSG00000178372.6	ENSG00000204539.3	ENSG00000204421.2	ENSG00000188508.6	ENSG00000161249.16	ENSG00000189001.6	ENSG00000105427.5	ENSG00000175121.7	ENSG00000066322.8	ENSG00000124466.8	ENSG00000088002.7	ENSG00000139433.5	ENSG00000126233.1	ENSG00000180155.14
Gene expression stats (Y^T * Y): 
187.052919224	130.703080884	134.098114749	118.745130333	122.773412833	117.906429062	135.251699306	114.419654468	114.945260025	104.003701894	122.731120393	111.139143876	135.795966271	130.259052735
130.703080884	187.052919224	148.011215708	109.878916431	121.055239853	142.524379268	145.012318915	117.404883965	130.106607093	95.1152853931	114.899212315	104.32831015	132.909284567	128.758971581
134.098114749	148.011215708	187.052919224	140.433811732	147.106156218	157.612288098	151.519157543	150.371750746	149.502561847	115.001632258	141.542708114	132.85083824	131.092602283	125.29047665
118.745130333	109.878916431	140.433811732	187.052919224	148.459461359	145.133500055	138.391840682	136.799052393	127.077478074	91.5878945633	114.543287551	130.915227342	123.492909512	119.769321899
122.773412833	121.055239853	147.106156218	148.459461359	187.052919224	147.595338721	127.835623781	129.626043582	98.5644756852	103.034426473	113.20494849	101.388466379	139.446174811	127.918510768
117.906429062	142.524379268	157.612288098	145.133500055	147.595338721	187.052919224	160.89814463	131.665459095	125.970757955	100.668364094	124.163378085	124.486494973	120.225807116	124.302275973
135.251699306	145.012318915	151.519157543	138.391840682	127.835623781	160.89814463	187.052919224	131.299631678	127.244986097	97.4553559621	136.938801147	123.816622816	130.63769687	135.467331332
114.419654468	117.404883965	150.371750746	136.799052393	129.626043582	131.665459095	131.299631678	187.052919224	133.157493863	91.5804108185	116.521129523	124.691578179	125.268239414	121.73174507
114.945260025	130.106607093	149.502561847	127.077478074	98.5644756852	125.970757955	127.244986097	133.157493863	187.052919224	82.9885133551	127.188935799	128.792617107	103.957074033	101.396204632
104.003701894	95.1152853931	115.001632258	91.5878945633	103.034426473	100.668364094	97.4553559621	91.5804108185	82.9885133551	187.052919224	118.06693693	99.010389541	91.2420350284	70.6800663957
122.731120393	114.899212315	141.542708114	114.543287551	113.20494849	124.163378085	136.938801147	116.521129523	127.188935799	118.06693693	187.052919224	130.340076349	116.623746911	117.470687352
111.139143876	104.32831015	132.85083824	130.915227342	101.388466379	124.486494973	123.816622816	124.691578179	128.792617107	99.010389541	130.340076349	187.052919224	95.4088021171	95.9827715098
135.795966271	132.909284567	131.092602283	123.492909512	139.446174811	120.225807116	130.63769687	125.268239414	103.957074033	91.2420350284	116.623746911	95.4088021171	187.052919224	166.4526892
130.259052735	128.758971581	125.29047665	119.769321899	127.918510768	124.302275973	135.467331332	121.73174507	101.396204632	70.6800663957	117.470687352	95.9827715098	166.4526892	187.052919224
Genotype stats (X^T * X): 	102.810835959
Gene expression - Genotype stats (Y^T * X): 
33.6733832634	30.4425204306	21.9955383057	28.8338315693	25.080523555	19.1649499396	27.8112773434	20.8009099617	29.6872847392	25.7544261939	31.5770483485	24.1042815018	35.3178288843	29.8191762455