Tissue	skinnotsunexposedsuprapubic
N_samples	196
Chr	2
Gene	ENSG00000197872.7
SNP	rs34494404
Gene_list	ENSG00000197872.7	ENSG00000175065.7	ENSG00000095739.7	ENSG00000126337.9	ENSG00000198754.5	ENSG00000120149.7	ENSG00000115488.3
Gene expression stats (Y^T * Y): 
187.052919224	116.454168975	114.238929738	130.990186585	120.001385727	117.06889389	119.812765353
116.454168975	187.052919224	120.162305889	119.426030557	154.755787641	108.347914931	103.219753093
114.238929738	120.162305889	187.052919224	126.238995477	116.89662787	112.410931719	62.8144180282
130.990186585	119.426030557	126.238995477	187.052919224	124.241311526	99.045658868	87.82763086
120.001385727	154.755787641	116.89662787	124.241311526	187.052919224	109.2485461	106.639835075
117.06889389	108.347914931	112.410931719	99.045658868	109.2485461	187.052919224	94.4586585253
119.812765353	103.219753093	62.8144180282	87.82763086	106.639835075	94.4586585253	187.052919224
Genotype stats (X^T * X): 	15.1886578112
Gene expression - Genotype stats (Y^T * X): 
12.0512694985	6.86346628779	6.12792677243	11.2717141983	8.70676045613	1.86107550117	7.77188201832