Tissue	skinnotsunexposedsuprapubic
N_samples	196
Chr	9
Gene	ENSG00000169692.8
SNP	rs10217363
Gene_list	ENSG00000167676.3	ENSG00000187288.6	ENSG00000175445.10	ENSG00000079435.5	ENSG00000135447.12	ENSG00000166819.7	ENSG00000138207.8	ENSG00000119927.9	ENSG00000169692.8	ENSG00000181092.5
Gene expression stats (Y^T * Y): 
187.052919224	154.880650012	142.660457647	153.173578844	147.483445398	165.532679832	153.594942975	137.185058363	113.447982551	155.657295425
154.880650012	187.052919224	143.458184254	166.048818326	139.754775398	172.641779756	175.446230299	134.980729044	134.582233696	161.842261717
142.660457647	143.458184254	187.052919224	143.735137109	156.811613332	158.16152303	154.17514774	152.053399319	118.599151598	165.833214337
153.173578844	166.048818326	143.735137109	187.052919224	151.357022821	173.538625455	165.955636604	126.366900808	127.037533195	161.713733942
147.483445398	139.754775398	156.811613332	151.357022821	187.052919224	160.470937558	146.892337366	135.715679758	116.233246047	163.698762277
165.532679832	172.641779756	158.16152303	173.538625455	160.470937558	187.052919224	174.230906052	142.394300438	131.096518215	171.098155261
153.594942975	175.446230299	154.17514774	165.955636604	146.892337366	174.230906052	187.052919224	149.873767057	136.719454859	170.898825055
137.185058363	134.980729044	152.053399319	126.366900808	135.715679758	142.394300438	149.873767057	187.052919224	121.858508214	148.032516495
113.447982551	134.582233696	118.599151598	127.037533195	116.233246047	131.096518215	136.719454859	121.858508214	187.052919224	131.385056619
155.657295425	161.842261717	165.833214337	161.713733942	163.698762277	171.098155261	170.898825055	148.032516495	131.385056619	187.052919224
Genotype stats (X^T * X): 	27.8974544082
Gene expression - Genotype stats (Y^T * X): 
-6.47046542503	-4.45875207759	-5.95206262496	-5.30211573393	-7.19359131113	-4.66730938482	-3.63573448721	-5.3994395984	-18.7345914212	-6.24155435741