Tissue	skinnotsunexposedsuprapubic
N_samples	196
Chr	20
Gene	ENSG00000129988.5
SNP	rs6127809
Gene_list	ENSG00000166743.5	ENSG00000105707.9	ENSG00000129988.5	ENSG00000189377.4	ENSG00000121270.11	ENSG00000227471.4
Gene expression stats (Y^T * Y): 
187.052919224	138.594814694	130.734126757	141.410028946	165.073407094	174.749600584
138.594814694	187.052919224	121.457071231	120.607682102	157.873715893	140.282439795
130.734126757	121.457071231	187.052919224	153.494762199	124.650644464	132.543376258
141.410028946	120.607682102	153.494762199	187.052919224	139.502022598	142.785568802
165.073407094	157.873715893	124.650644464	139.502022598	187.052919224	162.151245881
174.749600584	140.282439795	132.543376258	142.785568802	162.151245881	187.052919224
Genotype stats (X^T * X): 	55.5712926684
Gene expression - Genotype stats (Y^T * X): 
-15.8591360586	-19.7877693191	-22.4589953564	-24.5482978531	-17.2480832272	-22.1914112809