Tissue	skinnotsunexposedsuprapubic
N_samples	196
Chr	5
Gene	ENSG00000145920.10
SNP	rs56033051
Gene_list	ENSG00000132639.8	ENSG00000107295.8	ENSG00000105409.11	ENSG00000155980.7	ENSG00000162188.5	ENSG00000067715.9	ENSG00000172020.8	ENSG00000070808.11	ENSG00000125462.12	ENSG00000170091.6	ENSG00000145920.10
Gene expression stats (Y^T * Y): 
187.052919224	104.213388476	142.286036308	144.118912913	129.747592391	113.005492345	111.064930967	129.569950771	139.061480713	123.98334798	130.211196115
104.213388476	187.052919224	132.19698826	125.631869326	107.097392393	97.8263070591	105.422007648	111.643779037	92.6008160931	118.048894532	122.735016087
142.286036308	132.19698826	187.052919224	157.64895795	136.269589319	136.578920291	124.571986914	147.947606091	123.529905354	139.756928572	144.552520706
144.118912913	125.631869326	157.64895795	187.052919224	133.751447971	133.889325822	112.596808338	145.941089626	134.195952484	145.662857421	146.846823405
129.747592391	107.097392393	136.269589319	133.751447971	187.052919224	103.483788225	102.996813827	126.513624984	111.861112267	110.288592862	121.072833907
113.005492345	97.8263070591	136.578920291	133.889325822	103.483788225	187.052919224	79.4683110517	120.138766508	95.4333918465	107.183082186	116.37109311
111.064930967	105.422007648	124.571986914	112.596808338	102.996813827	79.4683110517	187.052919224	106.868237927	91.2764808334	96.6184593127	113.744691912
129.569950771	111.643779037	147.947606091	145.941089626	126.513624984	120.138766508	106.868237927	187.052919224	108.401579995	129.467699418	126.261058059
139.061480713	92.6008160931	123.529905354	134.195952484	111.861112267	95.4333918465	91.2764808334	108.401579995	187.052919224	120.443299836	116.106098603
123.98334798	118.048894532	139.756928572	145.662857421	110.288592862	107.183082186	96.6184593127	129.467699418	120.443299836	187.052919224	140.17649172
130.211196115	122.735016087	144.552520706	146.846823405	121.072833907	116.37109311	113.744691912	126.261058059	116.106098603	140.17649172	187.052919224
Genotype stats (X^T * X): 	38.2779938112
Gene expression - Genotype stats (Y^T * X): 
27.6322857971	19.9880737423	15.8741266232	20.7172370059	22.5272836514	12.8150665652	19.4868202817	17.7567210685	18.2460314421	16.3729310924	22.5111074488