Tissue	skinnotsunexposedsuprapubic
N_samples	196
Chr	16
Gene	ENSG00000133392.12
SNP	rs12596881
Gene_list	ENSG00000130176.3	ENSG00000133392.12	ENSG00000101335.5	ENSG00000198467.9	ENSG00000163017.9	ENSG00000107796.8	ENSG00000149591.12	ENSG00000065534.14	ENSG00000159176.9	ENSG00000163431.11	ENSG00000175084.7
Gene expression stats (Y^T * Y): 
187.052919224	165.341115551	114.21668593	138.059598676	161.920735656	112.470191446	101.207745795	139.678172821	122.169733896	111.184636769	133.914626116
165.341115551	187.052919224	136.9550122	151.250235446	149.043478516	133.726305835	118.036176231	123.191671575	132.940358804	118.480834483	136.285368445
114.21668593	136.9550122	187.052919224	153.940139482	122.679960414	167.025996936	172.53332759	69.9456329836	140.381476869	66.1485920997	112.912820992
138.059598676	151.250235446	153.940139482	187.052919224	152.826797862	149.169424415	149.191710248	97.5259155006	138.390816987	100.864256127	136.905741541
161.920735656	149.043478516	122.679960414	152.826797862	187.052919224	123.431494628	110.623520023	127.473215454	129.102710606	85.2984169694	145.249309658
112.470191446	133.726305835	167.025996936	149.169424415	123.431494628	187.052919224	167.327337556	71.5866043362	154.752234121	64.7771679711	89.9854408368
101.207745795	118.036176231	172.53332759	149.191710248	110.623520023	167.327337556	187.052919224	54.7714400219	138.458629622	58.0768161676	94.0301482783
139.678172821	123.191671575	69.9456329836	97.5259155006	127.473215454	71.5866043362	54.7714400219	187.052919224	77.1972414186	107.659750797	96.0630917502
122.169733896	132.940358804	140.381476869	138.390816987	129.102710606	154.752234121	138.458629622	77.1972414186	187.052919224	61.2449370033	89.6838487507
111.184636769	118.480834483	66.1485920997	100.864256127	85.2984169694	64.7771679711	58.0768161676	107.659750797	61.2449370033	187.052919224	94.4299581651
133.914626116	136.285368445	112.912820992	136.905741541	145.249309658	89.9854408368	94.0301482783	96.0630917502	89.6838487507	94.4299581651	187.052919224
Genotype stats (X^T * X): 	26.02025875
Gene expression - Genotype stats (Y^T * X): 
-15.8425070942	-18.1985459159	-11.5159356269	-15.1368894075	-14.5220609577	-12.5486092687	-10.1656842674	-9.42620323436	-13.5875925665	-13.1253835483	-15.2483320586