Tissue	skinnotsunexposedsuprapubic
N_samples	196
Chr	19
Gene	ENSG00000178934.4
SNP	rs4547457
Gene_list	ENSG00000161249.16	ENSG00000186395.6	ENSG00000178934.4	ENSG00000173801.12	ENSG00000167768.4	ENSG00000106211.8	ENSG00000135821.12
Gene expression stats (Y^T * Y): 
187.052919224	111.819028899	116.72031143	137.501541723	106.644196374	94.2830595623	-62.256813803
111.819028899	187.052919224	118.523370199	141.906882429	177.860020201	97.638893175	-101.247217786
116.72031143	118.523370199	187.052919224	119.699065796	123.409544286	114.204976036	-116.792053242
137.501541723	141.906882429	119.699065796	187.052919224	142.983449532	117.336571574	-75.8310552434
106.644196374	177.860020201	123.409544286	142.983449532	187.052919224	93.7539809532	-110.434248516
94.2830595623	97.638893175	114.204976036	117.336571574	93.7539809532	187.052919224	-53.2929167376
-62.256813803	-101.247217786	-116.792053242	-75.8310552434	-110.434248516	-53.2929167376	187.052919224
Genotype stats (X^T * X): 	100.09738075
Gene expression - Genotype stats (Y^T * X): 
-2.8742775194	-12.9023079716	35.2221651747	-14.4767032147	-8.49640499944	-7.42288396151	3.28878140281