Tissue	skinnotsunexposedsuprapubic
N_samples	196
Chr	11
Gene	ENSG00000148926.5
SNP	rs2923092
Gene_list	ENSG00000134107.4	ENSG00000148926.5	ENSG00000128016.4	ENSG00000087074.7	ENSG00000177606.5	ENSG00000169242.7	ENSG00000114315.3
Gene expression stats (Y^T * Y): 
187.052919224	125.881341181	121.092728152	109.945355878	124.424466912	128.942926013	154.751760815
125.881341181	187.052919224	115.468651883	116.213336421	117.538680816	116.827580565	114.428921578
121.092728152	115.468651883	187.052919224	157.731968006	135.098939753	92.9066672192	107.925517349
109.945355878	116.213336421	157.731968006	187.052919224	149.655134028	89.3455827596	106.539740227
124.424466912	117.538680816	135.098939753	149.655134028	187.052919224	95.6005959007	121.443074107
128.942926013	116.827580565	92.9066672192	89.3455827596	95.6005959007	187.052919224	136.565559212
154.751760815	114.428921578	107.925517349	106.539740227	121.443074107	136.565559212	187.052919224
Genotype stats (X^T * X): 	71.3360232449
Gene expression - Genotype stats (Y^T * X): 
-20.9987081777	-26.8587418769	-21.5345529071	-25.4686722208	-18.4612905019	-24.3890538991	-22.3293478209