Tissue	skinnotsunexposedsuprapubic
N_samples	196
Chr	11
Gene	ENSG00000176340.3
SNP	rs11231635
Gene_list	ENSG00000099797.7	ENSG00000176340.3	ENSG00000131143.4	ENSG00000135940.2	ENSG00000111775.2	ENSG00000154518.5
Gene expression stats (Y^T * Y): 
187.052919224	117.140175777	82.0221389502	86.932733451	96.1060211519	66.7620220556
117.140175777	187.052919224	125.775779908	149.240730257	151.268563605	126.140809318
82.0221389502	125.775779908	187.052919224	127.619265537	126.478352352	90.5621850831
86.932733451	149.240730257	127.619265537	187.052919224	139.326070063	106.432988969
96.1060211519	151.268563605	126.478352352	139.326070063	187.052919224	117.544561066
66.7620220556	126.140809318	90.5621850831	106.432988969	117.544561066	187.052919224
Genotype stats (X^T * X): 	17.8080442449
Gene expression - Genotype stats (Y^T * X): 
-11.0402584898	-12.7042738632	-11.2609862864	-7.47590875163	-11.8596799888	-7.90741470121