Tissue	skinnotsunexposedsuprapubic
N_samples	196
Chr	12
Gene	ENSG00000139433.5
SNP	rs749790
Gene_list	ENSG00000178585.10	ENSG00000204421.2	ENSG00000188508.6	ENSG00000189001.6	ENSG00000105427.5	ENSG00000175121.7	ENSG00000066322.8	ENSG00000088002.7	ENSG00000171476.17	ENSG00000184292.5	ENSG00000139433.5
Gene expression stats (Y^T * Y): 
187.052919224	134.766187789	126.014570763	137.229892106	120.841160524	139.479237892	131.34141604	99.4575531368	123.131195812	109.496813812	120.508758312
134.766187789	187.052919224	140.433811732	157.612288098	151.519157543	150.371750746	149.502561847	141.542708114	119.549927686	126.571117673	132.85083824
126.014570763	140.433811732	187.052919224	145.133500055	138.391840682	136.799052393	127.077478074	114.543287551	97.2972397372	119.065916436	130.915227342
137.229892106	157.612288098	145.133500055	187.052919224	160.89814463	131.665459095	125.970757955	124.163378085	112.499017642	141.702596191	124.486494973
120.841160524	151.519157543	138.391840682	160.89814463	187.052919224	131.299631678	127.244986097	136.938801147	113.274847389	128.409456665	123.816622816
139.479237892	150.371750746	136.799052393	131.665459095	131.299631678	187.052919224	133.157493863	116.521129523	127.437931227	110.410228132	124.691578179
131.34141604	149.502561847	127.077478074	125.970757955	127.244986097	133.157493863	187.052919224	127.188935799	112.326052525	93.4797633015	128.792617107
99.4575531368	141.542708114	114.543287551	124.163378085	136.938801147	116.521129523	127.188935799	187.052919224	84.8455625606	103.25463624	130.340076349
123.131195812	119.549927686	97.2972397372	112.499017642	113.274847389	127.437931227	112.326052525	84.8455625606	187.052919224	104.578458141	119.984584012
109.496813812	126.571117673	119.065916436	141.702596191	128.409456665	110.410228132	93.4797633015	103.25463624	104.578458141	187.052919224	116.428699041
120.508758312	132.85083824	130.915227342	124.486494973	123.816622816	124.691578179	128.792617107	130.340076349	119.984584012	116.428699041	187.052919224
Genotype stats (X^T * X): 	80.9988992653
Gene expression - Genotype stats (Y^T * X): 
14.9015944227	21.1586964769	24.8277501284	21.5776459051	19.7353917276	16.5654254912	19.3086474737	16.6556369509	28.8078469963	24.7095504655	27.6414943106