Tissue	skinnotsunexposedsuprapubic
N_samples	196
Chr	17
Gene	ENSG00000132475.4
SNP	rs75513530
Gene_list	ENSG00000134107.4	ENSG00000092199.13	ENSG00000189060.4	ENSG00000126368.5	ENSG00000128016.4	ENSG00000087074.7	ENSG00000185650.8	ENSG00000132475.4	ENSG00000184897.4	ENSG00000120129.5	ENSG00000162772.12	ENSG00000187514.10
Gene expression stats (Y^T * Y): 
187.052919224	80.7687863418	78.8493480672	134.308197624	121.092728152	109.945355878	115.296842673	123.650127792	95.7093520713	105.832714686	110.768815114	74.8939385284
80.7687863418	187.052919224	79.1972408468	63.6768048765	55.6884674579	59.5942390464	81.5143822532	113.879292112	60.6439806436	58.4018308664	51.2364921305	78.8917911169
78.8493480672	79.1972408468	187.052919224	95.8634838924	79.0104460114	81.9216800466	74.5644121853	117.927233932	147.305445583	79.5553922576	83.6713427077	60.0752543395
134.308197624	63.6768048765	95.8634838924	187.052919224	100.026552176	108.747038661	105.969841159	118.624065465	115.087511354	103.350488815	103.912430855	52.1625769193
121.092728152	55.6884674579	79.0104460114	100.026552176	187.052919224	157.731968006	135.346431655	115.974586745	93.3216117515	147.743133553	149.521324833	86.5633204984
109.945355878	59.5942390464	81.9216800466	108.747038661	157.731968006	187.052919224	128.648540412	118.281651347	108.287724252	155.096043953	163.790862007	91.6669038245
115.296842673	81.5143822532	74.5644121853	105.969841159	135.346431655	128.648540412	187.052919224	121.565085188	97.7416964401	147.072001789	130.315883849	81.5304969504
123.650127792	113.879292112	117.927233932	118.624065465	115.974586745	118.281651347	121.565085188	187.052919224	115.393185182	119.087716277	113.033070188	113.462606669
95.7093520713	60.6439806436	147.305445583	115.087511354	93.3216117515	108.287724252	97.7416964401	115.393185182	187.052919224	107.953931051	111.018147471	66.3361855433
105.832714686	58.4018308664	79.5553922576	103.350488815	147.743133553	155.096043953	147.072001789	119.087716277	107.953931051	187.052919224	162.846370685	92.4138114206
110.768815114	51.2364921305	83.6713427077	103.912430855	149.521324833	163.790862007	130.315883849	113.033070188	111.018147471	162.846370685	187.052919224	99.6099358318
74.8939385284	78.8917911169	60.0752543395	52.1625769193	86.5633204984	91.6669038245	81.5304969504	113.462606669	66.3361855433	92.4138114206	99.6099358318	187.052919224
Genotype stats (X^T * X): 	27.4457943878
Gene expression - Genotype stats (Y^T * X): 
10.682585092	8.84655398378	6.64460741214	5.01443732532	5.84193074252	-1.72801796224	9.23942415853	15.7799134707	4.26906675998	3.01876481157	1.68639615291	11.4582292121