Tissue	skinnotsunexposedsuprapubic
N_samples	196
Chr	6
Gene	ENSG00000154269.10
SNP	rs365475
Gene_list	ENSG00000162949.12	ENSG00000105707.9	ENSG00000124713.5	ENSG00000181577.11	ENSG00000121270.11	ENSG00000172425.6	ENSG00000154269.10	ENSG00000130720.8	ENSG00000109956.8	ENSG00000160339.11
Gene expression stats (Y^T * Y): 
187.052919224	115.052768661	130.788304688	145.254798204	122.205309193	127.195916706	118.975415713	138.651180477	114.433540032	116.704670623
115.052768661	187.052919224	121.277257034	147.209629363	157.873715893	131.99505805	114.150755138	129.118631479	125.808404013	131.04890781
130.788304688	121.277257034	187.052919224	144.702187037	121.359817823	125.880497865	113.223218981	131.070631501	115.18150076	125.661631225
145.254798204	147.209629363	144.702187037	187.052919224	152.575426373	156.395818205	136.884807641	159.939239411	143.720022463	151.876711082
122.205309193	157.873715893	121.359817823	152.575426373	187.052919224	128.365133146	121.54506485	123.384149455	118.901827755	128.837801856
127.195916706	131.99505805	125.880497865	156.395818205	128.365133146	187.052919224	120.893593204	142.569054373	126.54417296	136.859559318
118.975415713	114.150755138	113.223218981	136.884807641	121.54506485	120.893593204	187.052919224	118.796956785	112.735972357	121.088730239
138.651180477	129.118631479	131.070631501	159.939239411	123.384149455	142.569054373	118.796956785	187.052919224	133.646557295	127.688958137
114.433540032	125.808404013	115.18150076	143.720022463	118.901827755	126.54417296	112.735972357	133.646557295	187.052919224	121.951723334
116.704670623	131.04890781	125.661631225	151.876711082	128.837801856	136.859559318	121.088730239	127.688958137	121.951723334	187.052919224
Genotype stats (X^T * X): 	107.959183673
Gene expression - Genotype stats (Y^T * X): 
-16.9335853603	-15.6851911382	-3.41726975419	-25.9980284821	-25.349799446	-22.555278454	-39.6232754621	-17.7777737972	-11.2452534297	-18.4411353859