Tissue	skinnotsunexposedsuprapubic
N_samples	196
Chr	8
Gene	ENSG00000168481.4
SNP	rs12681946
Gene_list	ENSG00000120215.5	ENSG00000125851.5	ENSG00000168481.4	ENSG00000104044.11	ENSG00000077498.8	ENSG00000080166.11	ENSG00000197106.6	ENSG00000132692.14
Gene expression stats (Y^T * Y): 
187.052919224	120.403382421	122.490428055	113.416408011	160.2247563	144.617155518	116.208746117	112.104353811
120.403382421	187.052919224	126.589991384	107.113024065	115.486121195	105.585235482	115.458025644	125.311622324
122.490428055	126.589991384	187.052919224	132.38959842	121.784702593	122.706375723	128.086893783	133.34079521
113.416408011	107.113024065	132.38959842	187.052919224	131.599734475	108.916546524	140.906201764	112.45657727
160.2247563	115.486121195	121.784702593	131.599734475	187.052919224	138.621757154	121.396330115	118.746739179
144.617155518	105.585235482	122.706375723	108.916546524	138.621757154	187.052919224	97.4035753545	105.11326982
116.208746117	115.458025644	128.086893783	140.906201764	121.396330115	97.4035753545	187.052919224	111.761919233
112.104353811	125.311622324	133.34079521	112.45657727	118.746739179	105.11326982	111.761919233	187.052919224
Genotype stats (X^T * X): 	42.6540640969
Gene expression - Genotype stats (Y^T * X): 
-19.1412741278	-13.7229428854	-21.7451838775	-16.3461681717	-19.8815571814	-11.6594607096	-13.215213745	-19.8651868232