Tissue	skinnotsunexposedsuprapubic
N_samples	196
Chr	10
Gene	ENSG00000185745.8
SNP	rs304497
Gene_list	ENSG00000134326.7	ENSG00000134321.7	ENSG00000137959.11	ENSG00000119922.7	ENSG00000119917.9	ENSG00000185745.8
Gene expression stats (Y^T * Y): 
187.052919224	130.185305411	113.826618726	79.6399278805	118.6595995	123.238887384
130.185305411	187.052919224	103.897795799	65.5128698964	105.946237024	113.207815564
113.826618726	103.897795799	187.052919224	75.489112462	117.634032818	113.081706137
79.6399278805	65.5128698964	75.489112462	187.052919224	125.574751579	126.218747298
118.6595995	105.946237024	117.634032818	125.574751579	187.052919224	140.655368942
123.238887384	113.207815564	113.081706137	126.218747298	140.655368942	187.052919224
Genotype stats (X^T * X): 	50.1674869541
Gene expression - Genotype stats (Y^T * X): 
-8.57078222436	-9.88688616313	-5.86191489867	-6.85871132827	-15.0966191812	-20.8689873029