Tissue	skinnotsunexposedsuprapubic
N_samples	196
Chr	17
Gene	ENSG00000243678.7
SNP	rs75812107
Gene_list	ENSG00000177600.4	ENSG00000140988.11	ENSG00000166441.8	ENSG00000144713.8	ENSG00000221983.3	ENSG00000198242.9	ENSG00000168028.9	ENSG00000105193.4	ENSG00000125743.6	ENSG00000243678.7	ENSG00000162244.6	ENSG00000171858.13	ENSG00000149273.10	ENSG00000148303.12	ENSG00000104529.13
Gene expression stats (Y^T * Y): 
187.052919224	136.887332618	133.14798401	143.008132998	136.703085055	141.000711426	107.203289928	145.015745171	112.368384695	113.805537387	133.681495429	133.579296148	133.908834602	128.035121534	141.476635976
136.887332618	187.052919224	119.450591179	133.365992307	137.666226945	113.436018491	136.337405881	130.540357712	97.0177571948	112.963580968	147.399553842	121.84709342	150.242570153	146.471331656	119.041092469
133.14798401	119.450591179	187.052919224	150.903781783	130.924415045	148.350085579	119.834666127	138.272371828	134.207602986	112.943372356	129.151349171	148.210886189	149.40872789	145.760241442	122.136129067
143.008132998	133.365992307	150.903781783	187.052919224	139.892340268	159.98386582	124.559231782	153.93386616	135.57595554	115.679942443	153.350953246	164.944022205	157.511801732	165.956805875	131.04816758
136.703085055	137.666226945	130.924415045	139.892340268	187.052919224	122.397392033	140.485529992	147.06417971	117.030568654	117.099612189	142.600226294	136.611149911	148.526105696	127.805066933	139.412882535
141.000711426	113.436018491	148.350085579	159.98386582	122.397392033	187.052919224	111.272603574	142.277085989	126.033217033	113.324249685	125.08875398	143.082089601	142.451239803	150.063666195	125.324887292
107.203289928	136.337405881	119.834666127	124.559231782	140.485529992	111.272603574	187.052919224	128.624367421	116.433615957	120.312554201	128.26152999	126.574599591	149.924639356	146.589556769	117.554643907
145.015745171	130.540357712	138.272371828	153.93386616	147.06417971	142.277085989	128.624367421	187.052919224	129.159236596	122.490313055	146.32438093	160.598330472	150.816975174	144.189253547	152.709763316
112.368384695	97.0177571948	134.207602986	135.57595554	117.030568654	126.033217033	116.433615957	129.159236596	187.052919224	114.852542661	110.229458512	141.460381609	120.783073827	126.294874278	117.226883123
113.805537387	112.963580968	112.943372356	115.679942443	117.099612189	113.324249685	120.312554201	122.490313055	114.852542661	187.052919224	112.662243248	112.614644679	117.771247274	115.467674587	113.050871616
133.681495429	147.399553842	129.151349171	153.350953246	142.600226294	125.08875398	128.26152999	146.32438093	110.229458512	112.662243248	187.052919224	147.298314369	155.25265985	150.868255022	132.087209277
133.579296148	121.84709342	148.210886189	164.944022205	136.611149911	143.082089601	126.574599591	160.598330472	141.460381609	112.614644679	147.298314369	187.052919224	148.936752716	152.472806922	131.706134326
133.908834602	150.242570153	149.40872789	157.511801732	148.526105696	142.451239803	149.924639356	150.816975174	120.783073827	117.771247274	155.25265985	148.936752716	187.052919224	166.695317207	130.734601709
128.035121534	146.471331656	145.760241442	165.956805875	127.805066933	150.063666195	146.589556769	144.189253547	126.294874278	115.467674587	150.868255022	152.472806922	166.695317207	187.052919224	123.518100701
141.476635976	119.041092469	122.136129067	131.04816758	139.412882535	125.324887292	117.554643907	152.709763316	117.226883123	113.050871616	132.087209277	131.706134326	130.734601709	123.518100701	187.052919224
Genotype stats (X^T * X): 	32.6326530612
Gene expression - Genotype stats (Y^T * X): 
-3.4070698843	-0.530160830558	4.30557788724	-0.552615321553	-1.385843589	-4.87457952838	1.48403804828	-2.53819182597	-1.19747204129	-22.7637290657	-3.54364659089	-0.918331432581	-0.357344921476	0.348990663803	-6.50901577546