Tissue	skinnotsunexposedsuprapubic
N_samples	196
Chr	3
Gene	ENSG00000156976.10
SNP	rs73185654
Gene_list	ENSG00000161970.8	ENSG00000133112.12	ENSG00000265681.2	ENSG00000138326.14	ENSG00000122406.8	ENSG00000080824.14	ENSG00000156976.10
Gene expression stats (Y^T * Y): 
187.052919224	155.410952581	178.3945324	175.878146851	173.86905995	82.4433705652	114.270051273
155.410952581	187.052919224	148.236210995	156.892356124	165.321266096	98.871710446	115.473513203
178.3945324	148.236210995	187.052919224	166.953898989	170.842854786	81.848664904	113.664203335
175.878146851	156.892356124	166.953898989	187.052919224	171.466639482	89.3565960113	120.756492951
173.86905995	165.321266096	170.842854786	171.466639482	187.052919224	86.6626921167	112.246518493
82.4433705652	98.871710446	81.848664904	89.3565960113	86.6626921167	187.052919224	116.606909088
114.270051273	115.473513203	113.664203335	120.756492951	112.246518493	116.606909088	187.052919224
Genotype stats (X^T * X): 	54.7907119592
Gene expression - Genotype stats (Y^T * X): 
25.9107920952	25.2147552936	25.1099247264	28.5176540603	25.6985633448	12.4717548758	26.0427996511