Tissue	skinnotsunexposedsuprapubic
N_samples	196
Chr	19
Gene	ENSG00000130748.6
SNP	rs73059368
Gene_list	ENSG00000141933.8	ENSG00000243449.2	ENSG00000141965.3	ENSG00000181029.7	ENSG00000179271.1	ENSG00000245848.2	ENSG00000130748.6
Gene expression stats (Y^T * Y): 
187.052919224	89.4837151246	100.389604123	96.5954562641	98.6381140389	98.6771468433	117.823962697
89.4837151246	187.052919224	91.8246353629	82.1438374116	84.9573082691	95.7391688339	118.388372376
100.389604123	91.8246353629	187.052919224	96.9136339062	100.073312548	106.163436468	112.510966518
96.5954562641	82.1438374116	96.9136339062	187.052919224	117.874622977	113.244709554	134.65962494
98.6381140389	84.9573082691	100.073312548	117.874622977	187.052919224	110.081911921	124.913038322
98.6771468433	95.7391688339	106.163436468	113.244709554	110.081911921	187.052919224	151.19426031
117.823962697	118.388372376	112.510966518	134.65962494	124.913038322	151.19426031	187.052919224
Genotype stats (X^T * X): 	96.1224489796
Gene expression - Genotype stats (Y^T * X): 
25.6172634066	24.5941172468	30.8125335793	17.7151623632	18.5826065498	22.9532356813	29.0852497826