Tissue	skinnotsunexposedsuprapubic
N_samples	196
Chr	2
Gene	ENSG00000182600.5
SNP	rs2675966
Gene_list	ENSG00000074370.13	ENSG00000131771.9	ENSG00000104783.7	ENSG00000161798.6	ENSG00000116039.7	ENSG00000182600.5
Gene expression stats (Y^T * Y): 
187.052919224	145.522042045	138.481787201	140.924867709	129.000034906	122.243783769
145.522042045	187.052919224	161.056180785	165.805545885	131.425154619	128.11133332
138.481787201	161.056180785	187.052919224	148.769150674	135.015640927	116.606845845
140.924867709	165.805545885	148.769150674	187.052919224	128.478743178	120.06543109
129.000034906	131.425154619	135.015640927	128.478743178	187.052919224	112.848907692
122.243783769	128.11133332	116.606845845	120.06543109	112.848907692	187.052919224
Genotype stats (X^T * X): 	93.0
Gene expression - Genotype stats (Y^T * X): 
1.0830872767	4.36001939543	2.03622568756	4.19003928568	5.85975550946	51.7818653209