Tissue	skinnotsunexposedsuprapubic
N_samples	196
Chr	17
Gene	ENSG00000178999.8
SNP	rs4792239
Gene_list	ENSG00000178999.8	ENSG00000131747.10	ENSG00000137804.8	ENSG00000117399.9	ENSG00000175063.12	ENSG00000135451.8	ENSG00000157456.3	ENSG00000134057.10	ENSG00000198901.9
Gene expression stats (Y^T * Y): 
187.052919224	121.401421543	121.655982878	123.167711707	131.43397276	131.262221703	114.926830865	113.845984498	115.548784357
121.401421543	187.052919224	116.207505226	124.815875819	135.54107562	127.615392681	119.639278608	131.349273951	107.667959186
121.655982878	116.207505226	187.052919224	110.649827353	122.753034764	126.377637316	122.924632354	111.138523595	101.997979236
123.167711707	124.815875819	110.649827353	187.052919224	140.779869694	140.943530451	136.048406087	149.021052561	108.35150196
131.43397276	135.54107562	122.753034764	140.779869694	187.052919224	140.923690688	119.611974121	143.942980508	123.263813691
131.262221703	127.615392681	126.377637316	140.943530451	140.923690688	187.052919224	131.136967798	132.924711488	104.779673641
114.926830865	119.639278608	122.924632354	136.048406087	119.611974121	131.136967798	187.052919224	135.986730021	100.764729386
113.845984498	131.349273951	111.138523595	149.021052561	143.942980508	132.924711488	135.986730021	187.052919224	105.652953555
115.548784357	107.667959186	101.997979236	108.35150196	123.263813691	104.779673641	100.764729386	105.652953555	187.052919224
Genotype stats (X^T * X): 	62.8163265306
Gene expression - Genotype stats (Y^T * X): 
23.1980194182	18.6849563145	17.8698068053	21.4463875414	25.7195295163	21.7040649809	21.5740118938	18.7879174101	23.1320584171