Tissue	skinnotsunexposedsuprapubic
N_samples	196
Chr	2
Gene	ENSG00000118245.2
SNP	rs6725021
Gene_list	ENSG00000122304.6	ENSG00000175646.3	ENSG00000111305.14	ENSG00000186118.7	ENSG00000106013.8	ENSG00000163467.7	ENSG00000118245.2
Gene expression stats (Y^T * Y): 
187.052919224	182.170759781	134.046824636	112.809529104	128.582042077	114.5733135	172.926966261
182.170759781	187.052919224	129.012808593	108.713670039	126.142890071	110.144866427	169.315003755
134.046824636	129.012808593	187.052919224	129.531787056	137.420692689	130.693934248	143.719571082
112.809529104	108.713670039	129.531787056	187.052919224	113.547586472	101.838177762	124.407545851
128.582042077	126.142890071	137.420692689	113.547586472	187.052919224	111.344156375	137.652799935
114.5733135	110.144866427	130.693934248	101.838177762	111.344156375	187.052919224	127.639133774
172.926966261	169.315003755	143.719571082	124.407545851	137.652799935	127.639133774	187.052919224
Genotype stats (X^T * X): 	27.4081632653
Gene expression - Genotype stats (Y^T * X): 
16.7389908418	17.2059199895	8.27778743868	11.8935810958	4.38368978045	7.7211522907	15.5694166957