Tissue	skinnotsunexposedsuprapubic
N_samples	196
Chr	11
Gene	ENSG00000175390.8
SNP	rs11041714
Gene_list	ENSG00000175390.8	ENSG00000105640.8	ENSG00000221983.3	ENSG00000198242.9	ENSG00000100129.13	ENSG00000168028.9	ENSG00000105193.4	ENSG00000105373.14	ENSG00000063177.8	ENSG00000083845.4	ENSG00000149273.10	ENSG00000148303.12	ENSG00000204628.7
Gene expression stats (Y^T * Y): 
187.052919224	113.285899923	114.158653231	112.546582836	116.843079568	119.12227438	117.420720614	115.907398371	129.751430457	122.993314701	125.958253115	120.825336162	131.657871592
113.285899923	187.052919224	151.683442613	109.845783014	105.547925687	128.319178731	151.139620623	134.782317446	166.310198891	160.829572417	148.96422452	130.93252373	135.894020538
114.158653231	151.683442613	187.052919224	122.397392033	116.559263833	140.485529992	147.06417971	109.454908127	150.779082784	150.821557627	148.526105696	127.805066933	126.473065892
112.546582836	109.845783014	122.397392033	187.052919224	120.344975217	111.272603574	142.277085989	80.9229513228	117.519109112	102.161200064	142.451239803	150.063666195	101.704270557
116.843079568	105.547925687	116.559263833	120.344975217	187.052919224	117.936628249	104.836511261	109.446467726	116.024612587	120.557998313	127.887758473	120.018330691	123.444142941
119.12227438	128.319178731	140.485529992	111.272603574	117.936628249	187.052919224	128.624367421	91.7737207463	134.818533005	150.922190358	149.924639356	146.589556769	123.329714662
117.420720614	151.139620623	147.06417971	142.277085989	104.836511261	128.624367421	187.052919224	112.697098606	147.959273163	135.644932626	150.816975174	144.189253547	122.834894518
115.907398371	134.782317446	109.454908127	80.9229513228	109.446467726	91.7737207463	112.697098606	187.052919224	143.803250076	143.069623229	115.04300877	106.625811609	134.645369565
129.751430457	166.310198891	150.779082784	117.519109112	116.024612587	134.818533005	147.959273163	143.803250076	187.052919224	164.662078228	155.161749697	143.798264595	137.585891454
122.993314701	160.829572417	150.821557627	102.161200064	120.557998313	150.922190358	135.644932626	143.069623229	164.662078228	187.052919224	145.347896305	135.660452699	145.839081045
125.958253115	148.96422452	148.526105696	142.451239803	127.887758473	149.924639356	150.816975174	115.04300877	155.161749697	145.347896305	187.052919224	166.695317207	140.219771832
120.825336162	130.93252373	127.805066933	150.063666195	120.018330691	146.589556769	144.189253547	106.625811609	143.798264595	135.660452699	166.695317207	187.052919224	134.11213576
131.657871592	135.894020538	126.473065892	101.704270557	123.444142941	123.329714662	122.834894518	134.645369565	137.585891454	145.839081045	140.219771832	134.11213576	187.052919224
Genotype stats (X^T * X): 	90.7484954898
Gene expression - Genotype stats (Y^T * X): 
-34.3701096589	-9.021019964	-22.367458325	-18.2672002224	-24.5541075645	-27.9379119292	-22.8624652897	-19.2225791342	-18.8627029945	-22.8529777437	-23.3150130678	-26.840594838	-22.1725477005