Tissue	skinnotsunexposedsuprapubic
N_samples	196
Chr	3
Gene	ENSG00000113916.13
SNP	rs113768170
Gene_list	ENSG00000179094.9	ENSG00000116285.8	ENSG00000157557.7	ENSG00000221869.4	ENSG00000117289.7	ENSG00000113916.13
Gene expression stats (Y^T * Y): 
187.052919224	124.766784199	119.468213499	69.1333386575	94.533112951	122.716013716
124.766784199	187.052919224	126.493133145	97.280340569	110.051738955	125.572418397
119.468213499	126.493133145	187.052919224	109.490399056	62.0017276347	118.353889417
69.1333386575	97.280340569	109.490399056	187.052919224	66.3022237807	120.644294959
94.533112951	110.051738955	62.0017276347	66.3022237807	187.052919224	115.288794974
122.716013716	125.572418397	118.353889417	120.644294959	115.288794974	187.052919224
Genotype stats (X^T * X): 	30.242828
Gene expression - Genotype stats (Y^T * X): 
-11.9094280266	-11.8584969114	-15.1383091356	-14.4736674298	-9.05562905942	-18.9989851973