Tissue	skinnotsunexposedsuprapubic
N_samples	196
Chr	10
Gene	ENSG00000148671.9
SNP	rs7085236
Gene_list	ENSG00000101335.5	ENSG00000100097.7	ENSG00000148671.9	ENSG00000107796.8	ENSG00000149591.12	ENSG00000197956.5
Gene expression stats (Y^T * Y): 
187.052919224	130.357593735	122.594406747	167.025996936	172.53332759	117.978296759
130.357593735	187.052919224	119.617462501	116.042205732	114.925490028	151.871367516
122.594406747	119.617462501	187.052919224	122.88030286	119.928681605	116.726273991
167.025996936	116.042205732	122.88030286	187.052919224	167.327337556	101.51291099
172.53332759	114.925490028	119.928681605	167.327337556	187.052919224	118.291481618
117.978296759	151.871367516	116.726273991	101.51291099	118.291481618	187.052919224
Genotype stats (X^T * X): 	13.5181109949
Gene expression - Genotype stats (Y^T * X): 
9.53535967507	11.0317812674	13.9644436587	7.7937212326	8.57138200181	14.836560663