Tissue	skinnotsunexposedsuprapubic
N_samples	196
Chr	10
Gene	ENSG00000107562.12
SNP	rs17392484
Gene_list	ENSG00000162576.12	ENSG00000100097.7	ENSG00000107562.12	ENSG00000142156.10	ENSG00000139329.4	ENSG00000164692.13	ENSG00000196154.7	ENSG00000145423.4
Gene expression stats (Y^T * Y): 
187.052919224	95.74714271	113.371613539	110.483872003	108.22673542	86.9302158609	98.7926135098	75.0537693715
95.74714271	187.052919224	119.032473139	128.446329591	99.6425411718	123.971088403	118.592274541	84.6579349574
113.371613539	119.032473139	187.052919224	125.713233528	131.267120417	115.730019455	129.17596741	122.19022661
110.483872003	128.446329591	125.713233528	187.052919224	128.606651457	158.666132881	107.043089758	139.054037875
108.22673542	99.6425411718	131.267120417	128.606651457	187.052919224	137.445979538	104.22003144	121.389205699
86.9302158609	123.971088403	115.730019455	158.666132881	137.445979538	187.052919224	92.9445730362	145.048560564
98.7926135098	118.592274541	129.17596741	107.043089758	104.22003144	92.9445730362	187.052919224	79.901495622
75.0537693715	84.6579349574	122.19022661	139.054037875	121.389205699	145.048560564	79.901495622	187.052919224
Genotype stats (X^T * X): 	38.3897861224
Gene expression - Genotype stats (Y^T * X): 
-8.48893305292	-19.547807096	-19.9273075407	-9.46860880389	-10.2548071061	-9.19723165027	-20.9535135939	-7.93521093218