Tissue	skinnotsunexposedsuprapubic
N_samples	196
Chr	1
Gene	ENSG00000173372.12
SNP	rs10917260
Gene_list	ENSG00000124491.11	ENSG00000173372.12	ENSG00000159189.7	ENSG00000173369.11	ENSG00000011600.7	ENSG00000110077.10	ENSG00000110079.12	ENSG00000165457.9	ENSG00000158869.6
Gene expression stats (Y^T * Y): 
187.052919224	112.548515764	107.820906658	111.028563277	103.584541625	87.4604961684	62.5629795226	87.3403193524	109.428800081
112.548515764	187.052919224	169.137993747	173.005693833	126.394214337	126.207984976	124.695350447	150.539912611	120.817823799
107.820906658	169.137993747	187.052919224	173.24749298	117.088548496	124.194331755	128.794692889	148.540090918	119.23397859
111.028563277	173.005693833	173.24749298	187.052919224	105.797122573	109.843785275	118.426127483	131.176273384	116.50550875
103.584541625	126.394214337	117.088548496	105.797122573	187.052919224	125.914949457	82.9914171953	114.058567559	128.750910448
87.4604961684	126.207984976	124.194331755	109.843785275	125.914949457	187.052919224	127.00237804	137.047911677	99.3253409772
62.5629795226	124.695350447	128.794692889	118.426127483	82.9914171953	127.00237804	187.052919224	149.481476396	72.4715402305
87.3403193524	150.539912611	148.540090918	131.176273384	114.058567559	137.047911677	149.481476396	187.052919224	95.9583565524
109.428800081	120.817823799	119.23397859	116.50550875	128.750910448	99.3253409772	72.4715402305	95.9583565524	187.052919224
Genotype stats (X^T * X): 	61.0
Gene expression - Genotype stats (Y^T * X): 
15.5826599678	26.2772946647	25.172393304	23.7490435354	16.2584052696	12.4324022293	22.8614039863	20.7953180232	18.817131854