Tissue	skinnotsunexposedsuprapubic
N_samples	196
Chr	12
Gene	ENSG00000167767.9
SNP	rs12581578
Gene_list	ENSG00000178597.4	ENSG00000178585.10	ENSG00000204539.3	ENSG00000204421.2	ENSG00000189001.6	ENSG00000108244.12	ENSG00000188505.4	ENSG00000105427.5	ENSG00000167767.9	ENSG00000244617.1	ENSG00000143631.10	ENSG00000143520.6	ENSG00000169509.5	ENSG00000203786.5	ENSG00000203782.5
Gene expression stats (Y^T * Y): 
187.052919224	87.9680291944	106.856818819	83.9235282313	98.4194155899	120.429959394	122.56042587	92.3761304261	113.230798465	128.568860127	90.6480047066	113.548745123	116.854661512	118.855570363	111.731461907
87.9680291944	187.052919224	127.282683877	134.766187789	137.229892106	115.885718575	120.576320244	120.841160524	112.296548304	129.574821966	103.818186496	139.844236927	116.160744357	131.56064111	132.832441865
106.856818819	127.282683877	187.052919224	148.011215708	142.524379268	117.598350998	143.900937177	145.012318915	129.494539761	148.700808291	126.586209055	135.641602372	139.073411115	148.68509393	149.557839654
83.9235282313	134.766187789	148.011215708	187.052919224	157.612288098	112.563769392	142.863666419	151.519157543	123.988356563	122.724228626	97.4766860026	125.932026109	112.164309729	124.011599019	139.561999067
98.4194155899	137.229892106	142.524379268	157.612288098	187.052919224	119.028251457	153.746229708	160.89814463	125.308574306	124.988092524	104.97289218	117.935186243	108.841463078	121.980015571	142.398294703
120.429959394	115.885718575	117.598350998	112.563769392	119.028251457	187.052919224	129.625790444	115.250564527	127.194530901	138.473099644	106.332544906	145.56363427	136.74380914	143.323599798	134.247920323
122.56042587	120.576320244	143.900937177	142.863666419	153.746229708	129.625790444	187.052919224	154.609346942	122.629526367	149.291788583	116.588047849	134.505337703	132.846565392	141.221663879	148.903856087
92.3761304261	120.841160524	145.012318915	151.519157543	160.89814463	115.250564527	154.609346942	187.052919224	115.629767507	127.493471718	96.8003966758	110.254205146	120.667364442	117.836279113	142.026324309
113.230798465	112.296548304	129.494539761	123.988356563	125.308574306	127.194530901	122.629526367	115.629767507	187.052919224	126.266436953	113.527752666	123.511360076	112.712700661	123.622656891	126.260174555
128.568860127	129.574821966	148.700808291	122.724228626	124.988092524	138.473099644	149.291788583	127.493471718	126.266436953	187.052919224	138.804889555	156.262526337	167.302965351	165.990194553	158.745031524
90.6480047066	103.818186496	126.586209055	97.4766860026	104.97289218	106.332544906	116.588047849	96.8003966758	113.527752666	138.804889555	187.052919224	138.283179267	111.095554572	130.976737077	136.288685059
113.548745123	139.844236927	135.641602372	125.932026109	117.935186243	145.56363427	134.505337703	110.254205146	123.511360076	156.262526337	138.283179267	187.052919224	145.024318926	160.9134783	149.276043065
116.854661512	116.160744357	139.073411115	112.164309729	108.841463078	136.74380914	132.846565392	120.667364442	112.712700661	167.302965351	111.095554572	145.024318926	187.052919224	164.644975358	155.746259162
118.855570363	131.56064111	148.68509393	124.011599019	121.980015571	143.323599798	141.221663879	117.836279113	123.622656891	165.990194553	130.976737077	160.9134783	164.644975358	187.052919224	157.614082275
111.731461907	132.832441865	149.557839654	139.561999067	142.398294703	134.247920323	148.903856087	142.026324309	126.260174555	158.745031524	136.288685059	149.276043065	155.746259162	157.614082275	187.052919224
Genotype stats (X^T * X): 	98.8804014439
Gene expression - Genotype stats (Y^T * X): 
14.5519561626	8.84657666768	24.4573437599	25.9000642576	20.6656950626	24.0374728781	10.7706119343	22.2614030479	36.704190486	20.1570174321	16.0317170918	15.5979743185	11.8634038008	12.463785769	15.8703980294