Tissue	skinnotsunexposedsuprapubic
N_samples	196
Chr	12
Gene	ENSG00000167588.8
SNP	rs10875997
Gene_list	ENSG00000184811.3	ENSG00000167676.3	ENSG00000187288.6	ENSG00000132170.15	ENSG00000175445.10	ENSG00000170262.8	ENSG00000079435.5	ENSG00000167588.8	ENSG00000135447.12	ENSG00000176485.6	ENSG00000173599.9	ENSG00000166819.7	ENSG00000138207.8	ENSG00000119927.9	ENSG00000181092.5	ENSG00000186205.8
Gene expression stats (Y^T * Y): 
187.052919224	142.503686853	133.051830057	119.019362916	152.055295144	144.457037387	141.070388012	121.984240206	157.95596587	136.89205717	93.8168801315	148.791514068	142.006261503	149.139376453	155.544515541	160.727837482
142.503686853	187.052919224	154.880650012	117.892793558	142.660457647	113.937203456	153.173578844	164.214287076	147.483445398	128.934537286	99.6112015573	165.532679832	153.594942975	137.185058363	155.657295425	135.380617692
133.051830057	154.880650012	187.052919224	83.5184477496	143.458184254	90.2381329266	166.048818326	135.974533818	139.754775398	129.306867357	82.4939946509	172.641779756	175.446230299	134.980729044	161.842261717	120.038418771
119.019362916	117.892793558	83.5184477496	187.052919224	114.11095004	115.02478261	93.8955842037	123.063450295	111.187487035	111.976079889	86.0478298928	104.877101833	94.2103820263	101.290646553	102.094246591	115.149853017
152.055295144	142.660457647	143.458184254	114.11095004	187.052919224	123.096145586	143.735137109	123.234116274	156.811613332	135.821959132	92.9101322496	158.16152303	154.17514774	152.053399319	165.833214337	154.936907454
144.457037387	113.937203456	90.2381329266	115.02478261	123.096145586	187.052919224	94.2641374524	113.81068849	126.632792448	110.625131943	107.270505252	109.58035251	107.045053472	134.11341183	124.317268604	147.059320376
141.070388012	153.173578844	166.048818326	93.8955842037	143.735137109	94.2641374524	187.052919224	131.367357414	151.357022821	137.577215874	77.1580895973	173.538625455	165.955636604	126.366900808	161.713733942	129.55872404
121.984240206	164.214287076	135.974533818	123.063450295	123.234116274	113.81068849	131.367357414	187.052919224	124.59351187	118.971360818	115.698462999	141.594767773	136.032775393	112.698912593	137.684918518	122.038024761
157.95596587	147.483445398	139.754775398	111.187487035	156.811613332	126.632792448	151.357022821	124.59351187	187.052919224	146.089159712	84.5920477033	160.470937558	146.892337366	135.715679758	163.698762277	156.737029498
136.89205717	128.934537286	129.306867357	111.976079889	135.821959132	110.625131943	137.577215874	118.971360818	146.089159712	187.052919224	79.4997469028	140.394500152	131.602648784	112.203339918	140.55081404	136.135760502
93.8168801315	99.6112015573	82.4939946509	86.0478298928	92.9101322496	107.270505252	77.1580895973	115.698462999	84.5920477033	79.4997469028	187.052919224	92.1518473583	86.2957516359	83.8528609432	88.0473055997	99.4462798853
148.791514068	165.532679832	172.641779756	104.877101833	158.16152303	109.58035251	173.538625455	141.594767773	160.470937558	140.394500152	92.1518473583	187.052919224	174.230906052	142.394300438	171.098155261	143.897192652
142.006261503	153.594942975	175.446230299	94.2103820263	154.17514774	107.045053472	165.955636604	136.032775393	146.892337366	131.602648784	86.2957516359	174.230906052	187.052919224	149.873767057	170.898825055	133.61835197
149.139376453	137.185058363	134.980729044	101.290646553	152.053399319	134.11341183	126.366900808	112.698912593	135.715679758	112.203339918	83.8528609432	142.394300438	149.873767057	187.052919224	148.032516495	137.158587293
155.544515541	155.657295425	161.842261717	102.094246591	165.833214337	124.317268604	161.713733942	137.684918518	163.698762277	140.55081404	88.0473055997	171.098155261	170.898825055	148.032516495	187.052919224	159.218426218
160.727837482	135.380617692	120.038418771	115.149853017	154.936907454	147.059320376	129.55872404	122.038024761	156.737029498	136.135760502	99.4462798853	143.897192652	133.61835197	137.158587293	159.218426218	187.052919224
Genotype stats (X^T * X): 	78.1565946684
Gene expression - Genotype stats (Y^T * X): 
-13.8397289328	-29.9675051196	-32.3846946366	-2.18798384024	-13.3848226079	-12.2595597882	-20.3269356606	-26.8352442953	-16.6571370503	-6.48020597264	-16.3150546863	-27.2665656883	-27.3275332885	-16.9418037432	-27.4564949838	-18.666614212