Tissue	skinnotsunexposedsuprapubic
N_samples	196
Chr	19
Gene	ENSG00000167641.6
SNP	rs12982549
Gene_list	ENSG00000130176.3	ENSG00000167641.6	ENSG00000118729.10	ENSG00000198523.5	ENSG00000076706.10	ENSG00000163431.11	ENSG00000072195.10
Gene expression stats (Y^T * Y): 
187.052919224	112.746577286	104.52813857	94.23769407	72.5058824514	111.184636769	88.8472535829
112.746577286	187.052919224	114.622779865	116.728889342	115.225658261	138.441238703	112.306296353
104.52813857	114.622779865	187.052919224	119.709322693	79.4765998985	105.839153941	100.357817126
94.23769407	116.728889342	119.709322693	187.052919224	73.1573638858	132.861949257	96.0524875581
72.5058824514	115.225658261	79.4765998985	73.1573638858	187.052919224	118.928263101	82.9671537501
111.184636769	138.441238703	105.839153941	132.861949257	118.928263101	187.052919224	107.819873154
88.8472535829	112.306296353	100.357817126	96.0524875581	82.9671537501	107.819873154	187.052919224
Genotype stats (X^T * X): 	29.903746301
Gene expression - Genotype stats (Y^T * X): 
-7.81151691023	-16.7421768433	-8.70467792536	-13.9489340784	-10.8074495867	-15.7917365203	-6.93235106777