Tissue	skinnotsunexposedsuprapubic
N_samples	196
Chr	1
Gene	ENSG00000159388.5
SNP	rs2486942
Gene_list	ENSG00000116285.8	ENSG00000171223.4	ENSG00000144655.10	ENSG00000128016.4	ENSG00000142178.7	ENSG00000087074.7	ENSG00000185650.8	ENSG00000146278.10	ENSG00000148841.11	ENSG00000136997.10	ENSG00000120738.7	ENSG00000169252.4	ENSG00000143384.8	ENSG00000120129.5	ENSG00000159388.5	ENSG00000162772.12
Gene expression stats (Y^T * Y): 
187.052919224	70.2473072199	92.3713751857	110.374062785	115.395846861	99.2751885957	72.3378109556	105.931371848	97.9670888769	119.374156253	60.2792050419	99.5580494431	107.1759055	89.4143021877	121.865098894	87.4181417087
70.2473072199	187.052919224	127.594620957	161.226999561	101.014545054	148.670885689	124.73274666	109.144260172	84.7079331983	126.316065407	142.338417244	93.9488425268	116.436180151	136.428983438	126.249051727	140.786946539
92.3713751857	127.594620957	187.052919224	120.919567843	128.598822055	119.526800244	96.3268634783	95.262418265	115.645005324	124.907325283	122.676651051	112.037648739	85.2108134941	91.9409067257	119.874259132	110.530244692
110.374062785	161.226999561	120.919567843	187.052919224	109.616507909	157.731968006	135.346431655	120.820736504	101.008736393	136.259571374	118.201442929	109.721428301	132.336471435	147.743133553	132.405920994	149.521324833
115.395846861	101.014545054	128.598822055	109.616507909	187.052919224	111.473417554	119.237213535	90.5828000244	104.376037679	137.654028701	77.320656325	108.846835055	85.1127625921	112.0262407	117.490193158	107.237221867
99.2751885957	148.670885689	119.526800244	157.731968006	111.473417554	187.052919224	128.648540412	123.706254066	82.5302297283	122.57579157	115.01911758	90.4351620681	125.945320541	155.096043953	120.619620049	163.790862007
72.3378109556	124.73274666	96.3268634783	135.346431655	119.237213535	128.648540412	187.052919224	106.320960277	94.14200136	112.89081776	80.9298967063	87.884745505	84.6236044541	147.072001789	114.009831284	130.315883849
105.931371848	109.144260172	95.262418265	120.820736504	90.5828000244	123.706254066	106.320960277	187.052919224	85.7285125481	111.698106869	84.3208090789	62.3629737677	120.919793874	85.8037560102	120.806176528	96.6192776077
97.9670888769	84.7079331983	115.645005324	101.008736393	104.376037679	82.5302297283	94.14200136	85.7285125481	187.052919224	97.6950132961	81.8901882306	118.807723639	83.5983982217	77.1943454783	112.727315865	77.715089828
119.374156253	126.316065407	124.907325283	136.259571374	137.654028701	122.57579157	112.89081776	111.698106869	97.6950132961	187.052919224	108.952019742	122.036499182	113.473811765	107.12491157	117.808032811	112.357415985
60.2792050419	142.338417244	122.676651051	118.201442929	77.320656325	115.01911758	80.9298967063	84.3208090789	81.8901882306	108.952019742	187.052919224	90.8287365049	111.661803687	93.4655542045	118.460019465	116.548909473
99.5580494431	93.9488425268	112.037648739	109.721428301	108.846835055	90.4351620681	87.884745505	62.3629737677	118.807723639	122.036499182	90.8287365049	187.052919224	89.106765997	98.8571864934	116.908360662	92.3489312167
107.1759055	116.436180151	85.2108134941	132.336471435	85.1127625921	125.945320541	84.6236044541	120.919793874	83.5983982217	113.473811765	111.661803687	89.106765997	187.052919224	97.5034578758	113.623057334	109.010504074
89.4143021877	136.428983438	91.9409067257	147.743133553	112.0262407	155.096043953	147.072001789	85.8037560102	77.1943454783	107.12491157	93.4655542045	98.8571864934	97.5034578758	187.052919224	115.391622818	162.846370685
121.865098894	126.249051727	119.874259132	132.405920994	117.490193158	120.619620049	114.009831284	120.806176528	112.727315865	117.808032811	118.460019465	116.908360662	113.623057334	115.391622818	187.052919224	114.043187708
87.4181417087	140.786946539	110.530244692	149.521324833	107.237221867	163.790862007	130.315883849	96.6192776077	77.715089828	112.357415985	116.548909473	92.3489312167	109.010504074	162.846370685	114.043187708	187.052919224
Genotype stats (X^T * X): 	112.102040816
Gene expression - Genotype stats (Y^T * X): 
-21.9015005869	-13.4429969637	-11.0742295233	-23.4197984829	-18.0582286986	-8.44997244019	-16.7887304232	-19.0025811863	-15.8051262853	-16.2777621553	-15.1555553142	-20.920770936	-23.0410725291	-18.5630523416	-33.5719802672	-14.5938812285