Tissue	skinnotsunexposedsuprapubic
N_samples	196
Chr	1
Gene	ENSG00000117115.8
SNP	rs737428
Gene_list	ENSG00000117115.8	ENSG00000131941.3	ENSG00000141750.6	ENSG00000134873.5	ENSG00000104490.13	ENSG00000064651.9
Gene expression stats (Y^T * Y): 
187.052919224	131.088246732	114.277391638	120.487379349	112.638445794	119.177057176
131.088246732	187.052919224	123.216845704	133.903372579	132.606773076	143.055651801
114.277391638	123.216845704	187.052919224	125.546667157	135.439695158	143.400104963
120.487379349	133.903372579	125.546667157	187.052919224	134.664006985	143.555636138
112.638445794	132.606773076	135.439695158	134.664006985	187.052919224	159.798372673
119.177057176	143.055651801	143.400104963	143.555636138	159.798372673	187.052919224
Genotype stats (X^T * X): 	96.2483747092
Gene expression - Genotype stats (Y^T * X): 
-43.249572309	-20.308406935	-15.366701743	-24.2977512392	-2.6766457962	-14.7755336367