Tissue	skinnotsunexposedsuprapubic
N_samples	196
Chr	1
Gene	ENSG00000172155.7
SNP	rs12094874
Gene_list	ENSG00000186207.4	ENSG00000187223.3	ENSG00000187180.3	ENSG00000159455.7	ENSG00000187173.3	ENSG00000203786.5	ENSG00000240386.2	ENSG00000186226.7	ENSG00000172155.7	ENSG00000197084.4	ENSG00000196734.6	ENSG00000186844.4	ENSG00000235942.2
Gene expression stats (Y^T * Y): 
187.052919224	140.69595752	148.949570636	147.620586276	147.658573112	144.550254464	155.528033445	108.084886793	125.931105084	142.000531244	151.253664661	153.905597965	137.074642596
140.69595752	187.052919224	174.372061153	172.605749259	165.759963136	165.364238357	168.690904002	90.5308758169	116.695994985	169.38275061	173.179927636	169.490955013	165.227977432
148.949570636	174.372061153	187.052919224	182.673251249	164.494327704	172.316785938	171.480227216	89.2813566812	118.512331609	179.160069677	176.71881403	179.315356338	161.340797261
147.620586276	172.605749259	182.673251249	187.052919224	157.872779212	177.643899807	169.417865177	83.591353512	115.693100672	181.121654466	174.170540684	181.13426484	155.121293636
147.658573112	165.759963136	164.494327704	157.872779212	187.052919224	149.077823614	170.760546591	120.168769962	135.629860008	155.184832683	167.276223977	159.974400114	166.285835918
144.550254464	165.364238357	172.316785938	177.643899807	149.077823614	187.052919224	162.65988626	82.129358912	115.448589765	174.049533183	167.935161454	174.640024745	151.410912321
155.528033445	168.690904002	171.480227216	169.417865177	170.760546591	162.65988626	187.052919224	125.130126	147.240059452	169.758427245	176.716554104	174.212360709	166.977063902
108.084886793	90.5308758169	89.2813566812	83.591353512	120.168769962	82.129358912	125.130126	187.052919224	165.412042661	87.1766110832	105.561216528	96.6918472403	107.488667139
125.931105084	116.695994985	118.512331609	115.693100672	135.629860008	115.448589765	147.240059452	165.412042661	187.052919224	117.732396322	127.528772241	123.979860375	123.641048082
142.000531244	169.38275061	179.160069677	181.121654466	155.184832683	174.049533183	169.758427245	87.1766110832	117.732396322	187.052919224	180.041120487	181.985213483	157.162508235
151.253664661	173.179927636	176.71881403	174.170540684	167.276223977	167.935161454	176.716554104	105.561216528	127.528772241	180.041120487	187.052919224	180.178627022	167.202795838
153.905597965	169.490955013	179.315356338	181.13426484	159.974400114	174.640024745	174.212360709	96.6918472403	123.979860375	181.985213483	180.178627022	187.052919224	159.783455834
137.074642596	165.227977432	161.340797261	155.121293636	166.285835918	151.410912321	166.977063902	107.488667139	123.641048082	157.162508235	167.202795838	159.783455834	187.052919224
Genotype stats (X^T * X): 	80.4662892398
Gene expression - Genotype stats (Y^T * X): 
-6.4112369354	0.264162068982	-3.44299088254	-4.81828864072	-9.76023519337	-8.33559012862	-16.9348970252	-62.7751539587	-64.8673431699	-6.27558150092	-3.73019842405	-6.01200987726	-3.7454865657