Tissue	skinnotsunexposedsuprapubic
N_samples	196
Chr	1
Gene	ENSG00000077522.8
SNP	rs57463783
Gene_list	ENSG00000156885.4	ENSG00000104879.4	ENSG00000197893.9	ENSG00000163092.15	ENSG00000239474.2	ENSG00000077522.8
Gene expression stats (Y^T * Y): 
187.052919224	132.867052513	144.410102561	115.502476988	125.367435201	128.011943492
132.867052513	187.052919224	142.589463718	128.79809364	138.00358291	124.628013042
144.410102561	142.589463718	187.052919224	144.37722836	158.33383752	132.322543097
115.502476988	128.79809364	144.37722836	187.052919224	136.461234503	113.082097355
125.367435201	138.00358291	158.33383752	136.461234503	187.052919224	113.350783048
128.011943492	124.628013042	132.322543097	113.082097355	113.350783048	187.052919224
Genotype stats (X^T * X): 	96.3898442449
Gene expression - Genotype stats (Y^T * X): 
-17.0848271307	-20.0995506771	-21.7666084945	-14.4711801533	-12.0668043976	-32.4403032875