Tissue	skinnotsunexposedsuprapubic
N_samples	196
Chr	10
Gene	ENSG00000119917.9
SNP	rs1041389
Gene_list	ENSG00000134326.7	ENSG00000137959.11	ENSG00000119922.7	ENSG00000119917.9	ENSG00000185745.8	ENSG00000111335.8
Gene expression stats (Y^T * Y): 
187.052919224	113.826618726	79.6399278805	118.6595995	123.238887384	110.54085002
113.826618726	187.052919224	75.489112462	117.634032818	113.081706137	124.436937768
79.6399278805	75.489112462	187.052919224	125.574751579	126.218747298	65.6030256651
118.6595995	117.634032818	125.574751579	187.052919224	140.655368942	117.255091026
123.238887384	113.081706137	126.218747298	140.655368942	187.052919224	106.873651588
110.54085002	124.436937768	65.6030256651	117.255091026	106.873651588	187.052919224
Genotype stats (X^T * X): 	101.0
Gene expression - Genotype stats (Y^T * X): 
-14.245825387	-20.8144887606	-18.1781626967	-31.5568509704	-26.5343583862	-19.5732705123