Tissue	skinnotsunexposedsuprapubic
N_samples	196
Chr	9
Gene	ENSG00000106714.13
SNP	rs62569963
Gene_list	ENSG00000171368.10	ENSG00000106714.13	ENSG00000227921.1	ENSG00000154529.10	ENSG00000236029.4	ENSG00000158163.10
Gene expression stats (Y^T * Y): 
187.052919224	117.7765407	43.5696537514	57.8782805153	56.0300688934	108.227778387
117.7765407	187.052919224	115.383103542	124.481077707	118.515406809	132.059610331
43.5696537514	115.383103542	187.052919224	106.045969589	110.939447908	78.9056103937
57.8782805153	124.481077707	106.045969589	187.052919224	102.263719725	87.4773315902
56.0300688934	118.515406809	110.939447908	102.263719725	187.052919224	89.2418700459
108.227778387	132.059610331	78.9056103937	87.4773315902	89.2418700459	187.052919224
Genotype stats (X^T * X): 	15.7659968367
Gene expression - Genotype stats (Y^T * X): 
-10.5904740256	-11.6127479995	-3.44165080149	-3.77175470307	-9.21175434065	-10.0073345237