Tissue	skinnotsunexposedsuprapubic
N_samples	196
Chr	8
Gene	ENSG00000180155.14
SNP	rs7822193
Gene_list	ENSG00000178372.6	ENSG00000204539.3	ENSG00000204421.2	ENSG00000188508.6	ENSG00000161249.16	ENSG00000189001.6	ENSG00000188505.4	ENSG00000105427.5	ENSG00000175121.7	ENSG00000088002.7	ENSG00000126233.1	ENSG00000180155.14	ENSG00000198854.4	ENSG00000203782.5
Gene expression stats (Y^T * Y): 
187.052919224	130.703080884	134.098114749	118.745130333	122.773412833	117.906429062	115.403588572	135.251699306	114.419654468	122.731120393	135.795966271	130.259052735	94.6794570436	126.40258918
130.703080884	187.052919224	148.011215708	109.878916431	121.055239853	142.524379268	143.900937177	145.012318915	117.404883965	114.899212315	132.909284567	128.758971581	136.245229175	149.557839654
134.098114749	148.011215708	187.052919224	140.433811732	147.106156218	157.612288098	142.863666419	151.519157543	150.371750746	141.542708114	131.092602283	125.29047665	131.578352971	139.561999067
118.745130333	109.878916431	140.433811732	187.052919224	148.459461359	145.133500055	119.755774138	138.391840682	136.799052393	114.543287551	123.492909512	119.769321899	91.6495638646	110.051793966
122.773412833	121.055239853	147.106156218	148.459461359	187.052919224	147.595338721	115.870305959	127.835623781	129.626043582	113.20494849	139.446174811	127.918510768	104.405784695	124.914791474
117.906429062	142.524379268	157.612288098	145.133500055	147.595338721	187.052919224	153.746229708	160.89814463	131.665459095	124.163378085	120.225807116	124.302275973	125.139490656	142.398294703
115.403588572	143.900937177	142.863666419	119.755774138	115.870305959	153.746229708	187.052919224	154.609346942	128.021068858	102.337970798	109.287570917	112.641944177	133.010168792	148.903856087
135.251699306	145.012318915	151.519157543	138.391840682	127.835623781	160.89814463	154.609346942	187.052919224	131.299631678	136.938801147	130.63769687	135.467331332	124.365746272	142.026324309
114.419654468	117.404883965	150.371750746	136.799052393	129.626043582	131.665459095	128.021068858	131.299631678	187.052919224	116.521129523	125.268239414	121.73174507	125.517522594	124.385972363
122.731120393	114.899212315	141.542708114	114.543287551	113.20494849	124.163378085	102.337970798	136.938801147	116.521129523	187.052919224	116.623746911	117.470687352	98.5739423431	107.338912725
135.795966271	132.909284567	131.092602283	123.492909512	139.446174811	120.225807116	109.287570917	130.63769687	125.268239414	116.623746911	187.052919224	166.4526892	111.01474459	125.528296257
130.259052735	128.758971581	125.29047665	119.769321899	127.918510768	124.302275973	112.641944177	135.467331332	121.73174507	117.470687352	166.4526892	187.052919224	114.414501378	120.95599312
94.6794570436	136.245229175	131.578352971	91.6495638646	104.405784695	125.139490656	133.010168792	124.365746272	125.517522594	98.5739423431	111.01474459	114.414501378	187.052919224	152.453204447
126.40258918	149.557839654	139.561999067	110.051793966	124.914791474	142.398294703	148.903856087	142.026324309	124.385972363	107.338912725	125.528296257	120.95599312	152.453204447	187.052919224
Genotype stats (X^T * X): 	86.7483134082
Gene expression - Genotype stats (Y^T * X): 
-10.6011507972	-19.2521027338	-11.1182757431	-14.0460076421	-13.6492607721	-15.1987463563	-16.7526715472	-14.7025939509	-4.05691200186	-12.8570728644	-42.0315553647	-38.9832168011	-20.2283095961	-25.4364012836