Tissue	skinnotsunexposedsuprapubic
N_samples	196
Chr	10
Gene	ENSG00000178363.3
SNP	rs58839215
Gene_list	ENSG00000178363.3	ENSG00000165474.5	ENSG00000121742.11	ENSG00000186832.4	ENSG00000130203.5	ENSG00000130208.5	ENSG00000185479.5	ENSG00000205420.6	ENSG00000185640.5	ENSG00000175315.2	ENSG00000184148.3	ENSG00000196754.6
Gene expression stats (Y^T * Y): 
187.052919224	123.754033532	119.421137915	113.799915599	132.691826685	117.443562028	146.532154632	120.361314698	124.126189993	130.016831195	127.619296638	131.575442661
123.754033532	187.052919224	159.575558365	124.434572971	74.8538590229	66.9466270666	140.959226044	122.105425296	72.6502719408	91.4865209906	81.5886353151	134.351168402
119.421137915	159.575558365	187.052919224	101.693154567	68.903372906	52.1995040099	114.716841121	92.799413921	58.9952688646	85.60211958	69.1425388754	117.702597137
113.799915599	124.434572971	101.693154567	187.052919224	50.9232241672	58.1268810438	149.350360502	156.808016836	67.2319670024	74.8029505086	75.6669236813	144.635493475
132.691826685	74.8538590229	68.903372906	50.9232241672	187.052919224	120.026591657	102.254651883	76.0730262257	99.6350400397	100.474212378	83.3205639297	89.4210238476
117.443562028	66.9466270666	52.1995040099	58.1268810438	120.026591657	187.052919224	102.08843322	81.4763191771	159.91450913	99.1826585998	115.568088522	63.496433581
146.532154632	140.959226044	114.716841121	149.350360502	102.254651883	102.08843322	187.052919224	166.655548402	104.55198443	117.37033069	116.160907586	140.730075101
120.361314698	122.105425296	92.799413921	156.808016836	76.0730262257	81.4763191771	166.655548402	187.052919224	85.0455887405	88.2792235092	97.4385812473	141.783987773
124.126189993	72.6502719408	58.9952688646	67.2319670024	99.6350400397	159.91450913	104.55198443	85.0455887405	187.052919224	108.436997224	136.319713665	72.5734504395
130.016831195	91.4865209906	85.60211958	74.8029505086	100.474212378	99.1826585998	117.37033069	88.2792235092	108.436997224	187.052919224	147.462006994	84.5224713463
127.619296638	81.5886353151	69.1425388754	75.6669236813	83.3205639297	115.568088522	116.160907586	97.4385812473	136.319713665	147.462006994	187.052919224	86.0889165108
131.575442661	134.351168402	117.702597137	144.635493475	89.4210238476	63.496433581	140.730075101	141.783987773	72.5734504395	84.5224713463	86.0889165108	187.052919224
Genotype stats (X^T * X): 	44.8993809949
Gene expression - Genotype stats (Y^T * X): 
-21.7987538294	-3.92944073329	-12.2305901486	-11.8484664083	-12.485608107	-4.76020068985	-10.2947646736	-11.4952664827	-4.97038324472	-16.8277782387	-17.3804788369	-12.7366895073