Tissue	skinnotsunexposedsuprapubic
N_samples	196
Chr	12
Gene	ENSG00000167779.3
SNP	rs2683506
Gene_list	ENSG00000197766.3	ENSG00000111341.5	ENSG00000101439.4	ENSG00000064205.6	ENSG00000077942.13	ENSG00000167779.3	ENSG00000049540.12	ENSG00000140545.10	ENSG00000011465.12	ENSG00000148180.12	ENSG00000115461.4
Gene expression stats (Y^T * Y): 
187.052919224	144.60174091	153.077514128	143.44776951	160.927545685	134.530471015	119.405652002	121.263580598	159.52177802	157.112503808	112.906725388
144.60174091	187.052919224	133.19385187	119.531798647	122.232693384	130.112952795	114.785459698	121.220655967	141.034709374	153.965939918	108.559399468
153.077514128	133.19385187	187.052919224	146.225385591	154.096690579	115.411206197	105.586669579	116.919096857	139.407609966	145.054702161	102.342944862
143.44776951	119.531798647	146.225385591	187.052919224	154.836473178	127.40165913	120.602228398	122.404427582	148.945468237	121.963290474	100.606552084
160.927545685	122.232693384	154.096690579	154.836473178	187.052919224	122.324771078	117.952628703	133.825852614	165.278521836	144.29196215	115.968416419
134.530471015	130.112952795	115.411206197	127.40165913	122.324771078	187.052919224	117.693737845	115.488119969	124.544991546	142.564260535	118.457605433
119.405652002	114.785459698	105.586669579	120.602228398	117.952628703	117.693737845	187.052919224	119.151587231	124.721362651	117.938606685	88.0778450827
121.263580598	121.220655967	116.919096857	122.404427582	133.825852614	115.488119969	119.151587231	187.052919224	126.971948563	126.993309321	86.5045696465
159.52177802	141.034709374	139.407609966	148.945468237	165.278521836	124.544991546	124.721362651	126.971948563	187.052919224	147.293885362	114.352951375
157.112503808	153.965939918	145.054702161	121.963290474	144.29196215	142.564260535	117.938606685	126.993309321	147.293885362	187.052919224	125.745052732
112.906725388	108.559399468	102.342944862	100.606552084	115.968416419	118.457605433	88.0778450827	86.5045696465	114.352951375	125.745052732	187.052919224
Genotype stats (X^T * X): 	109.641133
Gene expression - Genotype stats (Y^T * X): 
34.8057878611	35.7559885639	41.1188940737	33.8623891289	40.3268082444	35.4293313051	28.070678084	26.4012839964	34.6663124156	43.3249700834	41.4763107288