Tissue	skinnotsunexposedsuprapubic
N_samples	196
Chr	5
Gene	ENSG00000164611.8
SNP	rs2910201
Gene_list	ENSG00000117399.9	ENSG00000175063.12	ENSG00000135451.8	ENSG00000134057.10	ENSG00000198901.9	ENSG00000123975.4	ENSG00000164611.8
Gene expression stats (Y^T * Y): 
187.052919224	140.779869694	140.943530451	149.021052561	108.35150196	120.755685222	119.692349533
140.779869694	187.052919224	140.923690688	143.942980508	123.263813691	134.055084653	152.785784743
140.943530451	140.923690688	187.052919224	132.924711488	104.779673641	115.728084235	118.274913602
149.021052561	143.942980508	132.924711488	187.052919224	105.652953555	106.962152686	121.847841087
108.35150196	123.263813691	104.779673641	105.652953555	187.052919224	104.637734374	114.801666723
120.755685222	134.055084653	115.728084235	106.962152686	104.637734374	187.052919224	124.203718542
119.692349533	152.785784743	118.274913602	121.847841087	114.801666723	124.203718542	187.052919224
Genotype stats (X^T * X): 	91.7295918367
Gene expression - Genotype stats (Y^T * X): 
-17.1689740661	-15.8304520552	-9.90407709144	-7.72945020471	-17.787179208	-13.0300333193	-29.1419861175