Tissue	skinnotsunexposedsuprapubic
N_samples	196
Chr	19
Gene	ENSG00000167615.12
SNP	rs7257402
Gene_list	ENSG00000182087.8	ENSG00000221978.7	ENSG00000167978.12	ENSG00000072778.15	ENSG00000104852.10	ENSG00000167615.12	ENSG00000140400.10
Gene expression stats (Y^T * Y): 
187.052919224	122.380672639	105.470722997	97.7235728774	96.6674940942	135.130414983	110.357313986
122.380672639	187.052919224	114.91071609	94.1642362024	105.043955971	121.880276975	124.66157744
105.470722997	114.91071609	187.052919224	121.162522019	126.613683736	134.292742095	80.8558945807
97.7235728774	94.1642362024	121.162522019	187.052919224	99.8074010192	115.233577193	84.3448811633
96.6674940942	105.043955971	126.613683736	99.8074010192	187.052919224	122.077955933	67.2915127556
135.130414983	121.880276975	134.292742095	115.233577193	122.077955933	187.052919224	112.376300036
110.357313986	124.66157744	80.8558945807	84.3448811633	67.2915127556	112.376300036	187.052919224
Genotype stats (X^T * X): 	28.8508034439
Gene expression - Genotype stats (Y^T * X): 
-9.40271960485	-7.57563333616	-13.8081215286	-12.969296153	-13.0330764506	-22.1696405774	-5.39500373943