Tissue	skinnotsunexposedsuprapubic
N_samples	196
Chr	16
Gene	ENSG00000131143.4
SNP	rs7191634
Gene_list	ENSG00000144713.8	ENSG00000124614.9	ENSG00000178982.5	ENSG00000135390.13	ENSG00000108107.8	ENSG00000176340.3	ENSG00000149273.10	ENSG00000131143.4	ENSG00000127184.6	ENSG00000135940.2	ENSG00000111775.2
Gene expression stats (Y^T * Y): 
187.052919224	153.826699442	108.029017734	103.146721217	118.141983117	37.4329648835	157.511801732	115.575048334	61.7053423516	54.7724903419	34.8893137148
153.826699442	187.052919224	99.8081239086	97.2168201698	121.789383619	60.3907844365	151.751880176	123.640312685	60.55750706	69.8763991963	61.3982003533
108.029017734	99.8081239086	187.052919224	130.224384086	104.570097919	94.1589926185	114.968531139	131.850500233	82.6652740614	90.4089570518	80.5858011492
103.146721217	97.2168201698	130.224384086	187.052919224	118.354232713	107.309210997	126.450884633	129.904001218	77.1849015742	102.659219119	91.2789338924
118.141983117	121.789383619	104.570097919	118.354232713	187.052919224	89.6866227214	144.747362162	114.556474633	28.5176408291	79.7667665632	74.9136887115
37.4329648835	60.3907844365	94.1589926185	107.309210997	89.6866227214	187.052919224	63.2456322586	125.775779908	100.57647418	149.240730257	151.268563605
157.511801732	151.751880176	114.968531139	126.450884633	144.747362162	63.2456322586	187.052919224	122.998068711	51.3824325253	73.8808605876	53.2677370148
115.575048334	123.640312685	131.850500233	129.904001218	114.556474633	125.775779908	122.998068711	187.052919224	113.67125609	127.619265537	126.478352352
61.7053423516	60.55750706	82.6652740614	77.1849015742	28.5176408291	100.57647418	51.3824325253	113.67125609	187.052919224	114.97234344	108.528612947
54.7724903419	69.8763991963	90.4089570518	102.659219119	79.7667665632	149.240730257	73.8808605876	127.619265537	114.97234344	187.052919224	139.326070063
34.8893137148	61.3982003533	80.5858011492	91.2789338924	74.9136887115	151.268563605	53.2677370148	126.478352352	108.528612947	139.326070063	187.052919224
Genotype stats (X^T * X): 	70.5867346939
Gene expression - Genotype stats (Y^T * X): 
-12.0658117116	-2.54645494515	-22.7089390198	-15.9819341493	-12.3950292732	-20.0561487662	-7.85792560727	-29.212195131	-19.0678567176	-14.7738423095	-24.7975779924