Tissue	skinnotsunexposedsuprapubic
N_samples	196
Chr	6
Gene	ENSG00000164626.8
SNP	rs11758408
Gene_list	ENSG00000088836.8	ENSG00000074370.13	ENSG00000141750.6	ENSG00000131771.9	ENSG00000164626.8	ENSG00000104783.7	ENSG00000161798.6	ENSG00000116039.7	ENSG00000134873.5	ENSG00000104490.13	ENSG00000064651.9	ENSG00000143153.8	ENSG00000163975.7
Gene expression stats (Y^T * Y): 
187.052919224	39.7714360043	50.9437359673	40.0374266779	113.027136417	68.9514346852	34.641834717	101.846908135	56.7719136896	53.7368179184	37.8246806756	46.5582231983	55.5058949463
39.7714360043	187.052919224	131.858975521	145.522042045	112.979298414	138.481787201	140.924867709	129.000034906	106.420933773	137.041624221	132.369356395	132.981475174	131.432300905
50.9437359673	131.858975521	187.052919224	160.031681371	123.373302347	148.997774819	146.049521841	121.506801369	125.546667157	135.439695158	143.400104963	133.605988363	116.342514794
40.0374266779	145.522042045	160.031681371	187.052919224	124.079340865	161.056180785	165.805545885	131.425154619	126.570291126	148.360912655	161.615370661	144.827466448	136.026644158
113.027136417	112.979298414	123.373302347	124.079340865	187.052919224	135.804800518	118.230574068	139.292012595	116.88779987	126.794110902	123.518482581	112.275550227	121.226547476
68.9514346852	138.481787201	148.997774819	161.056180785	135.804800518	187.052919224	148.769150674	135.015640927	140.156799718	140.849345011	151.576871924	131.90468235	131.547613059
34.641834717	140.924867709	146.049521841	165.805545885	118.230574068	148.769150674	187.052919224	128.478743178	109.538274562	124.314412471	143.178863298	137.423258092	116.666469239
101.846908135	129.000034906	121.506801369	131.425154619	139.292012595	135.015640927	128.478743178	187.052919224	103.050996619	118.25355504	116.769924405	134.541301492	101.674000381
56.7719136896	106.420933773	125.546667157	126.570291126	116.88779987	140.156799718	109.538274562	103.050996619	187.052919224	134.664006985	143.555636138	116.590358664	130.181897761
53.7368179184	137.041624221	135.439695158	148.360912655	126.794110902	140.849345011	124.314412471	118.25355504	134.664006985	187.052919224	159.798372673	121.624619565	148.233692554
37.8246806756	132.369356395	143.400104963	161.615370661	123.518482581	151.576871924	143.178863298	116.769924405	143.555636138	159.798372673	187.052919224	144.065229715	137.777436776
46.5582231983	132.981475174	133.605988363	144.827466448	112.275550227	131.90468235	137.423258092	134.541301492	116.590358664	121.624619565	144.065229715	187.052919224	100.224932946
55.5058949463	131.432300905	116.342514794	136.026644158	121.226547476	131.547613059	116.666469239	101.674000381	130.181897761	148.233692554	137.777436776	100.224932946	187.052919224
Genotype stats (X^T * X): 	85.7760738163
Gene expression - Genotype stats (Y^T * X): 
-11.4230411427	-22.3331660275	-18.0317345179	-22.7952901952	-29.3409142891	-29.4297095057	-23.8669788221	-22.5115072268	-26.9905622876	-28.1809170996	-33.7359083476	-17.652537435	-20.1256752669