Tissue	skinnotsunexposedsuprapubic
N_samples	196
Chr	1
Gene	ENSG00000117399.9
SNP	rs2782649
Gene_list	ENSG00000013810.14	ENSG00000178999.8	ENSG00000166851.10	ENSG00000088325.11	ENSG00000134690.6	ENSG00000131747.10	ENSG00000117399.9	ENSG00000175063.12	ENSG00000142945.8	ENSG00000135451.8	ENSG00000108106.9	ENSG00000157456.3	ENSG00000134057.10	ENSG00000123975.4	ENSG00000164611.8
Gene expression stats (Y^T * Y): 
187.052919224	106.544418077	111.487794038	106.849446036	108.444424363	101.312371192	113.160482743	100.564848876	101.373200944	116.124267381	85.2544323817	124.399362187	109.859936897	93.1352196957	79.0607270134
106.544418077	187.052919224	98.6816828248	97.8266580411	85.400422514	121.401421543	123.167711707	131.43397276	85.8513052718	131.262221703	93.1625770287	114.926830865	113.845984498	107.454092239	111.479066367
111.487794038	98.6816828248	187.052919224	109.800773565	115.081474062	97.8271423185	130.584647541	110.222193274	114.853379278	122.637954765	85.1942226948	130.96391605	122.894933682	87.0880320596	80.5399213946
106.849446036	97.8266580411	109.800773565	187.052919224	110.641612389	98.9910608038	118.743545602	104.878588617	110.083393341	109.067713114	82.9296325056	132.300237871	114.944836231	80.2534310102	90.0804107799
108.444424363	85.400422514	115.081474062	110.641612389	187.052919224	80.8809692288	112.989153832	88.36523874	117.434672587	113.308893313	77.601747929	126.116335532	99.846171777	71.9041264457	60.4377937518
101.312371192	121.401421543	97.8271423185	98.9910608038	80.8809692288	187.052919224	124.815875819	135.54107562	86.3713899648	127.615392681	100.516177402	119.639278608	131.349273951	111.716706689	108.969589131
113.160482743	123.167711707	130.584647541	118.743545602	112.989153832	124.815875819	187.052919224	140.779869694	113.065426994	140.943530451	122.872600934	136.048406087	149.021052561	120.755685222	119.692349533
100.564848876	131.43397276	110.222193274	104.878588617	88.36523874	135.54107562	140.779869694	187.052919224	86.7083487181	140.923690688	116.806855443	119.611974121	143.942980508	134.055084653	152.785784743
101.373200944	85.8513052718	114.853379278	110.083393341	117.434672587	86.3713899648	113.065426994	86.7083487181	187.052919224	109.754170275	69.2841279327	119.82473382	106.517867527	69.7707628452	63.2439020465
116.124267381	131.262221703	122.637954765	109.067713114	113.308893313	127.615392681	140.943530451	140.923690688	109.754170275	187.052919224	119.210883179	131.136967798	132.924711488	115.728084235	118.274913602
85.2544323817	93.1625770287	85.1942226948	82.9296325056	77.601747929	100.516177402	122.872600934	116.806855443	69.2841279327	119.210883179	187.052919224	100.191587435	116.726245663	111.032053895	103.749054794
124.399362187	114.926830865	130.96391605	132.300237871	126.116335532	119.639278608	136.048406087	119.611974121	119.82473382	131.136967798	100.191587435	187.052919224	135.986730021	104.88409935	94.5937583732
109.859936897	113.845984498	122.894933682	114.944836231	99.846171777	131.349273951	149.021052561	143.942980508	106.517867527	132.924711488	116.726245663	135.986730021	187.052919224	106.962152686	121.847841087
93.1352196957	107.454092239	87.0880320596	80.2534310102	71.9041264457	111.716706689	120.755685222	134.055084653	69.7707628452	115.728084235	111.032053895	104.88409935	106.962152686	187.052919224	124.203718542
79.0607270134	111.479066367	80.5399213946	90.0804107799	60.4377937518	108.969589131	119.692349533	152.785784743	63.2439020465	118.274913602	103.749054794	94.5937583732	121.847841087	124.203718542	187.052919224
Genotype stats (X^T * X): 	86.0
Gene expression - Genotype stats (Y^T * X): 
-6.46310622847	-11.1646194516	-0.682339998929	-16.9774696615	-12.3253829365	-5.3185965506	-28.7855226464	-25.2766571053	-7.11399427051	-19.3438752721	-23.9173114642	-5.63479867493	-18.880073486	-17.1116039362	-26.1313973827