Tissue	skinnotsunexposedsuprapubic
N_samples	196
Chr	19
Gene	ENSG00000142046.10
SNP	rs80079695
Gene_list	ENSG00000139182.9	ENSG00000179593.11	ENSG00000176194.13	ENSG00000101474.7	ENSG00000142046.10	ENSG00000130208.5	ENSG00000185640.5	ENSG00000149485.12	ENSG00000134824.9	ENSG00000069482.6	ENSG00000151365.2	ENSG00000103740.5	ENSG00000119915.4	ENSG00000095321.12	ENSG00000185499.12	ENSG00000162877.8
Gene expression stats (Y^T * Y): 
187.052919224	108.924298692	117.988712562	118.116947183	115.387333216	81.7674140328	86.7211177147	149.722804019	87.6788985277	103.415371254	127.484363833	100.183367716	119.82445395	113.394762257	97.7235288021	111.542909137
108.924298692	187.052919224	134.484997333	140.155907331	145.636198968	140.585805861	151.180266952	123.450477115	154.277477783	152.653078267	147.47032756	144.320379601	150.542545371	125.739665913	105.499310366	153.422713667
117.988712562	134.484997333	187.052919224	142.532273604	131.445564095	123.234232837	134.399132232	127.395557982	126.797000651	137.580907639	145.656046094	128.928484255	142.132426595	125.934117818	90.4524307857	143.257512165
118.116947183	140.155907331	142.532273604	187.052919224	138.632400959	129.445840869	131.185759022	139.751864906	133.439836581	134.633940684	158.012869152	139.469658434	140.635892058	125.072274785	91.4683769008	142.430126011
115.387333216	145.636198968	131.445564095	138.632400959	187.052919224	126.840737728	131.592859386	129.22876122	132.102319038	148.05521764	141.200800968	132.393142339	151.357302415	126.84422974	112.556734927	141.278996271
81.7674140328	140.585805861	123.234232837	129.445840869	126.840737728	187.052919224	159.91450913	90.9030071996	155.892330185	133.905563804	126.114648629	132.292496489	127.55729634	97.9622519758	67.8735930364	131.210064148
86.7211177147	151.180266952	134.399132232	131.185759022	131.592859386	159.91450913	187.052919224	91.3108257543	170.443337586	144.384028657	134.888535205	145.302903169	139.250001946	99.1754838391	74.6814919906	146.230454993
149.722804019	123.450477115	127.395557982	139.751864906	129.22876122	90.9030071996	91.3108257543	187.052919224	95.3277609652	121.379300192	147.591701914	110.343716619	136.882373507	133.896422212	108.463948461	134.036430703
87.6788985277	154.277477783	126.797000651	133.439836581	132.102319038	155.892330185	170.443337586	95.3277609652	187.052919224	140.806293859	140.211559086	138.12216989	133.953165818	98.6286764831	80.9608309105	148.656792204
103.415371254	152.653078267	137.580907639	134.633940684	148.05521764	133.905563804	144.384028657	121.379300192	140.806293859	187.052919224	149.795288226	131.395235504	170.358951745	147.682010891	115.589826875	161.802278965
127.484363833	147.47032756	145.656046094	158.012869152	141.200800968	126.114648629	134.888535205	147.591701914	140.211559086	149.795288226	187.052919224	128.369902803	150.073234226	130.303251891	108.647531975	154.428453238
100.183367716	144.320379601	128.928484255	139.469658434	132.393142339	132.292496489	145.302903169	110.343716619	138.12216989	131.395235504	128.369902803	187.052919224	133.935747489	106.095811825	66.1635097729	142.968608684
119.82445395	150.542545371	142.132426595	140.635892058	151.357302415	127.55729634	139.250001946	136.882373507	133.953165818	170.358951745	150.073234226	133.935747489	187.052919224	149.322111071	110.643732672	160.967870879
113.394762257	125.739665913	125.934117818	125.072274785	126.84422974	97.9622519758	99.1754838391	133.896422212	98.6286764831	147.682010891	130.303251891	106.095811825	149.322111071	187.052919224	118.408538663	130.568829338
97.7235288021	105.499310366	90.4524307857	91.4683769008	112.556734927	67.8735930364	74.6814919906	108.463948461	80.9608309105	115.589826875	108.647531975	66.1635097729	110.643732672	118.408538663	187.052919224	106.292820419
111.542909137	153.422713667	143.257512165	142.430126011	141.278996271	131.210064148	146.230454993	134.036430703	148.656792204	161.802278965	154.428453238	142.968608684	160.967870879	130.568829338	106.292820419	187.052919224
Genotype stats (X^T * X): 	27.4081632653
Gene expression - Genotype stats (Y^T * X): 
-12.0610380582	-14.858488663	-13.9388439575	-9.73322794821	-15.9465206496	-13.3024317662	-15.3753415058	-11.2310203211	-10.9254016973	-11.5267114297	-10.6884708999	-14.7407184239	-12.0600766947	-12.0256573175	-6.0331504349	-10.8126270819