Tissue	skinnotsunexposedsuprapubic
N_samples	196
Chr	1
Gene	ENSG00000137959.11
SNP	rs273246
Gene_list	ENSG00000134326.7	ENSG00000137959.11	ENSG00000137965.6	ENSG00000119917.9	ENSG00000185745.8	ENSG00000111335.8
Gene expression stats (Y^T * Y): 
187.052919224	113.826618726	87.9449621038	118.6595995	123.238887384	110.54085002
113.826618726	187.052919224	128.184125041	117.634032818	113.081706137	124.436937768
87.9449621038	128.184125041	187.052919224	100.794807066	95.8804302883	102.167794971
118.6595995	117.634032818	100.794807066	187.052919224	140.655368942	117.255091026
123.238887384	113.081706137	95.8804302883	140.655368942	187.052919224	106.873651588
110.54085002	124.436937768	102.167794971	117.255091026	106.873651588	187.052919224
Genotype stats (X^T * X): 	22.560310102
Gene expression - Genotype stats (Y^T * X): 
-10.6461703213	-17.3082511213	-12.1845239361	-16.4120146502	-11.1962057078	-16.2197917733