Tissue	muscleskeletal
N_samples	358
Chr	20
Gene	ENSG00000171858.13
SNP	rs12151878
Gene_list	ENSG00000144713.8	ENSG00000124614.9	ENSG00000108298.5	ENSG00000105193.4	ENSG00000131469.8	ENSG00000142534.2	ENSG00000162244.6	ENSG00000229117.4	ENSG00000171858.13	ENSG00000172809.8	ENSG00000136942.10	ENSG00000197756.5
Gene expression stats (Y^T * Y): 
347.94485817	260.725154855	298.837301091	264.563602847	297.280260501	278.173408554	286.531509632	288.851364246	307.179645417	299.272880655	290.853468144	293.283372865
260.725154855	347.94485817	259.962927568	251.56718965	304.722898776	253.670946617	272.579753671	272.825041054	288.101532235	255.860675499	270.514688496	259.295584136
298.837301091	259.962927568	347.94485817	275.259596901	276.08027004	293.094746835	294.591668779	302.069417661	285.244261895	286.186654705	301.173474594	292.666606883
264.563602847	251.56718965	275.259596901	347.94485817	253.451512889	266.00453283	263.21184522	266.689788042	283.072900048	274.646374257	266.209350165	276.298401547
297.280260501	304.722898776	276.08027004	253.451512889	347.94485817	269.98462676	280.436383802	287.296789106	305.011135689	283.072124249	289.598947279	275.680523509
278.173408554	253.670946617	293.094746835	266.00453283	269.98462676	347.94485817	285.752803246	292.021458942	281.027503946	275.143983349	280.39506213	300.789789135
286.531509632	272.579753671	294.591668779	263.21184522	280.436383802	285.752803246	347.94485817	283.290673342	286.654246963	285.350905711	289.320943644	294.312238546
288.851364246	272.825041054	302.069417661	266.689788042	287.296789106	292.021458942	283.290673342	347.94485817	285.469770675	287.747844747	285.564741497	295.306895092
307.179645417	288.101532235	285.244261895	283.072900048	305.011135689	281.027503946	286.654246963	285.469770675	347.94485817	299.27083099	292.964504932	296.745513369
299.272880655	255.860675499	286.186654705	274.646374257	283.072124249	275.143983349	285.350905711	287.747844747	299.27083099	347.94485817	280.296299609	311.482952306
290.853468144	270.514688496	301.173474594	266.209350165	289.598947279	280.39506213	289.320943644	285.564741497	292.964504932	280.296299609	347.94485817	282.604865601
293.283372865	259.295584136	292.666606883	276.298401547	275.680523509	300.789789135	294.312238546	295.306895092	296.745513369	311.482952306	282.604865601	347.94485817
Genotype stats (X^T * X): 	156.458100559
Gene expression - Genotype stats (Y^T * X): 
27.5600853317	34.6479696052	21.3418983822	37.8787708746	39.7758739256	26.2185470078	32.7294661157	31.2836468983	36.128481094	26.083850345	28.5323887316	35.2947907505