Tissue	muscleskeletal
N_samples	358
Chr	19
Gene	ENSG00000083845.4
SNP	rs56069262
Gene_list	ENSG00000105640.8	ENSG00000124614.9	ENSG00000108298.5	ENSG00000063177.8	ENSG00000142541.12	ENSG00000162244.6	ENSG00000170889.9	ENSG00000108107.8	ENSG00000229117.4	ENSG00000083845.4	ENSG00000136942.10	ENSG00000112306.7	ENSG00000148303.12	ENSG00000161016.11
Gene expression stats (Y^T * Y): 
347.94485817	271.260566029	282.376967028	284.6559096	300.895093044	278.804621583	278.901970338	296.988148975	269.486151661	304.292375695	283.278304306	274.388245816	283.19021002	286.524103191
271.260566029	347.94485817	259.962927568	268.868447728	250.119833539	272.579753671	242.00368799	244.17492829	272.825041054	287.762391576	270.514688496	275.540945318	269.168873652	243.584870688
282.376967028	259.962927568	347.94485817	258.324548897	293.16798207	294.591668779	265.77236334	247.33593649	302.069417661	285.187121197	301.173474594	279.24494781	287.056499167	261.634603562
284.6559096	268.868447728	258.324548897	347.94485817	275.873481568	253.447344332	268.913594564	289.413677664	255.272918245	286.884309316	251.218778311	263.179028266	282.452152583	260.213626233
300.895093044	250.119833539	293.16798207	275.873481568	347.94485817	277.763316753	275.531843601	281.935266465	291.332558617	288.496132979	259.334442447	268.996365804	285.733927245	285.86006232
278.804621583	272.579753671	294.591668779	253.447344332	277.763316753	347.94485817	250.673841046	246.820379415	283.290673342	286.136905243	289.320943644	256.892472753	277.146108756	266.804736057
278.901970338	242.00368799	265.77236334	268.913594564	275.531843601	250.673841046	347.94485817	263.97953824	261.865996134	279.606666011	270.872781217	250.240773267	239.860778302	252.928269859
296.988148975	244.17492829	247.33593649	289.413677664	281.935266465	246.820379415	263.97953824	347.94485817	248.05167555	280.181906981	248.999608489	268.485779853	278.610776627	280.832488226
269.486151661	272.825041054	302.069417661	255.272918245	291.332558617	283.290673342	261.865996134	248.05167555	347.94485817	283.864937399	285.564741497	290.571986928	274.730181227	259.149304197
304.292375695	287.762391576	285.187121197	286.884309316	288.496132979	286.136905243	279.606666011	280.181906981	283.864937399	347.94485817	282.619131237	296.062404637	289.189412426	279.38800344
283.278304306	270.514688496	301.173474594	251.218778311	259.334442447	289.320943644	270.872781217	248.999608489	285.564741497	282.619131237	347.94485817	274.938510809	267.821560688	261.508171564
274.388245816	275.540945318	279.24494781	263.179028266	268.996365804	256.892472753	250.240773267	268.485779853	290.571986928	296.062404637	274.938510809	347.94485817	292.93704409	262.675618392
283.19021002	269.168873652	287.056499167	282.452152583	285.733927245	277.146108756	239.860778302	278.610776627	274.730181227	289.189412426	267.821560688	292.93704409	347.94485817	285.20476152
286.524103191	243.584870688	261.634603562	260.213626233	285.86006232	266.804736057	252.928269859	280.832488226	259.149304197	279.38800344	261.508171564	262.675618392	285.20476152	347.94485817
Genotype stats (X^T * X): 	42.8482308408
Gene expression - Genotype stats (Y^T * X): 
16.2193739594	18.9865578565	18.924044769	17.6765510099	18.2618459685	17.464349321	15.3307343185	15.3492786887	16.5372510101	22.0012954477	19.1672268471	15.3060798595	12.3760923483	15.872332624