Tissue	muscleskeletal
N_samples	358
Chr	9
Gene	ENSG00000148303.12
SNP	rs2519093
Gene_list	ENSG00000105640.8	ENSG00000137154.8	ENSG00000108298.5	ENSG00000063177.8	ENSG00000142541.12	ENSG00000108107.8	ENSG00000083845.4	ENSG00000112306.7	ENSG00000148303.12	ENSG00000161016.11
Gene expression stats (Y^T * Y): 
347.94485817	241.253417361	282.376967028	284.6559096	300.895093044	296.988148975	304.292375695	274.388245816	283.19021002	286.524103191
241.253417361	347.94485817	268.073711803	245.920024628	233.877810524	233.786842825	263.10000198	289.749740324	281.935483653	241.79460236
282.376967028	268.073711803	347.94485817	258.324548897	293.16798207	247.33593649	285.187121197	279.24494781	287.056499167	261.634603562
284.6559096	245.920024628	258.324548897	347.94485817	275.873481568	289.413677664	286.884309316	263.179028266	282.452152583	260.213626233
300.895093044	233.877810524	293.16798207	275.873481568	347.94485817	281.935266465	288.496132979	268.996365804	285.733927245	285.86006232
296.988148975	233.786842825	247.33593649	289.413677664	281.935266465	347.94485817	280.181906981	268.485779853	278.610776627	280.832488226
304.292375695	263.10000198	285.187121197	286.884309316	288.496132979	280.181906981	347.94485817	296.062404637	289.189412426	279.38800344
274.388245816	289.749740324	279.24494781	263.179028266	268.996365804	268.485779853	296.062404637	347.94485817	292.93704409	262.675618392
283.19021002	281.935483653	287.056499167	282.452152583	285.733927245	278.610776627	289.189412426	292.93704409	347.94485817	285.20476152
286.524103191	241.79460236	261.634603562	260.213626233	285.86006232	280.832488226	279.38800344	262.675618392	285.20476152	347.94485817
Genotype stats (X^T * X): 	102.465201866
Gene expression - Genotype stats (Y^T * X): 
-24.0305364455	-29.6017125808	-25.2200919344	-23.0048424224	-23.2512313172	-28.7095102397	-28.8828961934	-22.921303616	-39.5118145981	-29.6445806469