Tissue	muscleskeletal
N_samples	358
Chr	8
Gene	ENSG00000161016.11
SNP	rs2958516
Gene_list	ENSG00000105640.8	ENSG00000105372.2	ENSG00000142541.12	ENSG00000108107.8	ENSG00000083845.4	ENSG00000148303.12	ENSG00000161016.11
Gene expression stats (Y^T * Y): 
347.94485817	285.791564307	300.895093044	296.988148975	304.292375695	283.19021002	286.524103191
285.791564307	347.94485817	295.065111134	273.722180263	277.733154104	275.33056589	282.856338948
300.895093044	295.065111134	347.94485817	281.935266465	288.496132979	285.733927245	285.86006232
296.988148975	273.722180263	281.935266465	347.94485817	280.181906981	278.610776627	280.832488226
304.292375695	277.733154104	288.496132979	280.181906981	347.94485817	289.189412426	279.38800344
283.19021002	275.33056589	285.733927245	278.610776627	289.189412426	347.94485817	285.20476152
286.524103191	282.856338948	285.86006232	280.832488226	279.38800344	285.20476152	347.94485817
Genotype stats (X^T * X): 	180.770448592
Gene expression - Genotype stats (Y^T * X): 
-27.3627772159	-19.9975805732	-18.8616328683	-22.0690165182	-22.2423562976	-18.8616415198	-73.3300934427