Tissue	muscleskeletal
N_samples	358
Chr	17
Gene	ENSG00000161970.8
SNP	rs6503097
Gene_list	ENSG00000161970.8	ENSG00000144713.8	ENSG00000137154.8	ENSG00000142937.7	ENSG00000147604.9	ENSG00000138326.14	ENSG00000114391.8	ENSG00000071082.6	ENSG00000109475.12	ENSG00000145425.5
Gene expression stats (Y^T * Y): 
347.94485817	294.383832355	280.46041628	282.402476997	292.846114387	303.325263869	278.787969485	295.555574326	304.286045384	278.543299278
294.383832355	347.94485817	249.456828721	264.528760296	271.840152025	280.627682882	272.195793034	311.031455925	281.039823017	245.921869391
280.46041628	249.456828721	347.94485817	286.452364656	272.741900854	272.283350543	284.595485546	258.708341458	286.444641224	268.014205423
282.402476997	264.528760296	286.452364656	347.94485817	270.418942658	272.26592394	265.870177501	286.901653157	279.842487795	257.885504135
292.846114387	271.840152025	272.741900854	270.418942658	347.94485817	297.294491873	274.730256309	274.062176461	276.535180953	278.17820742
303.325263869	280.627682882	272.283350543	272.26592394	297.294491873	347.94485817	279.668696331	287.425002118	297.387805738	275.253721228
278.787969485	272.195793034	284.595485546	265.870177501	274.730256309	279.668696331	347.94485817	270.405065362	307.460037459	286.469540524
295.555574326	311.031455925	258.708341458	286.901653157	274.062176461	287.425002118	270.405065362	347.94485817	286.600201366	246.871169928
304.286045384	281.039823017	286.444641224	279.842487795	276.535180953	297.387805738	307.460037459	286.600201366	347.94485817	293.179881741
278.543299278	245.921869391	268.014205423	257.885504135	278.17820742	275.253721228	286.469540524	246.871169928	293.179881741	347.94485817
Genotype stats (X^T * X): 	121.930392461
Gene expression - Genotype stats (Y^T * X): 
36.4248425646	15.8116692534	24.9127870044	25.6000180163	31.3562957741	25.7694009504	27.8526400882	14.1744537206	30.720263298	25.9575429537