Tissue	muscleskeletal
N_samples	358
Chr	11
Gene	ENSG00000130595.12
SNP	rs598960
Gene_list	ENSG00000130598.11	ENSG00000130595.12	ENSG00000180209.7	ENSG00000101470.5	ENSG00000086967.9	ENSG00000140416.15
Gene expression stats (Y^T * Y): 
347.94485817	331.201619629	299.216700117	283.77710946	276.491804993	307.449533593
331.201619629	347.94485817	301.181557768	288.855929938	283.073272092	308.094528797
299.216700117	301.181557768	347.94485817	277.998122454	252.337911845	306.916425994
283.77710946	288.855929938	277.998122454	347.94485817	239.880580681	261.061452515
276.491804993	283.073272092	252.337911845	239.880580681	347.94485817	275.884182172
307.449533593	308.094528797	306.916425994	261.061452515	275.884182172	347.94485817
Genotype stats (X^T * X): 	67.0826690056
Gene expression - Genotype stats (Y^T * X): 
-38.2519227093	-45.654812829	-35.7205111867	-34.3483602277	-31.0230181747	-30.2892115352