Tissue	muscleskeletal
N_samples	358
Chr	11
Gene	ENSG00000149806.6
SNP	rs183596457
Gene_list	ENSG00000115268.5	ENSG00000105640.8	ENSG00000105372.2	ENSG00000142541.12	ENSG00000149806.6	ENSG00000137818.7
Gene expression stats (Y^T * Y): 
347.94485817	293.604512724	277.821073004	283.452798219	283.686173539	283.299555236
293.604512724	347.94485817	285.791564307	300.895093044	283.902279291	281.66606845
277.821073004	285.791564307	347.94485817	295.065111134	287.573111031	266.755583662
283.452798219	300.895093044	295.065111134	347.94485817	290.482573599	282.165255048
283.686173539	283.902279291	287.573111031	290.482573599	347.94485817	283.83152128
283.299555236	281.66606845	266.755583662	282.165255048	283.83152128	347.94485817
Genotype stats (X^T * X): 	31.4054900782
Gene expression - Genotype stats (Y^T * X): 
-12.4893423336	-13.2518807042	-15.4768213708	-16.0792624798	-17.1082667796	-16.1665505281