Tissue	muscleskeletal
N_samples	358
Chr	10
Gene	ENSG00000138326.14
SNP	rs9663187
Gene_list	ENSG00000161970.8	ENSG00000144713.8	ENSG00000147604.9	ENSG00000138326.14	ENSG00000114391.8	ENSG00000071082.6	ENSG00000109475.12
Gene expression stats (Y^T * Y): 
347.94485817	294.383832355	292.846114387	303.325263869	278.787969485	295.555574326	304.286045384
294.383832355	347.94485817	271.840152025	280.627682882	272.195793034	311.031455925	281.039823017
292.846114387	271.840152025	347.94485817	297.294491873	274.730256309	274.062176461	276.535180953
303.325263869	280.627682882	297.294491873	347.94485817	279.668696331	287.425002118	297.387805738
278.787969485	272.195793034	274.730256309	279.668696331	347.94485817	270.405065362	307.460037459
295.555574326	311.031455925	274.062176461	287.425002118	270.405065362	347.94485817	286.600201366
304.286045384	281.039823017	276.535180953	297.387805738	307.460037459	286.600201366	347.94485817
Genotype stats (X^T * X): 	41.530726257
Gene expression - Genotype stats (Y^T * X): 
-11.7244679867	-11.738490977	-16.1604761298	-26.6134842162	-12.1232282163	-6.35959656795	-12.9992150781