Tissue	muscleskeletal
N_samples	358
Chr	9
Gene	ENSG00000137154.8
SNP	rs10117525
Gene_list	ENSG00000161970.8	ENSG00000137154.8	ENSG00000142676.8	ENSG00000142937.7	ENSG00000265681.2	ENSG00000114391.8	ENSG00000109475.12	ENSG00000112306.7	ENSG00000148303.12	ENSG00000182899.10
Gene expression stats (Y^T * Y): 
347.94485817	280.46041628	246.913479669	282.402476997	250.057829548	278.787969485	304.286045384	249.861381562	234.040983613	263.190914466
280.46041628	347.94485817	285.883838368	286.452364656	294.121507862	284.595485546	286.444641224	289.749740324	281.935483653	283.918357127
246.913479669	285.883838368	347.94485817	256.948735076	262.743801594	255.578090543	255.953064508	272.221604857	250.858644596	286.153551716
282.402476997	286.452364656	256.948735076	347.94485817	255.958058966	265.870177501	279.842487795	271.41283992	260.696971678	253.474512352
250.057829548	294.121507862	262.743801594	255.958058966	347.94485817	259.238766602	246.89650033	279.750425298	275.908800686	259.187214772
278.787969485	284.595485546	255.578090543	265.870177501	259.238766602	347.94485817	307.460037459	283.344424779	264.893527297	299.289370868
304.286045384	286.444641224	255.953064508	279.842487795	246.89650033	307.460037459	347.94485817	270.532536158	235.232094126	302.130541856
249.861381562	289.749740324	272.221604857	271.41283992	279.750425298	283.344424779	270.532536158	347.94485817	292.93704409	277.491323395
234.040983613	281.935483653	250.858644596	260.696971678	275.908800686	264.893527297	235.232094126	292.93704409	347.94485817	246.509046174
263.190914466	283.918357127	286.153551716	253.474512352	259.187214772	299.289370868	302.130541856	277.491323395	246.509046174	347.94485817
Genotype stats (X^T * X): 	68.438547486
Gene expression - Genotype stats (Y^T * X): 
-11.6411265341	-30.0508571805	-10.4545101271	-12.0730534536	-9.8935695185	-9.44238605103	-8.6388330598	-10.1152030013	-9.84702467755	-3.59455054332