Tissue	muscleskeletal
N_samples	358
Chr	21
Gene	ENSG00000183486.8
SNP	rs468259
Gene_list	ENSG00000134321.7	ENSG00000183486.8	ENSG00000157601.9	ENSG00000137959.11	ENSG00000119917.9	ENSG00000089127.8	ENSG00000111331.8	ENSG00000111335.8
Gene expression stats (Y^T * Y): 
347.94485817	209.250691229	200.923098639	207.841685592	226.950883757	215.311847978	238.874485849	238.549954524
209.250691229	347.94485817	223.505015675	239.774691177	220.570744801	236.804488486	244.349523895	228.627953376
200.923098639	223.505015675	347.94485817	275.454841567	250.741181576	218.728958978	229.759865354	215.668154197
207.841685592	239.774691177	275.454841567	347.94485817	259.749769358	242.106769198	258.200389852	235.066278577
226.950883757	220.570744801	250.741181576	259.749769358	347.94485817	230.495109367	245.622569307	249.404249917
215.311847978	236.804488486	218.728958978	242.106769198	230.495109367	347.94485817	273.290596926	246.411141196
238.874485849	244.349523895	229.759865354	258.200389852	245.622569307	273.290596926	347.94485817	284.010448099
238.549954524	228.627953376	215.668154197	235.066278577	249.404249917	246.411141196	284.010448099	347.94485817
Genotype stats (X^T * X): 	174.46154524
Gene expression - Genotype stats (Y^T * X): 
23.7250914151	54.1601890777	54.5541433051	23.8232742117	33.8563830249	37.26047201	35.7079959643	21.8480817486