Tissue	muscleskeletal
N_samples	358
Chr	2
Gene	ENSG00000171863.8
SNP	rs62106034
Gene_list	ENSG00000115268.5	ENSG00000171863.8	ENSG00000130255.8	ENSG00000161970.8	ENSG00000166441.8	ENSG00000144713.8	ENSG00000110700.2	ENSG00000105640.8	ENSG00000134419.11	ENSG00000137154.8	ENSG00000142676.8	ENSG00000198242.9	ENSG00000122026.6	ENSG00000231500.2	ENSG00000124614.9	ENSG00000198755.6	ENSG00000125691.8	ENSG00000108298.5	ENSG00000168028.9	ENSG00000105193.4	ENSG00000188846.9	ENSG00000145592.9	ENSG00000131469.8	ENSG00000105372.2	ENSG00000142937.7	ENSG00000265681.2	ENSG00000063177.8	ENSG00000142541.12	ENSG00000142534.2	ENSG00000213741.4	ENSG00000162244.6	ENSG00000123349.9	ENSG00000143947.8	ENSG00000108107.8	ENSG00000229117.4	ENSG00000008988.5	ENSG00000083845.4	ENSG00000171858.13	ENSG00000137818.7	ENSG00000172809.8	ENSG00000149273.10	ENSG00000186468.8	ENSG00000122406.8	ENSG00000156482.6	ENSG00000114391.8	ENSG00000109475.12	ENSG00000089009.11	ENSG00000118181.6	ENSG00000136942.10	ENSG00000112306.7	ENSG00000148303.12	ENSG00000161016.11	ENSG00000145425.5	ENSG00000177954.7	ENSG00000182899.10	ENSG00000114942.9	ENSG00000197756.5
Gene expression stats (Y^T * Y): 
347.94485817	216.971877545	277.249540748	167.491740918	227.922221568	237.873590083	190.394454271	293.604512724	213.169915234	190.353289622	171.607928154	221.730630372	228.3697307	189.205282786	261.733258453	198.772084132	218.880047309	256.865947795	187.196237135	260.61823165	208.260616382	255.808410342	251.02636749	277.821073004	190.624429179	187.224693854	268.06220072	283.452798219	255.934016139	203.366772613	278.726321366	163.231466969	203.170467686	274.386890048	246.918453665	197.058253875	263.860447415	277.35817242	283.299555236	279.260156789	231.388600285	223.098084129	112.061910783	205.971141821	204.670144993	193.386899816	150.70881834	168.555289486	271.451733955	226.653368978	242.877853505	267.336001033	169.913665424	174.976304472	184.224842449	148.271727355	278.475691328
216.971877545	347.94485817	234.049480277	227.41304566	284.034937293	217.123948083	237.386237672	232.363799038	266.578325547	268.434166103	251.388170507	229.705922923	217.663286639	226.84168907	260.202106238	220.670262958	246.005273076	236.879162971	230.027352254	209.995055849	232.818427671	234.24409296	273.055374216	244.184261459	219.775549463	281.970566739	229.688250753	220.031851476	227.04734419	223.684337804	231.217737156	231.51056678	246.015639065	220.516111736	242.678621907	234.441243347	256.11092863	220.659117249	210.556684271	217.100881813	256.574762407	215.886822308	227.528885059	226.59958505	258.569614608	253.456092429	218.616917939	221.826093649	245.307015143	268.900924323	263.713693007	233.072937182	258.370425639	214.309688708	268.137252255	215.906048422	220.605253121
277.249540748	234.049480277	347.94485817	218.152127282	229.329014457	261.2257079	194.294934021	251.017376997	206.483459914	228.399007597	208.303988851	245.566302217	236.214248425	229.802136859	242.554692267	226.356828769	263.903200086	253.001026894	138.15389719	253.386032036	211.910494973	291.493271635	261.920786811	277.454082123	241.459089573	204.643914662	222.479961814	256.142570924	254.85698051	201.869798957	259.307063481	181.029129326	223.263293423	236.969557578	260.224505093	165.593281878	248.640085828	272.174430958	261.375564276	291.771855477	209.05606305	214.223085854	141.602513814	199.940825689	229.952438361	238.218115921	113.551258334	179.851909959	278.429928217	241.594523937	237.879652372	264.946207248	200.918545191	154.14323317	239.596619747	144.868692365	278.011666908
167.491740918	227.41304566	218.152127282	347.94485817	241.326626601	294.383832355	251.381514406	178.001262586	208.6502218	280.46041628	246.913479669	249.991418202	144.749020726	262.587016688	242.039114379	253.562141903	272.881252606	255.64151324	135.56292603	205.541483749	221.893994384	233.906719442	276.168645158	190.800467607	282.402476997	250.057829548	193.400338421	179.58632094	216.74778828	184.645583708	227.372919352	219.048398128	244.911471264	168.345949073	252.403015066	176.32884406	208.446226299	246.724455281	180.411956241	235.969952794	206.188518395	240.494259096	208.190768208	242.412400567	278.787969485	304.286045384	214.134958682	253.687778016	264.160062147	249.861381562	234.040983613	185.796187485	278.543299278	267.302604887	263.190914466	137.487387414	226.281149221
227.922221568	284.034937293	229.329014457	241.326626601	347.94485817	235.283563761	272.623976808	246.405274667	272.022805919	267.087146123	257.432392559	258.010232181	180.499575153	241.764132755	267.774680938	247.268930473	258.125678181	264.807984464	238.309818081	217.741889915	243.428971854	230.915104569	279.986726	229.173542422	248.332966421	255.216929486	247.624407811	233.216893558	246.641470816	258.127336215	251.084910546	254.827192495	254.459607267	240.0144708	262.488512008	272.321006648	272.343063406	235.070674601	233.394853145	221.885957203	236.1630639	232.786884271	220.532984528	263.867354739	269.269795588	277.875862933	224.975156739	267.376433477	277.051580018	292.317732553	262.706826713	231.017200389	264.853150252	258.317818079	274.206227757	213.428613059	237.505152134
237.873590083	217.123948083	261.2257079	294.383832355	235.283563761	347.94485817	266.785186417	227.850710637	240.945426803	249.456828721	209.187877785	268.687188908	198.589069446	276.818273027	260.725154855	264.331010788	290.898353371	298.837301091	141.935033046	264.563602847	254.264802022	285.391743802	297.280260501	234.704036348	264.528760296	201.283250859	217.363868591	252.42139412	278.173408554	223.049026985	286.531509632	214.358508876	222.700379247	203.360126555	288.851364246	189.069996495	241.041354255	307.179645417	235.206480306	299.272880655	216.888227573	272.853557036	174.14962829	277.934678093	272.195793034	281.039823017	178.490576927	243.207457544	290.853468144	252.962996924	256.487500045	236.231510211	245.921869391	246.646892535	241.688982177	155.5311625	293.283372865
190.394454271	237.386237672	194.294934021	251.381514406	272.623976808	266.785186417	347.94485817	225.088864668	286.028693973	242.27375967	217.838023285	267.375523466	153.291179711	258.825927692	264.643172019	267.446763567	267.458260351	257.273141066	190.975766191	219.570661965	253.684878996	216.831358694	288.267288982	176.724159989	231.586661822	216.039095064	211.349032298	214.922333044	258.135672365	264.037472772	257.996260855	255.578326122	247.046089053	196.712427034	276.293636334	263.581312118	252.608048968	263.003720369	192.485735868	227.667440748	201.406475007	261.020654902	212.639810515	306.219259202	283.000810504	281.377083489	247.418673511	293.929157955	257.294997297	273.116056636	238.730064732	200.537957194	279.321225703	296.861606557	259.661903185	207.398134718	240.189381092
293.604512724	232.363799038	251.017376997	178.001262586	246.405274667	227.850710637	225.088864668	347.94485817	229.249678769	241.253417361	217.250498691	247.616978756	225.275254759	210.580479639	271.260566029	244.081011211	227.222016542	282.376967028	235.397127702	269.450048322	231.509836248	249.108772502	249.451152857	285.791564307	227.688028268	233.923395698	284.6559096	300.895093044	277.201617748	218.068054277	278.804621583	171.74138535	242.909562093	296.988148975	269.486151661	225.316059375	304.292375695	262.738909732	281.66606845	257.170779607	234.164497202	240.880308482	162.38795911	227.55567143	233.463216289	203.330488857	192.491406323	196.681238541	283.278304306	274.388245816	283.19021002	286.524103191	194.288783278	209.784977274	204.746174277	212.072053247	269.545731781
213.169915234	266.578325547	206.483459914	208.6502218	272.022805919	240.945426803	286.028693973	229.249678769	347.94485817	236.135836286	212.119738758	259.094594481	201.21108895	218.933309558	253.622409078	253.681542406	258.605355118	239.761292812	197.988554671	216.948101356	245.361590657	227.18462685	281.369646579	203.192893144	201.881537756	228.461091001	233.643571056	232.485490205	265.286831401	255.165981445	253.809568552	242.975992162	238.451061772	219.235353529	262.277084595	266.798557919	245.804293898	243.530419676	208.771641991	231.109839922	243.339040459	251.820278606	202.915930275	282.091281564	271.715689824	252.709205115	219.166644812	254.9419367	240.440228289	271.811757612	254.690610944	215.699583081	264.588062615	244.124607681	265.862436144	226.111008892	247.53370999
190.353289622	268.434166103	228.399007597	280.46041628	267.087146123	249.456828721	242.27375967	241.253417361	236.135836286	347.94485817	285.883838368	258.350553043	184.984493988	247.322053068	249.622837297	275.429009906	267.033190122	268.073711803	210.035396094	218.736481566	243.231287698	240.568557008	256.853990448	239.436923518	286.452364656	294.121507862	245.920024628	233.877810524	243.538701969	184.263245252	234.711559869	220.367180248	267.19990223	233.786842825	266.47003008	226.219743151	263.10000198	225.135812246	220.607335986	224.275924277	238.392835125	247.992258686	230.966511624	231.464206866	284.595485546	286.444641224	229.172229609	254.944937309	271.531138929	289.749740324	281.935483653	241.79460236	268.014205423	252.129881693	283.918357127	196.825704604	232.683435396
171.607928154	251.388170507	208.303988851	246.913479669	257.432392559	209.187877785	217.838023285	217.250498691	212.119738758	285.883838368	347.94485817	242.895068771	139.58048713	231.628353093	223.645560167	244.983703481	261.44633658	241.721825033	194.629102654	190.711616328	209.383221926	213.863098811	220.646819301	197.437805881	256.948735076	262.743801594	233.05010429	203.363184337	240.466333128	190.49150503	201.747411032	206.98998238	236.553875831	224.817517728	242.724401951	230.703588806	243.681127794	186.127733627	185.19727709	185.811241209	202.847585451	212.945858953	221.901160062	216.274072505	255.578090543	255.953064508	220.239478229	229.87943743	244.337808906	272.221604857	250.858644596	213.398696858	236.214273248	241.317682384	286.153551716	150.458263636	210.02517662
221.730630372	229.705922923	245.566302217	249.991418202	258.010232181	268.687188908	267.375523466	247.616978756	259.094594481	258.350553043	242.895068771	347.94485817	210.516339804	250.406086151	241.921942075	256.378150827	291.354194704	281.04373342	161.833371903	233.769083685	252.54630862	265.002352296	273.310002019	225.610143521	241.638114435	230.333898724	234.800207672	261.270610883	282.382872194	221.528521941	270.510673043	229.439891561	281.306425296	227.376568908	287.808398209	236.379604159	251.396376405	249.805208027	253.780567956	259.402237117	216.844360645	271.84477191	195.631968222	286.552800067	275.010756128	262.998113036	207.451249103	256.030364305	258.974517266	282.997005492	270.673728906	241.101388966	256.105173654	243.85422757	279.79522752	211.324012086	278.54314147
228.3697307	217.663286639	236.214248425	144.749020726	180.499575153	198.589069446	153.291179711	225.275254759	201.21108895	184.984493988	139.58048713	210.516339804	347.94485817	162.931905332	204.086517588	181.410377343	206.659578662	221.083079822	149.297362557	222.840077302	195.9241863	263.945847912	217.81195219	267.482757674	148.807245007	192.098005959	181.847941084	258.111956143	204.356173154	170.23293422	211.265946451	138.171038303	213.655236488	204.712715069	238.419507207	136.900513108	212.271855096	216.599810303	246.802445216	258.095091744	206.885972238	212.032125452	134.81950071	188.400782009	174.663355658	154.391863489	79.8340073231	128.353714875	188.539372772	210.853085005	231.557657628	225.664638614	145.023743121	99.6306277615	173.058418583	224.124898532	235.398002002
189.205282786	226.84168907	229.802136859	262.587016688	241.764132755	276.818273027	258.825927692	210.580479639	218.933309558	247.322053068	231.628353093	250.406086151	162.931905332	347.94485817	239.509377998	238.049461925	265.279076187	260.521439724	158.162661647	227.42043235	221.428114256	241.620905343	265.632246721	215.526460655	252.522090601	211.930697648	199.982849126	227.771656627	248.392791624	205.79291186	247.717520634	202.643296098	231.733700852	194.389627686	271.741461607	200.377072375	238.816388971	260.337231891	188.765157158	233.296183852	189.874814299	227.092372226	172.204206907	252.185866349	254.349964496	261.66620637	178.272432239	219.968740818	262.523188775	257.79191268	238.792885239	223.745172738	234.837294044	244.669501117	246.721724162	159.275518548	235.598336343
261.733258453	260.202106238	242.554692267	242.039114379	267.774680938	260.725154855	264.643172019	271.260566029	253.622409078	249.622837297	223.645560167	241.921942075	204.086517588	239.509377998	347.94485817	245.129541391	250.30261833	259.962927568	222.585032988	251.56718965	233.157316639	245.033069834	304.722898776	256.82405667	237.316701483	248.014379006	268.868447728	250.119833539	253.670946617	254.000925785	272.579753671	226.005489891	246.197023923	244.17492829	272.825041054	226.853883299	287.762391576	288.101532235	253.580813601	255.860675499	267.82226935	258.427901209	189.15395229	242.202810906	256.022264629	248.593106286	222.709755319	215.84845439	270.514688496	275.540945318	269.168873652	243.584870688	250.637500269	250.258391191	230.092135627	181.242240908	259.295584136
198.772084132	220.670262958	226.356828769	253.562141903	247.268930473	264.331010788	267.446763567	244.081011211	253.681542406	275.429009906	244.983703481	256.378150827	181.410377343	238.049461925	245.129541391	347.94485817	277.741854989	273.591374389	182.038945363	239.259124082	243.562679851	240.900469038	247.958689707	221.056428736	272.471248613	239.397944047	235.023457208	236.483076515	266.598250932	216.652505389	253.807738229	212.42573303	240.932447162	229.94374976	278.251002472	220.458314649	263.1695639	246.493455541	214.395409257	243.089932948	208.098042711	260.102549945	203.872834765	259.288112703	284.742525699	265.076232456	204.302525491	264.540048392	271.899787231	280.375891576	263.506568457	231.661175851	245.174408613	253.936656435	255.995374266	198.983063799	253.276269239
218.880047309	246.005273076	263.903200086	272.881252606	258.125678181	290.898353371	267.458260351	227.222016542	258.605355118	267.033190122	261.44633658	291.354194704	206.659578662	265.279076187	250.30261833	277.741854989	347.94485817	284.844147861	143.958683397	246.257835454	241.851623567	287.401722099	286.179216279	224.416807279	256.335871814	224.894011861	223.66053045	233.875546686	286.12024437	248.254882522	264.394215461	240.986542821	245.045139028	215.165149575	291.671058716	226.443455996	248.640745276	270.406700922	233.689416631	279.964594932	206.965130558	267.628414404	196.453064122	284.767558784	287.263665358	288.752428686	185.816807409	263.139798398	283.244746403	281.80464924	250.020998388	232.564662001	247.830025027	248.165914766	299.31889312	178.809525591	283.836684922
256.865947795	236.879162971	253.001026894	255.64151324	264.807984464	298.837301091	257.273141066	282.376967028	239.761292812	268.073711803	241.721825033	281.04373342	221.083079822	260.521439724	259.962927568	273.591374389	284.844147861	347.94485817	190.779657022	275.259596901	273.567750723	288.485992468	276.08027004	268.064926295	259.463211078	225.67967082	258.324548897	293.16798207	293.094746835	229.158164221	294.591668779	217.591970648	250.174025158	247.33593649	302.069417661	226.127833181	285.187121197	285.244261895	273.56457461	286.186654705	226.171289302	289.657151179	184.847459618	278.988810935	275.641300746	265.083387422	190.683934149	250.842393432	301.173474594	279.24494781	287.056499167	261.634603562	222.755954384	249.632919811	243.512520775	203.112112212	292.666606883
187.196237135	230.027352254	138.15389719	135.56292603	238.309818081	141.935033046	190.975766191	235.397127702	197.988554671	210.035396094	194.629102654	161.833371903	149.297362557	158.162661647	222.585032988	182.038945363	143.958683397	190.779657022	347.94485817	160.063348896	186.435938906	152.226491884	191.276348811	211.230883513	197.207361195	243.185279263	242.959649625	212.499056337	168.038916808	197.823226566	178.91492777	127.275298124	196.981338377	229.52677082	172.01529701	221.408668888	244.364958266	166.041483881	174.598190381	130.373728354	229.043270406	177.920799032	233.863768378	158.063828516	168.395352693	160.925276406	222.074926692	153.1208492	192.177060699	237.668586478	244.015444712	194.689362919	184.785345902	175.764589507	154.134676462	190.04172811	156.434718168
260.61823165	209.995055849	253.386032036	205.541483749	217.741889915	264.563602847	219.570661965	269.450048322	216.948101356	218.736481566	190.711616328	233.769083685	222.840077302	227.42043235	251.56718965	239.259124082	246.257835454	275.259596901	160.063348896	347.94485817	229.826032449	272.724918181	253.451512889	265.832498517	211.52687829	199.49263454	234.344518818	274.979940226	266.00453283	217.404968721	263.21184522	166.190721105	203.584261594	247.268890629	266.689788042	185.770317553	262.757864692	283.072900048	245.493369599	274.646374257	211.907023929	258.552881524	134.669924707	231.638932301	230.188557355	212.386718492	140.919670593	186.156094834	266.209350165	246.698185658	247.91471049	258.508497213	174.783902667	192.895875336	206.881858168	163.716392607	276.298401547
208.260616382	232.818427671	211.910494973	221.893994384	243.428971854	254.264802022	253.684878996	231.509836248	245.361590657	243.231287698	209.383221926	252.54630862	195.9241863	221.428114256	233.157316639	243.562679851	241.851623567	273.567750723	186.435938906	229.826032449	347.94485817	241.459569349	255.286305034	208.580581383	214.676562777	213.780791032	220.869212251	244.143634132	247.951094375	213.335706994	267.933500076	216.191017511	223.889066352	218.175811205	250.984150873	228.817983871	255.264438593	238.327319546	220.06351719	247.038589564	213.73746891	260.412403654	188.347934471	269.185637176	255.363246622	240.496938727	221.696912205	241.351508211	240.775320951	242.420491996	263.039647014	225.415395882	227.779843155	223.922703835	230.494638535	220.435266735	253.740622705
255.808410342	234.24409296	291.493271635	233.906719442	230.915104569	285.391743802	216.831358694	249.108772502	227.18462685	240.568557008	213.863098811	265.002352296	263.945847912	241.620905343	245.033069834	240.900469038	287.401722099	288.485992468	152.226491884	272.724918181	241.459569349	347.94485817	268.159294886	269.243972726	223.894037005	208.908862834	219.08958784	280.723732114	271.365174647	227.910945718	269.408090073	182.807293165	223.145909155	234.310884033	291.471701789	193.135217185	257.93590654	278.326361763	271.326273557	313.119858117	202.613799128	262.821831969	158.033565846	251.908807507	230.764794799	237.205084768	120.813109841	196.380330616	270.473458766	262.572268507	253.534818419	255.406016677	184.864989717	183.323547482	234.46839697	179.508260748	305.354852717
251.02636749	273.055374216	261.920786811	276.168645158	279.986726	297.280260501	288.267288982	249.451152857	281.369646579	256.853990448	220.646819301	273.310002019	217.81195219	265.632246721	304.722898776	247.958689707	286.179216279	276.08027004	191.276348811	253.451512889	255.286305034	268.159294886	347.94485817	245.974727132	249.642336279	241.069200124	245.931104239	247.175365959	269.98462676	265.633963314	280.436383802	251.825647141	262.376531443	221.018289823	287.296789106	231.238297009	264.799449952	305.011135689	256.292127491	283.072124249	256.029516983	271.927970767	194.56343851	277.461878682	278.401789194	290.002679048	208.627201967	245.971619878	289.598947279	274.59608343	265.717766917	237.676733282	280.057430838	257.599370646	267.554849103	196.970728786	275.680523509
277.821073004	244.184261459	277.454082123	190.800467607	229.173542422	234.704036348	176.724159989	285.791564307	203.192893144	239.436923518	197.437805881	225.610143521	267.482757674	215.526460655	256.82405667	221.056428736	224.416807279	268.064926295	211.230883513	265.832498517	208.580581383	269.243972726	245.974727132	347.94485817	229.25692158	251.717530066	261.328480452	295.065111134	245.728240936	185.321026775	250.060360458	154.143613647	248.995074939	273.722180263	263.568846087	184.371985898	277.733154104	258.91312759	266.755583662	262.449188032	247.934453973	227.845714961	140.361580842	185.953359767	223.328897024	200.782120883	132.128137456	149.763766192	268.475630348	262.735125332	275.33056589	282.856338948	179.881069461	168.072601302	199.669039661	183.713245206	265.383354315
190.624429179	219.775549463	241.459089573	282.402476997	248.332966421	264.528760296	231.586661822	227.688028268	201.881537756	286.452364656	256.948735076	241.638114435	148.807245007	252.522090601	237.316701483	272.471248613	256.335871814	259.463211078	197.207361195	211.52687829	214.676562777	223.894037005	249.642336279	229.25692158	347.94485817	255.958058966	241.546436068	220.408640902	232.130768478	182.994079399	231.977056187	183.91200381	247.707653732	211.933840592	250.473214351	191.112020546	246.090213353	235.418657404	207.185914836	216.734277645	208.351600652	223.143769552	212.982591561	202.61119616	265.870177501	279.842487795	198.495997949	226.224959777	283.683776057	271.41283992	260.696971678	233.931295972	257.885504135	223.061766528	253.474512352	150.775856705	222.714188246
187.224693854	281.970566739	204.643914662	250.057829548	255.216929486	201.283250859	216.039095064	233.923395698	228.461091001	294.121507862	262.743801594	230.333898724	192.098005959	211.930697648	248.014379006	239.397944047	224.894011861	225.67967082	243.185279263	199.49263454	213.780791032	208.908862834	241.069200124	251.717530066	255.958058966	347.94485817	249.045050713	218.074760988	202.62052183	168.860639401	198.951998887	189.87498245	284.713373746	242.487564539	231.444013123	218.861435037	247.007284455	199.261628002	193.561755931	184.243165313	260.581751849	221.605819499	231.678644033	192.544130791	259.238766602	246.89650033	231.816808069	204.860949208	234.218643199	279.750425298	275.908800686	228.90152049	263.261828109	221.459664464	259.187214772	200.482986208	199.425895661
268.06220072	229.688250753	222.479961814	193.400338421	247.624407811	217.363868591	211.349032298	284.6559096	233.643571056	245.920024628	233.05010429	234.800207672	181.847941084	199.982849126	268.868447728	235.023457208	223.66053045	258.324548897	242.959649625	234.344518818	220.869212251	219.08958784	245.931104239	261.328480452	241.546436068	249.045050713	347.94485817	275.873481568	257.113369506	204.408353581	253.447344332	182.29832446	237.892184916	289.413677664	255.272918245	246.318644942	286.884309316	234.402897607	259.986762134	216.934551086	269.38090975	239.487564756	192.890593795	202.062749024	239.69178313	213.649067262	224.189480922	194.403941779	251.218778311	263.179028266	282.452152583	260.213626233	208.639647328	218.175382923	226.710449843	150.677518798	251.910487162
283.452798219	220.031851476	256.142570924	179.58632094	233.216893558	252.42139412	214.922333044	300.895093044	232.485490205	233.877810524	203.363184337	261.270610883	258.111956143	227.771656627	250.119833539	236.483076515	233.875546686	293.16798207	212.499056337	274.979940226	244.143634132	280.723732114	247.175365959	295.065111134	220.408640902	218.074760988	275.873481568	347.94485817	281.468362395	204.493097994	277.763316753	171.879605734	242.651139	281.935266465	291.332558617	223.707498572	288.496132979	267.33910486	282.165255048	271.196926611	240.949809808	262.97086349	155.798821376	239.671064191	226.63732885	203.864382034	158.339860766	179.238886468	259.334442447	268.996365804	285.733927245	285.86006232	183.344093569	186.544298799	209.899753488	198.827622629	286.287403408
255.934016139	227.04734419	254.85698051	216.74778828	246.641470816	278.173408554	258.135672365	277.201617748	265.286831401	243.538701969	240.466333128	282.382872194	204.356173154	248.392791624	253.670946617	266.598250932	286.12024437	293.094746835	168.038916808	266.00453283	247.951094375	271.365174647	269.98462676	245.728240936	232.130768478	202.62052183	257.113369506	281.468362395	347.94485817	242.854363433	285.752803246	224.711172297	229.305790871	257.700390926	292.021458942	240.893190262	276.610718407	281.027503946	250.593422745	275.143983349	215.444521964	261.175037184	147.592137754	276.754938491	276.590290419	247.29776278	186.503486433	241.894253749	280.39506213	276.307574911	275.461503867	269.7173941	220.918855783	238.638118556	262.232096615	183.649192836	300.789789135
203.366772613	223.684337804	201.869798957	184.645583708	258.127336215	223.049026985	264.037472772	218.068054277	255.165981445	184.263245252	190.49150503	221.528521941	170.23293422	205.79291186	254.000925785	216.652505389	248.254882522	229.158164221	197.823226566	217.404968721	213.335706994	227.910945718	265.633963314	185.321026775	182.994079399	168.860639401	204.408353581	204.493097994	242.854363433	347.94485817	230.468725381	208.012864425	192.148649322	198.433817383	246.097806223	232.269815991	249.161144844	257.615166553	205.613337695	227.511387093	182.072242223	239.027551761	191.319800044	257.51218903	223.274669821	220.400679872	163.904676759	218.058048248	234.885739444	247.837257401	201.938005415	179.183323648	190.479045482	220.328341599	217.225414406	183.124980049	242.061498906
278.726321366	231.217737156	259.307063481	227.372919352	251.084910546	286.531509632	257.996260855	278.804621583	253.809568552	234.711559869	201.747411032	270.510673043	211.265946451	247.717520634	272.579753671	253.807738229	264.394215461	294.591668779	178.91492777	263.21184522	267.933500076	269.408090073	280.436383802	250.060360458	231.977056187	198.951998887	253.447344332	277.763316753	285.752803246	230.468725381	347.94485817	216.177892269	217.822559158	246.820379415	283.290673342	226.866754666	286.136905243	286.654246963	272.229737035	285.350905711	220.255578178	268.672875675	151.689348199	274.139046802	255.340823391	238.622801329	200.86208785	235.249598159	289.320943644	256.892472753	277.146108756	266.804736057	222.411078717	236.161509506	225.838440728	187.855181292	294.312238546
163.231466969	231.51056678	181.029129326	219.048398128	254.827192495	214.358508876	255.578326122	171.74138535	242.975992162	220.367180248	206.98998238	229.439891561	138.171038303	202.643296098	226.005489891	212.42573303	240.986542821	217.591970648	127.275298124	166.190721105	216.191017511	182.807293165	251.825647141	154.143613647	183.91200381	189.87498245	182.29832446	171.879605734	224.711172297	208.012864425	216.177892269	347.94485817	227.221024977	147.411883218	236.925478899	240.582216481	208.547558027	192.839986982	183.692687011	191.30841584	186.28774084	193.540519621	164.154729479	249.513062298	261.642958541	264.841317829	206.109051974	264.482248987	214.0254352	218.827797992	196.822169772	162.499980281	257.135478794	247.060504309	252.234831945	169.774211611	203.513438205
203.170467686	246.015639065	223.263293423	244.911471264	254.459607267	222.700379247	247.046089053	242.909562093	238.451061772	267.19990223	236.553875831	281.306425296	213.655236488	231.733700852	246.197023923	240.932447162	245.045139028	250.174025158	196.981338377	203.584261594	223.889066352	223.145909155	262.376531443	248.995074939	247.707653732	284.713373746	237.892184916	242.651139	229.305790871	192.148649322	217.822559158	227.221024977	347.94485817	229.912228835	266.635824119	225.233142492	244.046057885	226.098652095	227.962751709	212.215140074	229.384516897	244.796387727	207.259321479	237.845284803	276.377027897	261.318021004	202.309693516	234.678123389	246.437661983	276.666462554	260.644752102	220.172351645	265.972307828	232.752014422	269.568343153	224.928142993	223.285530236
274.386890048	220.516111736	236.969557578	168.345949073	240.0144708	203.360126555	196.712427034	296.988148975	219.235353529	233.786842825	224.817517728	227.376568908	204.712715069	194.389627686	244.17492829	229.94374976	215.165149575	247.33593649	229.52677082	247.268890629	218.175811205	234.310884033	221.018289823	273.722180263	211.933840592	242.487564539	289.413677664	281.935266465	257.700390926	198.433817383	246.820379415	147.411883218	229.912228835	347.94485817	248.05167555	223.582094674	280.181906981	235.788792062	256.840925656	231.030386087	228.997518075	228.467390906	145.123280692	206.353674236	218.602876825	188.572443744	181.964754337	182.907660031	248.999608489	268.485779853	278.610776627	280.832488226	175.939543604	196.470137139	215.078202776	175.801476424	251.888115754
246.918453665	242.678621907	260.224505093	252.403015066	262.488512008	288.851364246	276.293636334	269.486151661	262.277084595	266.47003008	242.724401951	287.808398209	238.419507207	271.741461607	272.825041054	278.251002472	291.671058716	302.069417661	172.01529701	266.689788042	250.984150873	291.471701789	287.296789106	263.568846087	250.473214351	231.444013123	255.272918245	291.332558617	292.021458942	246.097806223	283.290673342	236.925478899	266.635824119	248.05167555	347.94485817	238.802656601	283.864937399	285.469770675	267.804861799	287.747844747	224.356086292	276.534770205	175.316179044	285.464009049	273.577806764	265.403681035	174.471424933	248.987867983	285.564741497	290.571986928	274.730181227	259.149304197	237.09888321	254.745335671	265.438393231	199.608886011	295.306895092
197.058253875	234.441243347	165.593281878	176.32884406	272.321006648	189.069996495	263.581312118	225.316059375	266.798557919	226.219743151	230.703588806	236.379604159	136.900513108	200.377072375	226.853883299	220.458314649	226.443455996	226.127833181	221.408668888	185.770317553	228.817983871	193.135217185	231.238297009	184.371985898	191.112020546	218.861435037	246.318644942	223.707498572	240.893190262	232.269815991	226.866754666	240.582216481	225.233142492	223.582094674	238.802656601	347.94485817	249.222742831	189.893658296	199.613757979	184.616590749	202.193757496	215.963433261	189.643382423	258.944508326	246.541508495	235.482683078	241.723889372	252.380063079	225.161325503	266.969767796	234.602948586	203.070235953	234.951209122	251.337259226	247.581620828	182.785171941	224.486358568
263.860447415	256.11092863	248.640085828	208.446226299	272.343063406	241.041354255	252.608048968	304.292375695	245.804293898	263.10000198	243.681127794	251.396376405	212.271855096	238.816388971	287.762391576	263.1695639	248.640745276	285.187121197	244.364958266	262.757864692	255.264438593	257.93590654	264.799449952	277.733154104	246.090213353	247.007284455	286.884309316	288.496132979	276.610718407	249.161144844	286.136905243	208.547558027	244.046057885	280.181906981	283.864937399	249.222742831	347.94485817	268.436229213	257.063146619	246.525107485	234.923474103	255.403347683	177.879683863	243.232773749	255.970346022	231.608099192	208.367833843	214.756856962	282.619131237	296.062404637	289.189412426	279.38800344	212.318328694	235.230746882	232.746938312	212.546037814	269.261528869
277.35817242	220.659117249	272.174430958	246.724455281	235.070674601	307.179645417	263.003720369	262.738909732	243.530419676	225.135812246	186.127733627	249.805208027	216.599810303	260.337231891	288.101532235	246.493455541	270.406700922	285.244261895	166.041483881	283.072900048	238.327319546	278.326361763	305.011135689	258.91312759	235.418657404	199.261628002	234.402897607	267.33910486	281.027503946	257.615166553	286.654246963	192.839986982	226.098652095	235.788792062	285.469770675	189.893658296	268.436229213	347.94485817	251.141555496	299.27083099	222.746548376	272.578346722	142.369155495	256.763695803	253.289072851	253.248745033	153.242306498	211.657749198	292.964504932	253.494977084	252.061326926	248.384685705	216.014853986	233.485337091	218.773543599	170.555709581	296.745513369
283.299555236	210.556684271	261.375564276	180.411956241	233.394853145	235.206480306	192.485735868	281.66606845	208.771641991	220.607335986	185.19727709	253.780567956	246.802445216	188.765157158	253.580813601	214.395409257	233.689416631	273.56457461	174.598190381	245.493369599	220.06351719	271.326273557	256.292127491	266.755583662	207.185914836	193.561755931	259.986762134	282.165255048	250.593422745	205.613337695	272.229737035	183.692687011	227.962751709	256.840925656	267.804861799	199.613757979	257.063146619	251.141555496	347.94485817	279.865240978	222.704069148	254.566690979	146.686311363	222.20646168	205.808948135	200.425638815	132.071317889	195.280645282	257.025756669	239.132746319	249.147879081	251.205028829	173.847533344	171.456646398	205.265641882	180.042702363	278.750850056
279.260156789	217.100881813	291.771855477	235.969952794	221.885957203	299.272880655	227.667440748	257.170779607	231.109839922	224.275924277	185.811241209	259.402237117	258.095091744	233.296183852	255.860675499	243.089932948	279.964594932	286.186654705	130.373728354	274.646374257	247.038589564	313.119858117	283.072124249	262.449188032	216.734277645	184.243165313	216.934551086	271.196926611	275.143983349	227.511387093	285.350905711	191.30841584	212.215140074	231.030386087	287.747844747	184.616590749	246.525107485	299.27083099	279.865240978	347.94485817	207.263936509	263.683617116	137.12589791	258.070388552	242.365096029	243.695681459	133.974543533	214.393186657	280.296299609	244.625079074	248.697216859	256.192064113	201.739891886	194.20721718	224.131374998	180.345965899	311.482952306
231.388600285	256.574762407	209.05606305	206.188518395	236.1630639	216.888227573	201.406475007	234.164497202	243.339040459	238.392835125	202.847585451	216.844360645	206.885972238	189.874814299	267.82226935	208.098042711	206.965130558	226.171289302	229.043270406	211.907023929	213.73746891	202.613799128	256.029516983	247.934453973	208.351600652	260.581751849	269.38090975	240.949809808	215.444521964	182.072242223	220.255578178	186.28774084	229.384516897	228.997518075	224.356086292	202.193757496	234.923474103	222.746548376	222.704069148	207.263936509	347.94485817	230.410365551	216.654828892	191.991363344	225.170081869	209.177966074	217.449245208	173.662512269	210.952120453	246.664390619	276.032929759	224.449771168	238.548543976	189.567560018	215.032468576	168.226768632	223.721951398
223.098084129	215.886822308	214.223085854	240.494259096	232.786884271	272.853557036	261.020654902	240.880308482	251.820278606	247.992258686	212.945858953	271.84477191	212.032125452	227.092372226	258.427901209	260.102549945	267.628414404	289.657151179	177.920799032	258.552881524	260.412403654	262.821831969	271.927970767	227.845714961	223.143769552	221.605819499	239.487564756	262.97086349	261.175037184	239.027551761	268.672875675	193.540519621	244.796387727	228.467390906	276.534770205	215.963433261	255.403347683	272.578346722	254.566690979	263.683617116	230.410365551	347.94485817	198.04330566	278.064721655	261.247632722	242.194996363	189.189092892	240.716053619	248.574244488	270.463479738	262.126893058	215.360054677	223.446806885	244.494108115	240.904001625	200.186189044	279.861221336
112.061910783	227.528885059	141.602513814	208.190768208	220.532984528	174.14962829	212.639810515	162.38795911	202.915930275	230.966511624	221.901160062	195.631968222	134.81950071	172.204206907	189.15395229	203.872834765	196.453064122	184.847459618	233.863768378	134.669924707	188.347934471	158.033565846	194.56343851	140.361580842	212.982591561	231.678644033	192.890593795	155.798821376	147.592137754	191.319800044	151.689348199	164.154729479	207.259321479	145.123280692	175.316179044	189.643382423	177.879683863	142.369155495	146.686311363	137.12589791	216.654828892	198.04330566	347.94485817	192.874868222	202.469092573	213.358377694	226.353777251	204.931062034	163.449832821	215.745696797	205.589157414	128.368375389	232.819399611	183.255336278	215.152531311	176.120645388	147.283085672
205.971141821	226.59958505	199.940825689	242.412400567	263.867354739	277.934678093	306.219259202	227.55567143	282.091281564	231.464206866	216.274072505	286.552800067	188.400782009	252.185866349	242.202810906	259.288112703	284.767558784	278.988810935	158.063828516	231.638932301	269.185637176	251.908807507	277.461878682	185.953359767	202.61119616	192.544130791	202.062749024	239.671064191	276.754938491	257.51218903	274.139046802	249.513062298	237.845284803	206.353674236	285.464009049	258.944508326	243.232773749	256.763695803	222.20646168	258.070388552	191.991363344	278.064721655	192.874868222	347.94485817	273.051383258	266.302400696	218.562343878	284.784430349	256.250748352	263.845422268	248.461682831	203.242406509	247.390135556	280.534077205	258.351700567	214.45797176	267.844454691
204.670144993	258.569614608	229.952438361	278.787969485	269.269795588	272.195793034	283.000810504	233.463216289	271.715689824	284.595485546	255.578090543	275.010756128	174.663355658	254.349964496	256.022264629	284.742525699	287.263665358	275.641300746	168.395352693	230.188557355	255.363246622	230.764794799	278.401789194	223.328897024	265.870177501	259.238766602	239.69178313	226.63732885	276.590290419	223.274669821	255.340823391	261.642958541	276.377027897	218.602876825	273.577806764	246.541508495	255.970346022	253.289072851	205.808948135	242.365096029	225.170081869	261.247632722	202.469092573	273.051383258	347.94485817	307.460037459	244.70605616	289.237948874	278.684564713	283.344424779	264.893527297	232.056088456	286.469540524	277.660639871	299.289370868	197.066546487	254.623188831
193.386899816	253.456092429	238.218115921	304.286045384	277.875862933	281.039823017	281.377083489	203.330488857	252.709205115	286.444641224	255.953064508	262.998113036	154.391863489	261.66620637	248.593106286	265.076232456	288.752428686	265.083387422	160.925276406	212.386718492	240.496938727	237.205084768	290.002679048	200.782120883	279.842487795	246.89650033	213.649067262	203.864382034	247.29776278	220.400679872	238.622801329	264.841317829	261.318021004	188.572443744	265.403681035	235.482683078	231.608099192	253.248745033	200.425638815	243.695681459	209.177966074	242.194996363	213.358377694	266.302400696	307.460037459	347.94485817	222.002533537	288.711132936	286.308199939	270.532536158	235.232094126	204.360114741	293.179881741	274.987693569	302.130541856	172.630552366	239.715403253
150.70881834	218.616917939	113.551258334	214.134958682	224.975156739	178.490576927	247.418673511	192.491406323	219.166644812	229.172229609	220.239478229	207.451249103	79.8340073231	178.272432239	222.709755319	204.302525491	185.816807409	190.683934149	222.074926692	140.919670593	221.696912205	120.813109841	208.627201967	132.128137456	198.495997949	231.816808069	224.189480922	158.339860766	186.503486433	163.904676759	200.86208785	206.109051974	202.309693516	181.964754337	174.471424933	241.723889372	208.367833843	153.242306498	132.071317889	133.974543533	217.449245208	189.189092892	226.353777251	218.562343878	244.70605616	222.002533537	347.94485817	236.374974855	186.380194006	218.754738324	238.491760897	167.27334218	264.411565705	262.814331018	207.846207612	151.114669473	160.769826021
168.555289486	221.826093649	179.851909959	253.687778016	267.376433477	243.207457544	293.929157955	196.681238541	254.9419367	254.944937309	229.87943743	256.030364305	128.353714875	219.968740818	215.84845439	264.540048392	263.139798398	250.842393432	153.1208492	186.156094834	241.351508211	196.380330616	245.971619878	149.763766192	226.224959777	204.860949208	194.403941779	179.238886468	241.894253749	218.058048248	235.249598159	264.482248987	234.678123389	182.907660031	248.987867983	252.380063079	214.756856962	211.657749198	195.280645282	214.393186657	173.662512269	240.716053619	204.931062034	284.784430349	289.237948874	288.711132936	236.374974855	347.94485817	250.072319915	245.037770215	217.895429856	176.327807066	263.602863409	286.154248219	275.454787029	188.60426416	229.985607657
271.451733955	245.307015143	278.429928217	264.160062147	277.051580018	290.853468144	257.294997297	283.278304306	240.440228289	271.531138929	244.337808906	258.974517266	188.539372772	262.523188775	270.514688496	271.899787231	283.244746403	301.173474594	192.177060699	266.209350165	240.775320951	270.473458766	289.598947279	268.475630348	283.683776057	234.218643199	251.218778311	259.334442447	280.39506213	234.885739444	289.320943644	214.0254352	246.437661983	248.999608489	285.564741497	225.161325503	282.619131237	292.964504932	257.025756669	280.296299609	210.952120453	248.574244488	163.449832821	256.250748352	278.684564713	286.308199939	186.380194006	250.072319915	347.94485817	274.938510809	267.821560688	261.508171564	239.230920988	252.339332426	258.243548586	178.768965458	282.604865601
