Tissue	muscleskeletal
N_samples	358
Chr	3
Gene	ENSG00000168028.9
SNP	rs17756489
Gene_list	ENSG00000140988.11	ENSG00000171863.8	ENSG00000166441.8	ENSG00000105640.8	ENSG00000137154.8	ENSG00000124614.9	ENSG00000168028.9	ENSG00000105372.2	ENSG00000265681.2	ENSG00000063177.8	ENSG00000142541.12	ENSG00000108107.8	ENSG00000008988.5	ENSG00000083845.4	ENSG00000149273.10	ENSG00000122406.8	ENSG00000089009.11	ENSG00000089157.11	ENSG00000112306.7	ENSG00000148303.12
Gene expression stats (Y^T * Y): 
347.94485817	195.961086082	208.499705512	278.220843658	225.899750996	230.034280978	234.14946852	262.928681748	219.362665784	248.360983212	267.571020454	261.596881128	171.513679892	264.255520917	214.066245036	161.496534521	178.495992572	236.135625325	247.171684449	273.376969211
195.961086082	347.94485817	284.034937293	232.363799038	268.434166103	260.202106238	230.027352254	244.184261459	281.970566739	229.688250753	220.031851476	220.516111736	234.441243347	256.11092863	256.574762407	227.528885059	218.616917939	151.990991081	268.900924323	263.713693007
208.499705512	284.034937293	347.94485817	246.405274667	267.087146123	267.774680938	238.309818081	229.173542422	255.216929486	247.624407811	233.216893558	240.0144708	272.321006648	272.343063406	236.1630639	220.532984528	224.975156739	174.0103194	292.317732553	262.706826713
278.220843658	232.363799038	246.405274667	347.94485817	241.253417361	271.260566029	235.397127702	285.791564307	233.923395698	284.6559096	300.895093044	296.988148975	225.316059375	304.292375695	234.164497202	162.38795911	192.491406323	197.310128347	274.388245816	283.19021002
225.899750996	268.434166103	267.087146123	241.253417361	347.94485817	249.622837297	210.035396094	239.436923518	294.121507862	245.920024628	233.877810524	233.786842825	226.219743151	263.10000198	238.392835125	230.966511624	229.172229609	190.624409438	289.749740324	281.935483653
230.034280978	260.202106238	267.774680938	271.260566029	249.622837297	347.94485817	222.585032988	256.82405667	248.014379006	268.868447728	250.119833539	244.17492829	226.853883299	287.762391576	267.82226935	189.15395229	222.709755319	195.533735378	275.540945318	269.168873652
234.14946852	230.027352254	238.309818081	235.397127702	210.035396094	222.585032988	347.94485817	211.230883513	243.185279263	242.959649625	212.499056337	229.52677082	221.408668888	244.364958266	229.043270406	233.863768378	222.074926692	249.903731722	237.668586478	244.015444712
262.928681748	244.184261459	229.173542422	285.791564307	239.436923518	256.82405667	211.230883513	347.94485817	251.717530066	261.328480452	295.065111134	273.722180263	184.371985898	277.733154104	247.934453973	140.361580842	132.128137456	183.872269564	262.735125332	275.33056589
219.362665784	281.970566739	255.216929486	233.923395698	294.121507862	248.014379006	243.185279263	251.717530066	347.94485817	249.045050713	218.074760988	242.487564539	218.861435037	247.007284455	260.581751849	231.678644033	231.816808069	189.56523996	279.750425298	275.908800686
248.360983212	229.688250753	247.624407811	284.6559096	245.920024628	268.868447728	242.959649625	261.328480452	249.045050713	347.94485817	275.873481568	289.413677664	246.318644942	286.884309316	269.38090975	192.890593795	224.189480922	208.781680262	263.179028266	282.452152583
267.571020454	220.031851476	233.216893558	300.895093044	233.877810524	250.119833539	212.499056337	295.065111134	218.074760988	275.873481568	347.94485817	281.935266465	223.707498572	288.496132979	240.949809808	155.798821376	158.339860766	194.037533663	268.996365804	285.733927245
261.596881128	220.516111736	240.0144708	296.988148975	233.786842825	244.17492829	229.52677082	273.722180263	242.487564539	289.413677664	281.935266465	347.94485817	223.582094674	280.181906981	228.997518075	145.123280692	181.964754337	170.451511634	268.485779853	278.610776627
171.513679892	234.441243347	272.321006648	225.316059375	226.219743151	226.853883299	221.408668888	184.371985898	218.861435037	246.318644942	223.707498572	223.582094674	347.94485817	249.222742831	202.193757496	189.643382423	241.723889372	139.410850723	266.969767796	234.602948586
264.255520917	256.11092863	272.343063406	304.292375695	263.10000198	287.762391576	244.364958266	277.733154104	247.007284455	286.884309316	288.496132979	280.181906981	249.222742831	347.94485817	234.923474103	177.879683863	208.367833843	215.118902442	296.062404637	289.189412426
214.066245036	256.574762407	236.1630639	234.164497202	238.392835125	267.82226935	229.043270406	247.934453973	260.581751849	269.38090975	240.949809808	228.997518075	202.193757496	234.923474103	347.94485817	216.654828892	217.449245208	183.681187747	246.664390619	276.032929759
161.496534521	227.528885059	220.532984528	162.38795911	230.966511624	189.15395229	233.863768378	140.361580842	231.678644033	192.890593795	155.798821376	145.123280692	189.643382423	177.879683863	216.654828892	347.94485817	226.353777251	204.250182426	215.745696797	205.589157414
178.495992572	218.616917939	224.975156739	192.491406323	229.172229609	222.709755319	222.074926692	132.128137456	231.816808069	224.189480922	158.339860766	181.964754337	241.723889372	208.367833843	217.449245208	226.353777251	347.94485817	174.199488656	218.754738324	238.491760897
236.135625325	151.990991081	174.0103194	197.310128347	190.624409438	195.533735378	249.903731722	183.872269564	189.56523996	208.781680262	194.037533663	170.451511634	139.410850723	215.118902442	183.681187747	204.250182426	174.199488656	347.94485817	200.717425981	204.966693009
247.171684449	268.900924323	292.317732553	274.388245816	289.749740324	275.540945318	237.668586478	262.735125332	279.750425298	263.179028266	268.996365804	268.485779853	266.969767796	296.062404637	246.664390619	215.745696797	218.754738324	200.717425981	347.94485817	292.93704409
273.376969211	263.713693007	262.706826713	283.19021002	281.935483653	269.168873652	244.015444712	275.33056589	275.908800686	282.452152583	285.733927245	278.610776627	234.602948586	289.189412426	276.032929759	205.589157414	238.491760897	204.966693009	292.93704409	347.94485817
Genotype stats (X^T * X): 	175.857541899
Gene expression - Genotype stats (Y^T * X): 
-18.0795172338	-36.2178594238	-35.2697518323	-34.763402899	-23.8888182246	-45.9567537913	-39.3121851207	-36.3224045199	-30.3854707587	-30.8431368597	-35.9155269869	-39.6077551475	-25.7798182553	-31.9037611832	-28.6855769275	-31.2588625947	-19.6784484318	-25.5202007043	-32.6065473509	-28.8061330231