Tissue	muscleskeletal
N_samples	358
Chr	3
Gene	ENSG00000181092.5
SNP	rs56848877
Gene_list	ENSG00000184811.3	ENSG00000187288.6	ENSG00000176194.13	ENSG00000124253.9	ENSG00000133317.10	ENSG00000166819.7	ENSG00000138207.8	ENSG00000181092.5
Gene expression stats (Y^T * Y): 
347.94485817	224.961498149	238.513460062	212.9830585	239.571994504	226.399861435	158.948601077	235.440786228
224.961498149	347.94485817	212.479479516	215.664715148	214.198528071	263.65015214	240.308224592	292.287339694
238.513460062	212.479479516	347.94485817	206.690253841	193.313702109	223.587871658	143.845187749	226.789585592
212.9830585	215.664715148	206.690253841	347.94485817	226.623319344	202.829825792	196.323691101	232.016215183
239.571994504	214.198528071	193.313702109	226.623319344	347.94485817	199.427030667	177.992650431	240.194747628
226.399861435	263.65015214	223.587871658	202.829825792	199.427030667	347.94485817	191.977327281	278.95657424
158.948601077	240.308224592	143.845187749	196.323691101	177.992650431	191.977327281	347.94485817	237.411666125
235.440786228	292.287339694	226.789585592	232.016215183	240.194747628	278.95657424	237.411666125	347.94485817
Genotype stats (X^T * X): 	78.7602819581
Gene expression - Genotype stats (Y^T * X): 
-18.0983427555	-34.7905833916	-14.7319829073	-15.0934122608	-21.0194153365	-25.9397191317	-22.2647274379	-26.6191021722