Tissue	muscleskeletal
N_samples	358
Chr	1
Gene	ENSG00000173660.7
SNP	rs17102101
Gene_list	ENSG00000241837.2	ENSG00000173660.7	ENSG00000159199.9	ENSG00000127184.6	ENSG00000156467.5	ENSG00000167283.3
Gene expression stats (Y^T * Y): 
347.94485817	211.759275644	202.964462802	210.512752028	185.740406603	223.672548713
211.759275644	347.94485817	216.143501994	224.850195755	209.712393141	212.421448919
202.964462802	216.143501994	347.94485817	188.423407739	154.757841912	161.017724613
210.512752028	224.850195755	188.423407739	347.94485817	275.590851785	193.416179217
185.740406603	209.712393141	154.757841912	275.590851785	347.94485817	174.201223321
223.672548713	212.421448919	161.017724613	193.416179217	174.201223321	347.94485817
Genotype stats (X^T * X): 	70.6731843575
Gene expression - Genotype stats (Y^T * X): 
-6.99602220216	-39.2227073813	-7.33371301103	-4.9657732731	-10.0183141832	-15.3839790644