Tissue	muscleskeletal
N_samples	358
Chr	21
Gene	ENSG00000241837.2
SNP	rs76634792
Gene_list	ENSG00000154723.8	ENSG00000241837.2	ENSG00000178982.5	ENSG00000173660.7	ENSG00000167863.7	ENSG00000178741.7	ENSG00000131143.4	ENSG00000127184.6	ENSG00000075415.8	ENSG00000173915.8	ENSG00000167283.3
Gene expression stats (Y^T * Y): 
347.94485817	218.878684576	124.374753936	201.003705439	196.375595116	213.832206354	196.847640978	214.305167906	195.359996793	255.85255092	186.915103672
218.878684576	347.94485817	236.914187624	211.759275644	232.577358537	220.015453112	216.012511766	210.512752028	211.228177412	211.640828293	223.672548713
124.374753936	236.914187624	347.94485817	170.506007231	193.932358486	178.397400452	206.822035451	154.235148611	184.871693255	108.268007521	163.71054983
201.003705439	211.759275644	170.506007231	347.94485817	200.601976248	185.835780409	193.378492684	224.850195755	169.152728845	162.07075726	212.421448919
196.375595116	232.577358537	193.932358486	200.601976248	347.94485817	241.095694209	205.342780114	222.342248672	160.950660906	197.025300999	219.378104244
213.832206354	220.015453112	178.397400452	185.835780409	241.095694209	347.94485817	261.342265856	250.150319085	231.020595703	222.743395002	192.355739586
196.847640978	216.012511766	206.822035451	193.378492684	205.342780114	261.342265856	347.94485817	248.970096337	198.299829432	192.293383603	145.476495956
214.305167906	210.512752028	154.235148611	224.850195755	222.342248672	250.150319085	248.970096337	347.94485817	201.810490671	214.253306122	193.416179217
195.359996793	211.228177412	184.871693255	169.152728845	160.950660906	231.020595703	198.299829432	201.810490671	347.94485817	155.715779628	145.513807205
255.85255092	211.640828293	108.268007521	162.07075726	197.025300999	222.743395002	192.293383603	214.253306122	155.715779628	347.94485817	172.271296712
186.915103672	223.672548713	163.71054983	212.421448919	219.378104244	192.355739586	145.476495956	193.416179217	145.513807205	172.271296712	347.94485817
Genotype stats (X^T * X): 	44.1101993547
Gene expression - Genotype stats (Y^T * X): 
6.87820002398	21.0776894784	16.4012262512	5.15517027157	10.4611586719	11.1641137853	9.57216951833	8.08029371879	11.8587796671	2.63803430917	16.9763950343