Tissue	muscleskeletal
N_samples	358
Chr	16
Gene	ENSG00000131143.4
SNP	rs9930657
Gene_list	ENSG00000140990.10	ENSG00000250479.4	ENSG00000241837.2	ENSG00000126267.4	ENSG00000159199.9	ENSG00000176340.3	ENSG00000178741.7	ENSG00000131143.4	ENSG00000127184.6	ENSG00000156467.5	ENSG00000135940.2	ENSG00000164919.6	ENSG00000164405.6
Gene expression stats (Y^T * Y): 
347.94485817	173.667509414	169.908843566	165.238603517	142.634645382	187.338256685	210.580466262	224.858649737	212.087365981	203.165368038	237.873069961	187.413513395	203.733761845
173.667509414	347.94485817	118.874816091	188.892507623	183.09371203	264.084257081	216.477485199	237.812057863	208.955024265	155.825532161	223.818026165	184.557165327	174.470304781
169.908843566	118.874816091	347.94485817	200.697643857	202.964462802	127.813881659	220.015453112	216.012511766	210.512752028	185.740406603	176.530544451	174.218375935	135.102948392
165.238603517	188.892507623	200.697643857	347.94485817	211.385022375	191.584500929	190.115757856	254.866341596	189.092848372	155.213103599	205.223769165	166.129426503	175.358581937
142.634645382	183.09371203	202.964462802	211.385022375	347.94485817	193.892411872	189.131465393	233.383227506	188.423407739	154.757841912	196.588089541	158.024330461	163.075586484
187.338256685	264.084257081	127.813881659	191.584500929	193.892411872	347.94485817	193.085095321	236.13169606	239.834508364	192.204450717	272.607265887	234.350428562	233.434476068
210.580466262	216.477485199	220.015453112	190.115757856	189.131465393	193.085095321	347.94485817	261.342265856	250.150319085	219.13374378	220.940643372	230.876273513	177.898582425
224.858649737	237.812057863	216.012511766	254.866341596	233.383227506	236.13169606	261.342265856	347.94485817	248.970096337	209.247522924	254.761775044	231.614906797	221.674394461
212.087365981	208.955024265	210.512752028	189.092848372	188.423407739	239.834508364	250.150319085	248.970096337	347.94485817	275.590851785	265.269727212	281.410328633	257.772656544
203.165368038	155.825532161	185.740406603	155.213103599	154.757841912	192.204450717	219.13374378	209.247522924	275.590851785	347.94485817	232.345104244	241.945116384	214.306411435
237.873069961	223.818026165	176.530544451	205.223769165	196.588089541	272.607265887	220.940643372	254.761775044	265.269727212	232.345104244	347.94485817	246.308069444	267.067914987
187.413513395	184.557165327	174.218375935	166.129426503	158.024330461	234.350428562	230.876273513	231.614906797	281.410328633	241.945116384	246.308069444	347.94485817	268.675456822
203.733761845	174.470304781	135.102948392	175.358581937	163.075586484	233.434476068	177.898582425	221.674394461	257.772656544	214.306411435	267.067914987	268.675456822	347.94485817
Genotype stats (X^T * X): 	37.9664804469
Gene expression - Genotype stats (Y^T * X): 
-19.7296930756	-9.62741927002	-18.030252334	-28.743552992	-20.9642740759	-13.721164348	-21.5203512127	-24.966187199	-11.2976214869	-14.3883416638	-18.8818628301	-19.6818036402	-16.3552222526