Tissue	muscleskeletal
N_samples	358
Chr	5
Gene	ENSG00000164405.6
SNP	rs11742089
Gene_list	ENSG00000169020.5	ENSG00000127540.7	ENSG00000189043.5	ENSG00000176340.3	ENSG00000131143.4	ENSG00000127184.6	ENSG00000183648.5	ENSG00000156467.5	ENSG00000135940.2	ENSG00000164919.6	ENSG00000164405.6
Gene expression stats (Y^T * Y): 
347.94485817	240.174096445	214.290547895	207.409042433	184.424197269	225.450024613	198.272738237	233.244815786	249.278078896	207.948676031	254.927032885
240.174096445	347.94485817	258.444429234	202.239777774	191.707628698	207.791395882	170.957939014	190.593256782	250.524764569	222.43025763	260.079158768
214.290547895	258.444429234	347.94485817	184.849901027	147.672816389	202.713437399	167.106785644	225.440977369	200.083539531	211.265478128	216.527114622
207.409042433	202.239777774	184.849901027	347.94485817	236.13169606	239.834508364	145.32711472	192.204450717	272.607265887	234.350428562	233.434476068
184.424197269	191.707628698	147.672816389	236.13169606	347.94485817	248.970096337	157.839265196	209.247522924	254.761775044	231.614906797	221.674394461
225.450024613	207.791395882	202.713437399	239.834508364	248.970096337	347.94485817	256.405523585	275.590851785	265.269727212	281.410328633	257.772656544
198.272738237	170.957939014	167.106785644	145.32711472	157.839265196	256.405523585	347.94485817	225.330355231	207.445699484	228.385920137	225.948937605
233.244815786	190.593256782	225.440977369	192.204450717	209.247522924	275.590851785	225.330355231	347.94485817	232.345104244	241.945116384	214.306411435
249.278078896	250.524764569	200.083539531	272.607265887	254.761775044	265.269727212	207.445699484	232.345104244	347.94485817	246.308069444	267.067914987
207.948676031	222.43025763	211.265478128	234.350428562	231.614906797	281.410328633	228.385920137	241.945116384	246.308069444	347.94485817	268.675456822
254.927032885	260.079158768	216.527114622	233.434476068	221.674394461	257.772656544	225.948937605	214.306411435	267.067914987	268.675456822	347.94485817
Genotype stats (X^T * X): 	170.449781489
Gene expression - Genotype stats (Y^T * X): 
-23.1390878854	-18.2236568875	-7.11808040438	-17.3329510065	-27.8386500877	-27.2017797489	-23.0473488839	-23.6863775474	-13.0307265455	-31.52964717	-43.8546387148