Tissue	muscleskeletal
N_samples	358
Chr	19
Gene	ENSG00000086967.9
SNP	rs2463239
Gene_list	ENSG00000130598.11	ENSG00000130595.12	ENSG00000108515.13	ENSG00000111640.10	ENSG00000109061.9	ENSG00000125414.14	ENSG00000196296.9	ENSG00000149925.12	ENSG00000180209.7	ENSG00000101470.5	ENSG00000086967.9	ENSG00000140416.15	ENSG00000068976.9	ENSG00000067225.13	ENSG00000106992.13	ENSG00000168530.11
Gene expression stats (Y^T * Y): 
347.94485817	331.201619629	224.887489651	220.164200173	215.285030327	233.492712489	252.186220863	239.818949831	299.216700117	283.77710946	276.491804993	307.449533593	208.521741958	222.747556578	227.163905644	240.75677771
331.201619629	347.94485817	216.502956492	231.167415402	231.533024118	234.516170991	251.459823772	235.029708463	301.181557768	288.855929938	283.073272092	308.094528797	202.857344802	208.210964173	236.525397229	234.331065457
224.887489651	216.502956492	347.94485817	262.113743366	206.614319505	223.439811264	277.175447441	286.67122872	219.093314732	190.681303841	240.531519792	264.767184945	283.21552171	223.738259374	181.831173803	257.593920198
220.164200173	231.167415402	262.113743366	347.94485817	223.869950664	146.257830279	228.473942462	283.374054018	187.176467023	197.844090699	263.656216826	231.219259915	189.358785915	186.680754806	183.987854041	182.583865158
215.285030327	231.533024118	206.614319505	223.869950664	347.94485817	148.892071814	255.330363934	226.883073951	204.057698434	210.586859601	276.188909687	209.219621905	202.610006764	139.820006136	155.211153547	163.358012461
233.492712489	234.516170991	223.439811264	146.257830279	148.892071814	347.94485817	233.155380766	168.448605487	252.023842649	163.474726499	213.551801874	277.773842765	251.32067468	214.101987728	130.561354407	276.428697919
252.186220863	251.459823772	277.175447441	228.473942462	255.330363934	233.155380766	347.94485817	260.012385384	243.201420655	217.595824293	267.331029693	269.324163341	288.907332998	202.621282558	171.828879831	251.364830209
239.818949831	235.029708463	286.67122872	283.374054018	226.883073951	168.448605487	260.012385384	347.94485817	209.662053297	210.382422081	248.405948959	234.647996942	235.059660254	216.169091787	172.60920441	199.733550647
299.216700117	301.181557768	219.093314732	187.176467023	204.057698434	252.023842649	243.201420655	209.662053297	347.94485817	277.998122454	252.337911845	306.916425994	219.931115651	194.721145708	212.125343898	256.629938517
283.77710946	288.855929938	190.681303841	197.844090699	210.586859601	163.474726499	217.595824293	210.382422081	277.998122454	347.94485817	239.880580681	261.061452515	163.371244185	134.908469168	232.479300229	183.31549358
276.491804993	283.073272092	240.531519792	263.656216826	276.188909687	213.551801874	267.331029693	248.405948959	252.337911845	239.880580681	347.94485817	275.884182172	216.637202825	226.595119266	221.205270191	229.452172765
307.449533593	308.094528797	264.767184945	231.219259915	209.219621905	277.773842765	269.324163341	234.647996942	306.916425994	261.061452515	275.884182172	347.94485817	241.431371327	234.689672298	216.898280734	285.070086974
208.521741958	202.857344802	283.21552171	189.358785915	202.610006764	251.32067468	288.907332998	235.059660254	219.931115651	163.371244185	216.637202825	241.431371327	347.94485817	228.787540278	144.759690135	261.724482611
222.747556578	208.210964173	223.738259374	186.680754806	139.820006136	214.101987728	202.621282558	216.169091787	194.721145708	134.908469168	226.595119266	234.689672298	228.787540278	347.94485817	185.633980429	244.411695701
227.163905644	236.525397229	181.831173803	183.987854041	155.211153547	130.561354407	171.828879831	172.60920441	212.125343898	232.479300229	221.205270191	216.898280734	144.759690135	185.633980429	347.94485817	165.222495529
240.75677771	234.331065457	257.593920198	182.583865158	163.358012461	276.428697919	251.364830209	199.733550647	256.629938517	183.31549358	229.452172765	285.070086974	261.724482611	244.411695701	165.222495529	347.94485817
Genotype stats (X^T * X): 	45.1850870307
Gene expression - Genotype stats (Y^T * X): 
33.1238021684	36.6854165621	17.3423651419	23.2582203692	15.4643197172	18.9097229951	16.3421261138	14.3616979344	33.4257660658	34.6409094834	24.2118629282	29.5858586247	15.7218819602	8.6114774204	31.4974612954	16.0450975847