Tissue	muscleskeletal
N_samples	358
Chr	19
Gene	ENSG00000099875.10
SNP	rs10417087
Gene_list	ENSG00000099875.10	ENSG00000147872.5	ENSG00000158022.6	ENSG00000096060.10	ENSG00000004799.7	ENSG00000135821.12	ENSG00000151726.9
Gene expression stats (Y^T * Y): 
347.94485817	230.109679877	209.623815361	271.939137157	211.756882662	245.910775308	237.991914814
230.109679877	347.94485817	209.356791271	249.283245962	188.343286843	217.688436403	254.193301275
209.623815361	209.356791271	347.94485817	201.39750448	243.996818462	263.881963529	156.790153679
271.939137157	249.283245962	201.39750448	347.94485817	199.055931866	240.582369931	282.116692455
211.756882662	188.343286843	243.996818462	199.055931866	347.94485817	244.633254796	187.80520187
245.910775308	217.688436403	263.881963529	240.582369931	244.633254796	347.94485817	181.116783542
237.991914814	254.193301275	156.790153679	282.116692455	187.80520187	181.116783542	347.94485817
Genotype stats (X^T * X): 	48.5921787709
Gene expression - Genotype stats (Y^T * X): 
-20.1165799233	-15.6732806954	-13.5145241198	-22.3180043694	-25.746535963	-15.836293537	-19.3113175532