Tissue	muscleskeletal
N_samples	358
Chr	1
Gene	ENSG00000159189.7
SNP	rs581452
Gene_list	ENSG00000124491.11	ENSG00000177575.8	ENSG00000133800.4	ENSG00000173372.12	ENSG00000159189.7	ENSG00000173369.11	ENSG00000011600.7	ENSG00000110077.10	ENSG00000158869.6
Gene expression stats (Y^T * Y): 
347.94485817	228.656316742	264.872358786	260.155493935	265.097107209	253.606099635	187.170465859	201.885624497	204.54033985
228.656316742	347.94485817	239.152969962	244.11305051	259.930886844	263.421915089	170.89377686	199.819468903	222.039367388
264.872358786	239.152969962	347.94485817	251.591161247	255.799262281	243.857381797	180.08612145	184.021214487	198.967204212
260.155493935	244.11305051	251.591161247	347.94485817	321.476829771	323.006245016	247.024819318	224.024790344	220.012449114
265.097107209	259.930886844	255.799262281	321.476829771	347.94485817	324.31539364	245.879295395	236.514287616	234.186287011
253.606099635	263.421915089	243.857381797	323.006245016	324.31539364	347.94485817	231.89336149	219.594868284	229.770734429
187.170465859	170.89377686	180.08612145	247.024819318	245.879295395	231.89336149	347.94485817	191.508787455	225.244724162
201.885624497	199.819468903	184.021214487	224.024790344	236.514287616	219.594868284	191.508787455	347.94485817	164.809304097
204.54033985	222.039367388	198.967204212	220.012449114	234.186287011	229.770734429	225.244724162	164.809304097	347.94485817
Genotype stats (X^T * X): 	185.803274115
Gene expression - Genotype stats (Y^T * X): 
-41.1095381679	-37.9826124518	-45.8110375693	-46.8884919998	-55.9065240752	-47.0201833434	-35.8271079154	-32.6624059827	-32.8653616967