Tissue	muscleskeletal
N_samples	358
Chr	18
Gene	ENSG00000176194.13
SNP	rs56371539
Gene_list	ENSG00000184811.3	ENSG00000187288.6	ENSG00000176194.13	ENSG00000130876.7	ENSG00000166819.7	ENSG00000181092.5	ENSG00000135917.9
Gene expression stats (Y^T * Y): 
347.94485817	224.961498149	238.513460062	234.440559509	226.399861435	235.440786228	200.442408492
224.961498149	347.94485817	212.479479516	151.604655675	263.65015214	292.287339694	150.143245132
238.513460062	212.479479516	347.94485817	226.997438651	223.587871658	226.789585592	238.706195258
234.440559509	151.604655675	226.997438651	347.94485817	175.117770947	165.99801554	212.101960926
226.399861435	263.65015214	223.587871658	175.117770947	347.94485817	278.95657424	166.952230855
235.440786228	292.287339694	226.789585592	165.99801554	278.95657424	347.94485817	165.177157353
200.442408492	150.143245132	238.706195258	212.101960926	166.952230855	165.177157353	347.94485817
Genotype stats (X^T * X): 	61.9774833994
Gene expression - Genotype stats (Y^T * X): 
15.9309067595	23.9965399891	26.6869885581	10.9824704506	24.5941400667	22.2502232843	17.2278363454