Tissue	muscleskeletal
N_samples	358
Chr	22
Gene	ENSG00000185686.13
SNP	rs111671898
Gene_list	ENSG00000213934.5	ENSG00000196565.8	ENSG00000213931.1	ENSG00000185686.13	ENSG00000166501.8	ENSG00000168754.9	ENSG00000169679.10
Gene expression stats (Y^T * Y): 
347.94485817	311.233669069	327.752073027	292.333133438	160.552340688	221.647971751	186.561572612
311.233669069	347.94485817	280.469668713	238.073931849	126.340367134	183.943687866	156.270028044
327.752073027	280.469668713	347.94485817	319.390195986	190.997516721	253.338554541	208.32584049
292.333133438	238.073931849	319.390195986	347.94485817	227.664000638	274.481510373	242.741976633
160.552340688	126.340367134	190.997516721	227.664000638	347.94485817	193.32991158	183.538858996
221.647971751	183.943687866	253.338554541	274.481510373	193.32991158	347.94485817	196.629826467
186.561572612	156.270028044	208.32584049	242.741976633	183.538858996	196.629826467	347.94485817
Genotype stats (X^T * X): 	42.7009309609
Gene expression - Genotype stats (Y^T * X): 
-15.322782404	-9.30274169387	-15.6416960146	-18.4423795891	-13.5631139469	-14.9144711298	-11.9122767483