Tissue	muscleskeletal
N_samples	358
Chr	17
Gene	ENSG00000159199.9
SNP	rs1962412
Gene_list	ENSG00000154723.8	ENSG00000126267.4	ENSG00000173660.7	ENSG00000159199.9	ENSG00000131143.4	ENSG00000179091.4	ENSG00000154518.5
Gene expression stats (Y^T * Y): 
347.94485817	165.594236439	201.003705439	223.42361496	196.847640978	114.884620109	225.589044193
165.594236439	347.94485817	155.614658296	211.385022375	254.866341596	160.029273344	149.600021256
201.003705439	155.614658296	347.94485817	216.143501994	193.378492684	132.875745109	190.249755499
223.42361496	211.385022375	216.143501994	347.94485817	233.383227506	214.925280287	245.609153477
196.847640978	254.866341596	193.378492684	233.383227506	347.94485817	184.087248726	199.330154342
114.884620109	160.029273344	132.875745109	214.925280287	184.087248726	347.94485817	172.838479884
225.589044193	149.600021256	190.249755499	245.609153477	199.330154342	172.838479884	347.94485817
Genotype stats (X^T * X): 	160.229266201
Gene expression - Genotype stats (Y^T * X): 
-7.75881406875	5.44718811494	18.4848059107	51.0643210975	13.5566548431	17.0434811836	18.8165638743