Tissue	muscleskeletal
N_samples	358
Chr	19
Gene	ENSG00000188508.6
SNP	rs4806154
Gene_list	ENSG00000178372.6	ENSG00000096696.9	ENSG00000188508.6	ENSG00000161249.16	ENSG00000189001.6	ENSG00000186395.6	ENSG00000178934.4	ENSG00000186847.5	ENSG00000124466.8	ENSG00000186081.7	ENSG00000167768.4	ENSG00000143631.10	ENSG00000143520.6	ENSG00000203782.5
Gene expression stats (Y^T * Y): 
347.94485817	228.015108065	275.012641631	245.031070672	263.093782445	179.82378341	223.954909929	226.190657699	192.857249342	192.011376445	245.872370084	267.547239473	289.749178778	276.471621755
228.015108065	347.94485817	231.252172039	210.873883258	250.193850592	177.919522284	205.292644839	245.809240794	234.724532663	224.617822093	237.294106187	199.864294419	222.776913163	214.794728695
275.012641631	231.252172039	347.94485817	243.720809297	282.758384152	212.923960522	237.578430447	259.469954359	209.703719072	237.772859407	274.570051283	233.113490887	259.098366661	263.620352658
245.031070672	210.873883258	243.720809297	347.94485817	227.284353216	234.134942386	219.250458964	257.355015366	179.968760154	221.503239303	275.391005707	214.722240719	234.080274143	231.135114981
263.093782445	250.193850592	282.758384152	227.284353216	347.94485817	191.756230355	225.790116371	265.564409068	243.582595864	251.83800678	261.516191594	238.05086109	259.73496258	276.135286255
179.82378341	177.919522284	212.923960522	234.134942386	191.756230355	347.94485817	213.272356449	243.128862813	140.336277991	200.748147215	272.321539782	155.214624993	180.076435266	185.488380588
223.954909929	205.292644839	237.578430447	219.250458964	225.790116371	213.272356449	347.94485817	256.390696785	189.252137461	223.141865088	265.167053566	188.050861428	201.374376371	208.441049341
226.190657699	245.809240794	259.469954359	257.355015366	265.564409068	243.128862813	256.390696785	347.94485817	215.369901362	274.75074889	298.395258595	213.216968208	220.228263989	234.062200058
192.857249342	234.724532663	209.703719072	179.968760154	243.582595864	140.336277991	189.252137461	215.369901362	347.94485817	241.013275912	204.795875042	174.240420968	183.099850405	184.802652681
192.011376445	224.617822093	237.772859407	221.503239303	251.83800678	200.748147215	223.141865088	274.75074889	241.013275912	347.94485817	254.934090274	178.745761276	185.755550402	189.694021043
245.872370084	237.294106187	274.570051283	275.391005707	261.516191594	272.321539782	265.167053566	298.395258595	204.795875042	254.934090274	347.94485817	214.215202517	242.775073312	240.434174393
267.547239473	199.864294419	233.113490887	214.722240719	238.05086109	155.214624993	188.050861428	213.216968208	174.240420968	178.745761276	214.215202517	347.94485817	288.349916304	247.424088544
289.749178778	222.776913163	259.098366661	234.080274143	259.73496258	180.076435266	201.374376371	220.228263989	183.099850405	185.755550402	242.775073312	288.349916304	347.94485817	280.30985634
276.471621755	214.794728695	263.620352658	231.135114981	276.135286255	185.488380588	208.441049341	234.062200058	184.802652681	189.694021043	240.434174393	247.424088544	280.30985634	347.94485817
Genotype stats (X^T * X): 	110.644955363
Gene expression - Genotype stats (Y^T * X): 
35.0319362338	32.6589514267	33.2875574314	27.1601514062	34.739832144	25.1435499466	20.2786569003	23.9050695126	19.6558461606	28.2842798324	29.3840605877	39.5486133895	35.3557796177	28.0556345645