Tissue	muscleskeletal
N_samples	358
Chr	19
Gene	ENSG00000161281.6
SNP	rs652500
Gene_list	ENSG00000108515.13	ENSG00000156885.4	ENSG00000161281.6	ENSG00000173991.5	ENSG00000104879.4	ENSG00000160808.5	ENSG00000068976.9	ENSG00000122367.15	ENSG00000151729.6	ENSG00000168530.11	ENSG00000143632.10
Gene expression stats (Y^T * Y): 
347.94485817	210.765691332	226.814885556	166.361149996	248.826879049	167.233822484	283.21552171	197.871127996	181.860254372	257.593920198	220.631508634
210.765691332	347.94485817	261.07688368	300.210466716	232.344362104	265.446029861	224.424793727	254.201834246	198.494965377	234.082360767	247.02994878
226.814885556	261.07688368	347.94485817	219.78887021	230.414032307	237.159595811	221.654702542	213.215638457	216.972485086	234.592175653	226.564706063
166.361149996	300.210466716	219.78887021	347.94485817	201.429685041	277.253022928	214.560754149	273.545383498	181.916327861	232.360541076	262.331388206
248.826879049	232.344362104	230.414032307	201.429685041	347.94485817	190.48497116	250.860953284	187.55549854	185.122740101	212.754917423	243.107545205
167.233822484	265.446029861	237.159595811	277.253022928	190.48497116	347.94485817	220.701292384	268.075765993	256.866685692	223.806337585	274.825302257
283.21552171	224.424793727	221.654702542	214.560754149	250.860953284	220.701292384	347.94485817	245.898067695	196.50105054	261.724482611	273.490238821
197.871127996	254.201834246	213.215638457	273.545383498	187.55549854	268.075765993	245.898067695	347.94485817	180.384709476	255.207479446	260.352561369
181.860254372	198.494965377	216.972485086	181.916327861	185.122740101	256.866685692	196.50105054	180.384709476	347.94485817	170.958143371	201.010066864
257.593920198	234.082360767	234.592175653	232.360541076	212.754917423	223.806337585	261.724482611	255.207479446	170.958143371	347.94485817	266.911714631
220.631508634	247.02994878	226.564706063	262.331388206	243.107545205	274.825302257	273.490238821	260.352561369	201.010066864	266.911714631	347.94485817
Genotype stats (X^T * X): 	175.539914201
Gene expression - Genotype stats (Y^T * X): 
6.61980861716	14.4081454916	56.2097192061	17.5825244498	7.39487642065	14.0901030639	8.45716020255	25.5947779377	-0.936072061315	7.41127138417	18.9597417618