Tissue	muscleskeletal
N_samples	358
Chr	16
Gene	ENSG00000133392.12
SNP	rs11647019
Gene_list	ENSG00000130176.3	ENSG00000133392.12	ENSG00000125868.11	ENSG00000157110.11	ENSG00000101335.5	ENSG00000167641.6	ENSG00000163017.9	ENSG00000107796.8	ENSG00000076706.10	ENSG00000159176.9
Gene expression stats (Y^T * Y): 
347.94485817	274.057195405	174.322080246	210.704723253	193.635958472	264.584549338	306.790945289	181.188643281	222.051051097	267.605149062
274.057195405	347.94485817	210.288685428	215.656566441	265.54671979	224.481484837	239.044985321	220.473579941	219.286106822	269.975945893
174.322080246	210.288685428	347.94485817	121.357017214	212.003651831	127.657948281	135.656620484	207.845289103	151.471017331	209.746721197
210.704723253	215.656566441	121.357017214	347.94485817	167.62061829	204.607422626	190.674313006	147.052020905	184.331084527	201.270565727
193.635958472	265.54671979	212.003651831	167.62061829	347.94485817	174.529623203	147.533138253	282.203457351	188.442406102	259.724989043
264.584549338	224.481484837	127.657948281	204.607422626	174.529623203	347.94485817	239.872105617	181.734861702	209.937089517	235.684873546
306.790945289	239.044985321	135.656620484	190.674313006	147.533138253	239.872105617	347.94485817	120.295899577	204.777996112	222.865564121
181.188643281	220.473579941	207.845289103	147.052020905	282.203457351	181.734861702	120.295899577	347.94485817	166.908991498	269.543938728
222.051051097	219.286106822	151.471017331	184.331084527	188.442406102	209.937089517	204.777996112	166.908991498	347.94485817	220.79903757
267.605149062	269.975945893	209.746721197	201.270565727	259.724989043	235.684873546	222.865564121	269.543938728	220.79903757	347.94485817
Genotype stats (X^T * X): 	84.3575418994
Gene expression - Genotype stats (Y^T * X): 
-29.8889119858	-30.6138673274	-2.42659488203	-30.2689398128	-17.5167258928	-24.7006647036	-20.5537676071	-11.9104761634	-15.8980057825	-18.9376413132