Tissue	muscleskeletal
N_samples	358
Chr	12
Gene	ENSG00000186081.7
SNP	rs3847827
Gene_list	ENSG00000096696.9	ENSG00000188508.6	ENSG00000161249.16	ENSG00000189001.6	ENSG00000178934.4	ENSG00000186847.5	ENSG00000124466.8	ENSG00000186081.7	ENSG00000167768.4	ENSG00000203785.4
Gene expression stats (Y^T * Y): 
347.94485817	231.252172039	210.873883258	250.193850592	205.292644839	245.809240794	234.724532663	224.617822093	237.294106187	194.282226616
231.252172039	347.94485817	243.720809297	282.758384152	237.578430447	259.469954359	209.703719072	237.772859407	274.570051283	207.028072873
210.873883258	243.720809297	347.94485817	227.284353216	219.250458964	257.355015366	179.968760154	221.503239303	275.391005707	176.844761739
250.193850592	282.758384152	227.284353216	347.94485817	225.790116371	265.564409068	243.582595864	251.83800678	261.516191594	216.555066934
205.292644839	237.578430447	219.250458964	225.790116371	347.94485817	256.390696785	189.252137461	223.141865088	265.167053566	162.86988771
245.809240794	259.469954359	257.355015366	265.564409068	256.390696785	347.94485817	215.369901362	274.75074889	298.395258595	196.464956932
234.724532663	209.703719072	179.968760154	243.582595864	189.252137461	215.369901362	347.94485817	241.013275912	204.795875042	190.894414383
224.617822093	237.772859407	221.503239303	251.83800678	223.141865088	274.75074889	241.013275912	347.94485817	254.934090274	209.339867607
237.294106187	274.570051283	275.391005707	261.516191594	265.167053566	298.395258595	204.795875042	254.934090274	347.94485817	172.462630732
194.282226616	207.028072873	176.844761739	216.555066934	162.86988771	196.464956932	190.894414383	209.339867607	172.462630732	347.94485817
Genotype stats (X^T * X): 	159.144559866
Gene expression - Genotype stats (Y^T * X): 
25.7051826451	24.5294270928	5.43021857772	32.2480707739	29.2860011465	37.6160106434	30.7935548811	40.9364991706	30.8630868228	22.2433692313