Tissue	muscleskeletal
N_samples	358
Chr	1
Gene	ENSG00000169469.7
SNP	rs6698583
Gene_list	ENSG00000205420.6	ENSG00000140519.8	ENSG00000121552.3	ENSG00000143536.7	ENSG00000169474.3	ENSG00000169469.7	ENSG00000241794.1
Gene expression stats (Y^T * Y): 
347.94485817	280.756116515	227.582387498	264.669676182	274.173631257	249.167315203	263.32814701
280.756116515	347.94485817	251.255201369	314.56088664	261.604030357	234.193816599	283.322305421
227.582387498	251.255201369	347.94485817	245.032000319	226.369542272	210.518979409	241.50462361
264.669676182	314.56088664	245.032000319	347.94485817	256.176690319	212.090033739	282.240789025
274.173631257	261.604030357	226.369542272	256.176690319	347.94485817	243.119202342	252.078268108
249.167315203	234.193816599	210.518979409	212.090033739	243.119202342	347.94485817	227.565843841
263.32814701	283.322305421	241.50462361	282.240789025	252.078268108	227.565843841	347.94485817
Genotype stats (X^T * X): 	30.794674919
Gene expression - Genotype stats (Y^T * X): 
-16.2907270087	-20.245549489	-16.6875363542	-17.2683575736	-23.0090232529	-20.0215499602	-19.9033693558