Tissue	muscleskeletal
N_samples	358
Chr	12
Gene	ENSG00000135390.13
SNP	rs75139843
Gene_list	ENSG00000134419.11	ENSG00000198242.9	ENSG00000142534.2	ENSG00000162244.6	ENSG00000135390.13	ENSG00000083845.4	ENSG00000149806.6	ENSG00000156482.6	ENSG00000161016.11	ENSG00000197756.5
Gene expression stats (Y^T * Y): 
347.94485817	259.094594481	265.286831401	253.809568552	215.760794498	245.804293898	219.97306197	282.091281564	215.699583081	247.53370999
259.094594481	347.94485817	282.382872194	270.510673043	210.780113547	251.396376405	239.082660956	286.552800067	241.101388966	278.54314147
265.286831401	282.382872194	347.94485817	285.752803246	233.500089306	276.610718407	262.785731713	276.754938491	269.7173941	300.789789135
253.809568552	270.510673043	285.752803246	347.94485817	229.442495587	286.136905243	267.012845216	274.139046802	266.804736057	294.312238546
215.760794498	210.780113547	233.500089306	229.442495587	347.94485817	213.636729803	214.80393461	215.913142191	212.906718081	218.685250537
245.804293898	251.396376405	276.610718407	286.136905243	213.636729803	347.94485817	264.216066223	243.232773749	279.38800344	269.261528869
219.97306197	239.082660956	262.785731713	267.012845216	214.80393461	264.216066223	347.94485817	219.058035213	264.954895312	277.417153491
282.091281564	286.552800067	276.754938491	274.139046802	215.913142191	243.232773749	219.058035213	347.94485817	203.242406509	267.844454691
215.699583081	241.101388966	269.7173941	266.804736057	212.906718081	279.38800344	264.954895312	203.242406509	347.94485817	268.549889374
247.53370999	278.54314147	300.789789135	294.312238546	218.685250537	269.261528869	277.417153491	267.844454691	268.549889374	347.94485817
Genotype stats (X^T * X): 	58.5933127514
Gene expression - Genotype stats (Y^T * X): 
8.49936192051	13.0989808625	11.4668553125	5.3551157944	23.6523811086	6.97450457294	0.728409996593	15.6813728568	8.01765421065	6.15330577493