Tissue	muscleskeletal
N_samples	358
Chr	2
Gene	ENSG00000114942.9
SNP	rs7574109
Gene_list	ENSG00000171863.8	ENSG00000116251.5	ENSG00000166441.8	ENSG00000105640.8	ENSG00000134419.11	ENSG00000198242.9	ENSG00000122026.6	ENSG00000188846.9	ENSG00000143947.8	ENSG00000083845.4	ENSG00000156482.6	ENSG00000112306.7	ENSG00000148303.12	ENSG00000114942.9
Gene expression stats (Y^T * Y): 
347.94485817	203.051536662	284.034937293	232.363799038	266.578325547	229.705922923	217.663286639	232.818427671	246.015639065	256.11092863	226.59958505	268.900924323	263.713693007	215.906048422
203.051536662	347.94485817	195.176982603	198.464745435	227.088590207	243.99882316	270.154672304	221.794681676	218.359077872	196.567560811	253.393941892	208.99440503	213.326304074	238.696207822
284.034937293	195.176982603	347.94485817	246.405274667	272.022805919	258.010232181	180.499575153	243.428971854	254.459607267	272.343063406	263.867354739	292.317732553	262.706826713	213.428613059
232.363799038	198.464745435	246.405274667	347.94485817	229.249678769	247.616978756	225.275254759	231.509836248	242.909562093	304.292375695	227.55567143	274.388245816	283.19021002	212.072053247
266.578325547	227.088590207	272.022805919	229.249678769	347.94485817	259.094594481	201.21108895	245.361590657	238.451061772	245.804293898	282.091281564	271.811757612	254.690610944	226.111008892
229.705922923	243.99882316	258.010232181	247.616978756	259.094594481	347.94485817	210.516339804	252.54630862	281.306425296	251.396376405	286.552800067	282.997005492	270.673728906	211.324012086
217.663286639	270.154672304	180.499575153	225.275254759	201.21108895	210.516339804	347.94485817	195.9241863	213.655236488	212.271855096	188.400782009	210.853085005	231.557657628	224.124898532
232.818427671	221.794681676	243.428971854	231.509836248	245.361590657	252.54630862	195.9241863	347.94485817	223.889066352	255.264438593	269.185637176	242.420491996	263.039647014	220.435266735
246.015639065	218.359077872	254.459607267	242.909562093	238.451061772	281.306425296	213.655236488	223.889066352	347.94485817	244.046057885	237.845284803	276.666462554	260.644752102	224.928142993
256.11092863	196.567560811	272.343063406	304.292375695	245.804293898	251.396376405	212.271855096	255.264438593	244.046057885	347.94485817	243.232773749	296.062404637	289.189412426	212.546037814
226.59958505	253.393941892	263.867354739	227.55567143	282.091281564	286.552800067	188.400782009	269.185637176	237.845284803	243.232773749	347.94485817	263.845422268	248.461682831	214.45797176
268.900924323	208.99440503	292.317732553	274.388245816	271.811757612	282.997005492	210.853085005	242.420491996	276.666462554	296.062404637	263.845422268	347.94485817	292.93704409	224.446508958
263.713693007	213.326304074	262.706826713	283.19021002	254.690610944	270.673728906	231.557657628	263.039647014	260.644752102	289.189412426	248.461682831	292.93704409	347.94485817	221.856570805
215.906048422	238.696207822	213.428613059	212.072053247	226.111008892	211.324012086	224.124898532	220.435266735	224.928142993	212.546037814	214.45797176	224.446508958	221.856570805	347.94485817
Genotype stats (X^T * X): 	183.686477531
Gene expression - Genotype stats (Y^T * X): 
-1.25552670167	-15.0155594394	4.37790325539	14.7127175943	-14.040228085	-1.95619059267	-10.5107732682	-5.40648486571	-7.56642966249	7.24765400902	-0.85746733486	-11.155170109	1.23208944215	-42.7480747966