Tissue	muscleskeletal
N_samples	358
Chr	3
Gene	ENSG00000163636.6
SNP	rs35841
Gene_list	ENSG00000129084.13	ENSG00000013275.3	ENSG00000100519.7	ENSG00000163636.6	ENSG00000100764.9	ENSG00000115233.7
Gene expression stats (Y^T * Y): 
347.94485817	224.05576891	225.375907528	221.367632311	210.749544356	228.744683125
224.05576891	347.94485817	204.531555952	240.322765274	207.90386334	265.213162949
225.375907528	204.531555952	347.94485817	244.52936626	157.258672899	201.041333541
221.367632311	240.322765274	244.52936626	347.94485817	209.781279265	243.485961029
210.749544356	207.90386334	157.258672899	209.781279265	347.94485817	204.006318672
228.744683125	265.213162949	201.041333541	243.485961029	204.006318672	347.94485817
Genotype stats (X^T * X): 	152.278121355
Gene expression - Genotype stats (Y^T * X): 
6.75597907589	9.33187843431	11.8371599581	37.8075810456	5.63180803318	23.2751502762