Tissue	muscleskeletal
N_samples	358
Chr	1
Gene	ENSG00000187608.5
SNP	rs13303353
Gene_list	ENSG00000187608.5	ENSG00000126709.10	ENSG00000157601.9	ENSG00000137959.11	ENSG00000137965.6	ENSG00000119917.9	ENSG00000160932.6
Gene expression stats (Y^T * Y): 
347.94485817	273.957938487	266.470098382	242.332544468	251.623380597	230.564676724	235.233490709
273.957938487	347.94485817	240.16899531	226.345973986	243.295341335	191.366608693	260.945669472
266.470098382	240.16899531	347.94485817	275.454841567	263.759706951	250.741181576	221.25270381
242.332544468	226.345973986	275.454841567	347.94485817	288.513454536	259.749769358	197.040562336
251.623380597	243.295341335	263.759706951	288.513454536	347.94485817	227.533216581	229.353142485
230.564676724	191.366608693	250.741181576	259.749769358	227.533216581	347.94485817	174.705289627
235.233490709	260.945669472	221.25270381	197.040562336	229.353142485	174.705289627	347.94485817
Genotype stats (X^T * X): 	59.4931173436
Gene expression - Genotype stats (Y^T * X): 
-24.2967605356	-16.3517522415	-19.5781103707	-20.6879202051	-23.559320379	-8.70306213767	-23.7321329067