Tissue	muscleskeletal
N_samples	358
Chr	12
Gene	ENSG00000177575.8
SNP	rs78883761
Gene_list	ENSG00000124491.11	ENSG00000177575.8	ENSG00000133800.4	ENSG00000173372.12	ENSG00000159189.7	ENSG00000173369.11	ENSG00000158869.6
Gene expression stats (Y^T * Y): 
347.94485817	228.656316742	264.872358786	260.155493935	265.097107209	253.606099635	204.54033985
228.656316742	347.94485817	239.152969962	244.11305051	259.930886844	263.421915089	222.039367388
264.872358786	239.152969962	347.94485817	251.591161247	255.799262281	243.857381797	198.967204212
260.155493935	244.11305051	251.591161247	347.94485817	321.476829771	323.006245016	220.012449114
265.097107209	259.930886844	255.799262281	321.476829771	347.94485817	324.31539364	234.186287011
253.606099635	263.421915089	243.857381797	323.006245016	324.31539364	347.94485817	229.770734429
204.54033985	222.039367388	198.967204212	220.012449114	234.186287011	229.770734429	347.94485817
Genotype stats (X^T * X): 	46.104557757
Gene expression - Genotype stats (Y^T * X): 
15.3008941988	20.7911776156	13.2405626816	17.4823066108	18.2702039592	17.0174893072	10.2932052771