Tissue	muscleskeletal
N_samples	358
Chr	21
Gene	ENSG00000157601.9
SNP	rs364024
Gene_list	ENSG00000187608.5	ENSG00000132530.12	ENSG00000126709.10	ENSG00000183486.8	ENSG00000157601.9	ENSG00000137959.11	ENSG00000137965.6	ENSG00000119917.9	ENSG00000089127.8	ENSG00000111331.8	ENSG00000111335.8	ENSG00000160932.6
Gene expression stats (Y^T * Y): 
347.94485817	192.769165457	273.957938487	196.907419203	266.470098382	242.332544468	251.623380597	230.564676724	185.62644414	175.743306673	163.790138036	235.233490709
192.769165457	347.94485817	190.996072265	159.477789355	230.775292829	217.89759687	220.374451908	177.779651386	169.816996944	184.935557044	174.564632637	186.20606754
273.957938487	190.996072265	347.94485817	160.936478157	240.16899531	226.345973986	243.295341335	191.366608693	144.064271611	162.213394038	152.894968588	260.945669472
196.907419203	159.477789355	160.936478157	347.94485817	223.505015675	239.774691177	197.526771711	220.570744801	236.804488486	244.349523895	228.627953376	145.246566317
266.470098382	230.775292829	240.16899531	223.505015675	347.94485817	275.454841567	263.759706951	250.741181576	218.728958978	229.759865354	215.668154197	221.25270381
242.332544468	217.89759687	226.345973986	239.774691177	275.454841567	347.94485817	288.513454536	259.749769358	242.106769198	258.200389852	235.066278577	197.040562336
251.623380597	220.374451908	243.295341335	197.526771711	263.759706951	288.513454536	347.94485817	227.533216581	182.337104578	193.2125407	185.392113621	229.353142485
230.564676724	177.779651386	191.366608693	220.570744801	250.741181576	259.749769358	227.533216581	347.94485817	230.495109367	245.622569307	249.404249917	174.705289627
185.62644414	169.816996944	144.064271611	236.804488486	218.728958978	242.106769198	182.337104578	230.495109367	347.94485817	273.290596926	246.411141196	139.992864778
175.743306673	184.935557044	162.213394038	244.349523895	229.759865354	258.200389852	193.2125407	245.622569307	273.290596926	347.94485817	284.010448099	149.511757446
163.790138036	174.564632637	152.894968588	228.627953376	215.668154197	235.066278577	185.392113621	249.404249917	246.411141196	284.010448099	347.94485817	146.918918625
235.233490709	186.20606754	260.945669472	145.246566317	221.25270381	197.040562336	229.353142485	174.705289627	139.992864778	149.511757446	146.918918625	347.94485817
Genotype stats (X^T * X): 	155.980111218
Gene expression - Genotype stats (Y^T * X): 
14.3776800504	17.4471797326	14.8219029086	26.4931217325	53.6325077822	20.0226565292	12.8562030134	6.03135484603	19.2843845235	14.9779363308	2.43449814033	20.2344255368