Tissue	muscleskeletal
N_samples	358
Chr	17
Gene	ENSG00000167863.7
SNP	rs2307011
Gene_list	ENSG00000241837.2	ENSG00000168653.6	ENSG00000167863.7	ENSG00000178741.7	ENSG00000127184.6	ENSG00000156467.5	ENSG00000167283.3
Gene expression stats (Y^T * Y): 
347.94485817	149.420082239	232.577358537	220.015453112	210.512752028	185.740406603	223.672548713
149.420082239	347.94485817	222.711135951	158.042073337	189.645776173	183.91368456	148.043604536
232.577358537	222.711135951	347.94485817	241.095694209	222.342248672	232.00048744	219.378104244
220.015453112	158.042073337	241.095694209	347.94485817	250.150319085	219.13374378	192.355739586
210.512752028	189.645776173	222.342248672	250.150319085	347.94485817	275.590851785	193.416179217
185.740406603	183.91368456	232.00048744	219.13374378	275.590851785	347.94485817	174.201223321
223.672548713	148.043604536	219.378104244	192.355739586	193.416179217	174.201223321	347.94485817
Genotype stats (X^T * X): 	38.9813718352
Gene expression - Genotype stats (Y^T * X): 
-15.9889432266	-11.5537335762	-18.7082961805	-12.0751315273	-12.2266918619	-15.8380337899	-13.3747590926