Tissue	muscleskeletal
N_samples	358
Chr	1
Gene	ENSG00000143631.10
SNP	rs7534742
Gene_list	ENSG00000178372.6	ENSG00000188508.6	ENSG00000161249.16	ENSG00000189001.6	ENSG00000186847.5	ENSG00000128422.11	ENSG00000167768.4	ENSG00000143631.10	ENSG00000143520.6	ENSG00000203782.5
Gene expression stats (Y^T * Y): 
347.94485817	275.012641631	245.031070672	263.093782445	226.190657699	193.685016488	245.872370084	267.547239473	289.749178778	276.471621755
275.012641631	347.94485817	243.720809297	282.758384152	259.469954359	197.669957213	274.570051283	233.113490887	259.098366661	263.620352658
245.031070672	243.720809297	347.94485817	227.284353216	257.355015366	175.834963886	275.391005707	214.722240719	234.080274143	231.135114981
263.093782445	282.758384152	227.284353216	347.94485817	265.564409068	206.071685497	261.516191594	238.05086109	259.73496258	276.135286255
226.190657699	259.469954359	257.355015366	265.564409068	347.94485817	210.844708907	298.395258595	213.216968208	220.228263989	234.062200058
193.685016488	197.669957213	175.834963886	206.071685497	210.844708907	347.94485817	185.72595686	221.975409226	209.76094268	204.191339477
245.872370084	274.570051283	275.391005707	261.516191594	298.395258595	185.72595686	347.94485817	214.215202517	242.775073312	240.434174393
267.547239473	233.113490887	214.722240719	238.05086109	213.216968208	221.975409226	214.215202517	347.94485817	288.349916304	247.424088544
289.749178778	259.098366661	234.080274143	259.73496258	220.228263989	209.76094268	242.775073312	288.349916304	347.94485817	280.30985634
276.471621755	263.620352658	231.135114981	276.135286255	234.062200058	204.191339477	240.434174393	247.424088544	280.30985634	347.94485817
Genotype stats (X^T * X): 	100.516759777
Gene expression - Genotype stats (Y^T * X): 
16.2712375269	29.2808321599	20.2633621436	22.1876451933	24.891418669	30.6396640176	18.5961030493	32.1936103954	24.1194137027	12.0411716898