Tissue	muscleskeletal
N_samples	358
Chr	14
Gene	ENSG00000211895.3
SNP	rs185828568
Gene_list	ENSG00000211677.2	ENSG00000211679.2	ENSG00000239951.1	ENSG00000211893.3	ENSG00000211895.3	ENSG00000211896.2
Gene expression stats (Y^T * Y): 
347.94485817	264.431333844	226.357270055	200.149025715	235.30536388	273.400376886
264.431333844	347.94485817	229.405052509	235.775536147	262.249114601	299.710080693
226.357270055	229.405052509	347.94485817	284.927768558	212.73145001	215.05809249
200.149025715	235.775536147	284.927768558	347.94485817	227.236782469	197.897009126
235.30536388	262.249114601	212.73145001	227.236782469	347.94485817	219.769757874
273.400376886	299.710080693	215.05809249	197.897009126	219.769757874	347.94485817
Genotype stats (X^T * X): 	20.4711577877
Gene expression - Genotype stats (Y^T * X): 
17.5002525242	14.0261271171	12.8293427117	10.4906601808	15.0393703098	13.4916788052