Tissue	muscleskeletal
N_samples	358
Chr	1
Gene	ENSG00000158869.6
SNP	rs16832813
Gene_list	ENSG00000177575.8	ENSG00000173372.12	ENSG00000159189.7	ENSG00000173369.11	ENSG00000011600.7	ENSG00000158869.6
Gene expression stats (Y^T * Y): 
347.94485817	244.11305051	259.930886844	263.421915089	170.89377686	222.039367388
244.11305051	347.94485817	321.476829771	323.006245016	247.024819318	220.012449114
259.930886844	321.476829771	347.94485817	324.31539364	245.879295395	234.186287011
263.421915089	323.006245016	324.31539364	347.94485817	231.89336149	229.770734429
170.89377686	247.024819318	245.879295395	231.89336149	347.94485817	225.244724162
222.039367388	220.012449114	234.186287011	229.770734429	225.244724162	347.94485817
Genotype stats (X^T * X): 	57.2765363128
Gene expression - Genotype stats (Y^T * X): 
-29.2101362496	-26.2298802469	-30.0284249672	-28.4358619985	-23.218435358	-24.1844651804