Tissue	muscleskeletal
N_samples	358
Chr	5
Gene	ENSG00000131730.11
SNP	rs10514211
Gene_list	ENSG00000250479.4	ENSG00000152234.11	ENSG00000110955.4	ENSG00000176340.3	ENSG00000178741.7	ENSG00000131730.11	ENSG00000154518.5	ENSG00000151729.6
Gene expression stats (Y^T * Y): 
347.94485817	175.583187093	180.452684842	264.084257081	216.477485199	231.254513845	205.684293791	206.766624542
175.583187093	347.94485817	304.096447187	181.167210729	195.750859196	246.332423392	270.242009405	265.922495017
180.452684842	304.096447187	347.94485817	203.012227512	210.485140733	243.913278742	272.834134994	281.236979724
264.084257081	181.167210729	203.012227512	347.94485817	193.085095321	215.206471879	222.659429151	202.428289089
216.477485199	195.750859196	210.485140733	193.085095321	347.94485817	214.906937955	205.188205343	210.250379924
231.254513845	246.332423392	243.913278742	215.206471879	214.906937955	347.94485817	233.72649655	249.661731084
205.684293791	270.242009405	272.834134994	222.659429151	205.188205343	233.72649655	347.94485817	242.003407218
206.766624542	265.922495017	281.236979724	202.428289089	210.250379924	249.661731084	242.003407218	347.94485817
Genotype stats (X^T * X): 	66.1889463799
Gene expression - Genotype stats (Y^T * X): 
-13.8489846296	-20.9402636847	-16.4175908994	-11.8831860436	-17.5888490559	-24.1211949282	-11.1877995272	-12.0070529951