Tissue	muscleskeletal
N_samples	358
Chr	17
Gene	ENSG00000109061.9
SNP	rs8068729
Gene_list	ENSG00000130598.11	ENSG00000130595.12	ENSG00000111640.10	ENSG00000109061.9	ENSG00000196296.9	ENSG00000149925.12	ENSG00000101470.5	ENSG00000086967.9	ENSG00000140416.15
Gene expression stats (Y^T * Y): 
347.94485817	331.201619629	220.164200173	215.285030327	252.186220863	239.818949831	283.77710946	276.491804993	307.449533593
331.201619629	347.94485817	231.167415402	231.533024118	251.459823772	235.029708463	288.855929938	283.073272092	308.094528797
220.164200173	231.167415402	347.94485817	223.869950664	228.473942462	283.374054018	197.844090699	263.656216826	231.219259915
215.285030327	231.533024118	223.869950664	347.94485817	255.330363934	226.883073951	210.586859601	276.188909687	209.219621905
252.186220863	251.459823772	228.473942462	255.330363934	347.94485817	260.012385384	217.595824293	267.331029693	269.324163341
239.818949831	235.029708463	283.374054018	226.883073951	260.012385384	347.94485817	210.382422081	248.405948959	234.647996942
283.77710946	288.855929938	197.844090699	210.586859601	217.595824293	210.382422081	347.94485817	239.880580681	261.061452515
276.491804993	283.073272092	263.656216826	276.188909687	267.331029693	248.405948959	239.880580681	347.94485817	275.884182172
307.449533593	308.094528797	231.219259915	209.219621905	269.324163341	234.647996942	261.061452515	275.884182172	347.94485817
Genotype stats (X^T * X): 	63.1983240223
Gene expression - Genotype stats (Y^T * X): 
-21.3978407286	-23.4773524984	-28.1385400664	-25.7689363298	-17.0658824255	-28.6610090881	-21.2030117048	-24.3102578174	-22.2655906311