Tissue	muscleskeletal
N_samples	358
Chr	4
Gene	ENSG00000163631.12
SNP	rs6446921
Gene_list	ENSG00000163631.12	ENSG00000197249.8	ENSG00000110245.7	ENSG00000118137.5	ENSG00000229314.4	ENSG00000132693.8
Gene expression stats (Y^T * Y): 
347.94485817	226.349051418	274.400699995	284.144819183	260.054945302	237.088820747
226.349051418	347.94485817	157.913646841	189.376054736	232.068296832	233.614115211
274.400699995	157.913646841	347.94485817	254.854274964	204.987507096	200.468981275
284.144819183	189.376054736	254.854274964	347.94485817	228.335513807	197.529785108
260.054945302	232.068296832	204.987507096	228.335513807	347.94485817	241.070905805
237.088820747	233.614115211	200.468981275	197.529785108	241.070905805	347.94485817
Genotype stats (X^T * X): 	32.4381765587
Gene expression - Genotype stats (Y^T * X): 
-16.0763014645	-4.36594872888	-17.8899749733	-16.6129797876	-9.14800539626	-9.03946193244