Tissue	muscleskeletal
N_samples	358
Chr	1
Gene	ENSG00000173369.11
SNP	rs10917274
Gene_list	ENSG00000124491.11	ENSG00000177575.8	ENSG00000133800.4	ENSG00000173372.12	ENSG00000159189.7	ENSG00000173369.11	ENSG00000011600.7	ENSG00000100979.10	ENSG00000010327.6	ENSG00000110077.10	ENSG00000158869.6
Gene expression stats (Y^T * Y): 
347.94485817	228.656316742	264.872358786	260.155493935	265.097107209	253.606099635	187.170465859	206.548332633	169.815227978	201.885624497	204.54033985
228.656316742	347.94485817	239.152969962	244.11305051	259.930886844	263.421915089	170.89377686	186.267068352	180.408281334	199.819468903	222.039367388
264.872358786	239.152969962	347.94485817	251.591161247	255.799262281	243.857381797	180.08612145	191.911104638	159.479395375	184.021214487	198.967204212
260.155493935	244.11305051	251.591161247	347.94485817	321.476829771	323.006245016	247.024819318	209.755636613	199.621715154	224.024790344	220.012449114
265.097107209	259.930886844	255.799262281	321.476829771	347.94485817	324.31539364	245.879295395	206.624266755	196.459041109	236.514287616	234.186287011
253.606099635	263.421915089	243.857381797	323.006245016	324.31539364	347.94485817	231.89336149	209.296414646	216.229008276	219.594868284	229.770734429
187.170465859	170.89377686	180.08612145	247.024819318	245.879295395	231.89336149	347.94485817	148.9494814	149.645613846	191.508787455	225.244724162
206.548332633	186.267068352	191.911104638	209.755636613	206.624266755	209.296414646	148.9494814	347.94485817	142.879075492	167.924940987	138.866414922
169.815227978	180.408281334	159.479395375	199.621715154	196.459041109	216.229008276	149.645613846	142.879075492	347.94485817	157.768527786	145.858715705
201.885624497	199.819468903	184.021214487	224.024790344	236.514287616	219.594868284	191.508787455	167.924940987	157.768527786	347.94485817	164.809304097
204.54033985	222.039367388	198.967204212	220.012449114	234.186287011	229.770734429	225.244724162	138.866414922	145.858715705	164.809304097	347.94485817
Genotype stats (X^T * X): 	155.946927374
Gene expression - Genotype stats (Y^T * X): 
-34.1531393446	-37.3145295366	-47.271178814	-48.7513913515	-50.3371611606	-46.3378773928	-39.9443891918	-24.3483115403	-34.1527398065	-35.6742971351	-30.2721822155