Tissue	muscleskeletal
N_samples	358
Chr	13
Gene	ENSG00000120694.15
SNP	rs4943290
Gene_list	ENSG00000120694.15	ENSG00000086061.11	ENSG00000115484.10	ENSG00000168439.12	ENSG00000100591.3	ENSG00000110172.7	ENSG00000080824.14	ENSG00000163468.10
Gene expression stats (Y^T * Y): 
347.94485817	280.324492061	221.37764014	253.86109662	237.165458594	209.503129202	217.920117897	219.121548697
280.324492061	347.94485817	193.641118427	220.255134391	207.709815004	220.957252616	180.077207219	186.265781616
221.37764014	193.641118427	347.94485817	225.716043634	198.74917388	151.482046432	179.116368964	239.18240688
253.86109662	220.255134391	225.716043634	347.94485817	270.823170766	144.509680745	267.476085672	224.836385824
237.165458594	207.709815004	198.74917388	270.823170766	347.94485817	116.515607329	256.089120853	213.923136275
209.503129202	220.957252616	151.482046432	144.509680745	116.515607329	347.94485817	106.961378681	123.323273214
217.920117897	180.077207219	179.116368964	267.476085672	256.089120853	106.961378681	347.94485817	181.913597625
219.121548697	186.265781616	239.18240688	224.836385824	213.923136275	123.323273214	181.913597625	347.94485817
Genotype stats (X^T * X): 	166.502199947
Gene expression - Genotype stats (Y^T * X): 
-38.2535266209	-36.4675796986	-11.0355076735	-18.724388014	-20.2167713227	-12.9844312916	-14.9577100039	-18.1460457514