Tissue	muscleskeletal
N_samples	358
Chr	1
Gene	ENSG00000158887.11
SNP	rs188178150
Gene_list	ENSG00000105227.10	ENSG00000117394.15	ENSG00000064300.4	ENSG00000160307.5	ENSG00000120057.4	ENSG00000158887.11
Gene expression stats (Y^T * Y): 
347.94485817	174.580900851	136.032489372	136.792090879	188.665637736	212.647691573
174.580900851	347.94485817	214.67959442	163.236080963	265.082589084	241.666498714
136.032489372	214.67959442	347.94485817	152.521225082	240.375022182	218.23931954
136.792090879	163.236080963	152.521225082	347.94485817	182.748582474	216.704416736
188.665637736	265.082589084	240.375022182	182.748582474	347.94485817	260.885576767
212.647691573	241.666498714	218.23931954	216.704416736	260.885576767	347.94485817
Genotype stats (X^T * X): 	45.7972978799
Gene expression - Genotype stats (Y^T * X): 
-12.1477816086	-12.362239244	-5.17598090556	-19.3067397259	-17.80429771	-19.5217785975