Tissue	muscleskeletal
N_samples	358
Chr	17
Gene	ENSG00000184811.3
SNP	rs111301995
Gene_list	ENSG00000184811.3	ENSG00000187288.6	ENSG00000176194.13	ENSG00000130876.7	ENSG00000124253.9	ENSG00000133317.10	ENSG00000166819.7	ENSG00000181092.5
Gene expression stats (Y^T * Y): 
347.94485817	224.961498149	238.513460062	234.440559509	212.9830585	239.571994504	226.399861435	235.440786228
224.961498149	347.94485817	212.479479516	151.604655675	215.664715148	214.198528071	263.65015214	292.287339694
238.513460062	212.479479516	347.94485817	226.997438651	206.690253841	193.313702109	223.587871658	226.789585592
234.440559509	151.604655675	226.997438651	347.94485817	175.555272617	201.858913628	175.117770947	165.99801554
212.9830585	215.664715148	206.690253841	175.555272617	347.94485817	226.623319344	202.829825792	232.016215183
239.571994504	214.198528071	193.313702109	201.858913628	226.623319344	347.94485817	199.427030667	240.194747628
226.399861435	263.65015214	223.587871658	175.117770947	202.829825792	199.427030667	347.94485817	278.95657424
235.440786228	292.287339694	226.789585592	165.99801554	232.016215183	240.194747628	278.95657424	347.94485817
Genotype stats (X^T * X): 	111.030282874
Gene expression - Genotype stats (Y^T * X): 
-42.7975107591	-19.9726005551	-28.2753410759	-39.3063009613	-25.5737922167	-40.3782253735	-32.1068836362	-23.8857895641