Tissue	muscleskeletal
N_samples	358
Chr	14
Gene	ENSG00000100804.14
SNP	rs11543947
Gene_list	ENSG00000142507.5	ENSG00000129084.13	ENSG00000100804.14	ENSG00000108294.4	ENSG00000108344.10	ENSG00000013275.3	ENSG00000100764.9	ENSG00000136930.8	ENSG00000159377.6
Gene expression stats (Y^T * Y): 
347.94485817	175.537842926	215.157323605	211.424125635	192.68344713	187.226868224	135.866295349	165.134654982	156.764100714
175.537842926	347.94485817	214.613474394	192.499548089	194.57544403	224.05576891	210.749544356	182.539058695	214.555649336
215.157323605	214.613474394	347.94485817	232.414252613	216.894146238	212.473308987	219.571323089	211.89072136	239.879459838
211.424125635	192.499548089	232.414252613	347.94485817	218.412288151	234.163895841	207.099118864	222.709173977	228.428952041
192.68344713	194.57544403	216.894146238	218.412288151	347.94485817	238.185281171	208.37646149	204.730003813	192.284304954
187.226868224	224.05576891	212.473308987	234.163895841	238.185281171	347.94485817	207.90386334	197.931523863	222.331377569
135.866295349	210.749544356	219.571323089	207.099118864	208.37646149	207.90386334	347.94485817	204.643830833	249.487406665
165.134654982	182.539058695	211.89072136	222.709173977	204.730003813	197.931523863	204.643830833	347.94485817	196.689045654
156.764100714	214.555649336	239.879459838	228.428952041	192.284304954	222.331377569	249.487406665	196.689045654	347.94485817
Genotype stats (X^T * X): 	49.0167597765
Gene expression - Genotype stats (Y^T * X): 
-6.30508486922	0.287178030568	-26.9868850756	-5.03515709291	2.01155818734	2.25376337229	-1.11064391724	-4.3602800561	-9.25690808476