Tissue	muscleskeletal
N_samples	358
Chr	11
Gene	ENSG00000133800.4
SNP	rs78068094
Gene_list	ENSG00000124491.11	ENSG00000177575.8	ENSG00000133800.4	ENSG00000173372.12	ENSG00000159189.7	ENSG00000173369.11
Gene expression stats (Y^T * Y): 
347.94485817	228.656316742	264.872358786	260.155493935	265.097107209	253.606099635
228.656316742	347.94485817	239.152969962	244.11305051	259.930886844	263.421915089
264.872358786	239.152969962	347.94485817	251.591161247	255.799262281	243.857381797
260.155493935	244.11305051	251.591161247	347.94485817	321.476829771	323.006245016
265.097107209	259.930886844	255.799262281	321.476829771	347.94485817	324.31539364
253.606099635	263.421915089	243.857381797	323.006245016	324.31539364	347.94485817
Genotype stats (X^T * X): 	52.3905405726
Gene expression - Genotype stats (Y^T * X): 
-13.7161299891	-17.1791468951	-20.434836066	-15.28580236	-20.2427926672	-19.7066930822