Tissue	muscleskeletal
N_samples	358
Chr	9
Gene	ENSG00000147872.5
SNP	rs12554867
Gene_list	ENSG00000099875.10	ENSG00000147872.5	ENSG00000158022.6	ENSG00000096060.10	ENSG00000135821.12	ENSG00000151726.9
Gene expression stats (Y^T * Y): 
347.94485817	230.109679877	209.623815361	271.939137157	245.910775308	237.991914814
230.109679877	347.94485817	209.356791271	249.283245962	217.688436403	254.193301275
209.623815361	209.356791271	347.94485817	201.39750448	263.881963529	156.790153679
271.939137157	249.283245962	201.39750448	347.94485817	240.582369931	282.116692455
245.910775308	217.688436403	263.881963529	240.582369931	347.94485817	181.116783542
237.991914814	254.193301275	156.790153679	282.116692455	181.116783542	347.94485817
Genotype stats (X^T * X): 	109.835451813
Gene expression - Genotype stats (Y^T * X): 
-14.8274914876	-33.2699524344	-15.7571722674	-25.3234475389	-14.1867875252	-20.5390577125