Tissue	muscleskeletal
N_samples	358
Chr	10
Gene	ENSG00000173915.8
SNP	rs11191660
Gene_list	ENSG00000154723.8	ENSG00000241837.2	ENSG00000178741.7	ENSG00000127184.6	ENSG00000164919.6	ENSG00000173915.8
Gene expression stats (Y^T * Y): 
347.94485817	218.878684576	213.832206354	214.305167906	207.033516069	255.85255092
218.878684576	347.94485817	220.015453112	210.512752028	174.218375935	211.640828293
213.832206354	220.015453112	347.94485817	250.150319085	230.876273513	222.743395002
214.305167906	210.512752028	250.150319085	347.94485817	281.410328633	214.253306122
207.033516069	174.218375935	230.876273513	281.410328633	347.94485817	212.669272155
255.85255092	211.640828293	222.743395002	214.253306122	212.669272155	347.94485817
Genotype stats (X^T * X): 	141.653409098
Gene expression - Genotype stats (Y^T * X): 
-10.9676214239	-3.05370567088	0.340490680787	-4.2092964112	16.3233990175	-41.9333405039