Tissue	muscleskeletal
N_samples	358
Chr	10
Gene	ENSG00000119922.7
SNP	rs12415827
Gene_list	ENSG00000134321.7	ENSG00000119922.7	ENSG00000119917.9	ENSG00000089127.8	ENSG00000111331.8	ENSG00000111335.8
Gene expression stats (Y^T * Y): 
347.94485817	217.181482429	226.950883757	215.311847978	238.874485849	238.549954524
217.181482429	347.94485817	239.37974694	219.829069451	234.137396839	214.305926817
226.950883757	239.37974694	347.94485817	230.495109367	245.622569307	249.404249917
215.311847978	219.829069451	230.495109367	347.94485817	273.290596926	246.411141196
238.874485849	234.137396839	245.622569307	273.290596926	347.94485817	284.010448099
238.549954524	214.305926817	249.404249917	246.411141196	284.010448099	347.94485817
Genotype stats (X^T * X): 	84.874301676
Gene expression - Genotype stats (Y^T * X): 
6.59146582763	35.2499934954	24.7619359332	6.38435555528	10.1342139645	11.8146017407