Tissue	wholeblood
N_samples	334
Chr	14
Gene	ENSG00000176153.10
SNP	rs2412107
Gene_list	ENSG00000134339.4	ENSG00000105697.3	ENSG00000234906.4	ENSG00000169715.10	ENSG00000205358.3	ENSG00000176153.10	ENSG00000163586.5	ENSG00000166741.3	ENSG00000158104.7	ENSG00000132693.8
Gene expression stats (Y^T * Y): 
324.073016144	225.680544093	180.428520221	218.742874113	131.777040877	202.602509745	266.000795246	231.240592304	143.484768872	145.072120372
225.680544093	324.073016144	252.054987752	243.733542995	190.589326917	273.834003582	267.155795603	243.028181742	194.526844756	139.739701641
180.428520221	252.054987752	324.073016144	225.62189095	215.877461668	277.521961512	252.67075017	181.398952749	253.513790652	169.333377257
218.742874113	243.733542995	225.62189095	324.073016144	217.894488351	238.485662679	227.230075133	229.211548943	196.330588996	161.492386586
131.777040877	190.589326917	215.877461668	217.894488351	324.073016144	228.75861348	158.473569218	128.541673327	201.236095926	240.657834958
202.602509745	273.834003582	277.521961512	238.485662679	228.75861348	324.073016144	259.704974593	221.27747114	241.373625144	194.664341798
266.000795246	267.155795603	252.67075017	227.230075133	158.473569218	259.704974593	324.073016144	249.748338598	203.205058969	128.871194683
231.240592304	243.028181742	181.398952749	229.211548943	128.541673327	221.27747114	249.748338598	324.073016144	140.251969158	109.062254835
143.484768872	194.526844756	253.513790652	196.330588996	201.236095926	241.373625144	203.205058969	140.251969158	324.073016144	151.981031179
145.072120372	139.739701641	169.333377257	161.492386586	240.657834958	194.664341798	128.871194683	109.062254835	151.981031179	324.073016144
Genotype stats (X^T * X): 	124.994011976
Gene expression - Genotype stats (Y^T * X): 
14.0481341956	16.15295141	23.718288043	16.3034084638	20.2269175624	34.1513695827	25.2998936357	21.6400556402	19.2880272531	41.0842518125