Tissue	wholeblood
N_samples	334
Chr	19
Gene	ENSG00000189001.6
SNP	rs73599221
Gene_list	ENSG00000189001.6	ENSG00000178934.4	ENSG00000137699.12	ENSG00000197191.3	ENSG00000180155.14	ENSG00000167656.4	ENSG00000203785.4	ENSG00000189334.4
Gene expression stats (Y^T * Y): 
324.073016144	203.69405365	251.341323688	222.472674551	222.091204909	220.43658904	218.225913858	216.25147619
203.69405365	324.073016144	177.396146338	104.354696978	91.5202038319	162.10747341	93.4428739112	109.415056902
251.341323688	177.396146338	324.073016144	254.281465415	234.108344751	266.065347367	230.580050727	254.795962612
222.472674551	104.354696978	254.281465415	324.073016144	238.321161941	255.545160121	229.156733697	246.201966499
222.091204909	91.5202038319	234.108344751	238.321161941	324.073016144	203.083639971	257.677892333	237.760889031
220.43658904	162.10747341	266.065347367	255.545160121	203.083639971	324.073016144	185.862963217	236.320622934
218.225913858	93.4428739112	230.580050727	229.156733697	257.677892333	185.862963217	324.073016144	266.296213332
216.25147619	109.415056902	254.795962612	246.201966499	237.760889031	236.320622934	266.296213332	324.073016144
Genotype stats (X^T * X): 	61.4948887096
Gene expression - Genotype stats (Y^T * X): 
-24.6180217946	-15.225516772	-19.2584107655	-10.5941883511	-22.2690130774	-17.327550348	-18.8778335161	-17.1288377714