Tissue	wholeblood
N_samples	334
Chr	1
Gene	ENSG00000132693.8
SNP	rs6672775
Gene_list	ENSG00000104760.12	ENSG00000205358.3	ENSG00000176153.10	ENSG00000166347.14	ENSG00000171564.7	ENSG00000171560.10	ENSG00000171557.12	ENSG00000132693.8
Gene expression stats (Y^T * Y): 
324.073016144	143.980619257	139.505103767	170.5911414	256.685477024	252.415766495	220.768646786	253.709509419
143.980619257	324.073016144	228.75861348	226.060226495	126.251619958	86.221694183	216.334345789	240.657834958
139.505103767	228.75861348	324.073016144	184.783007185	116.745764325	95.8841368773	163.372139756	194.664341798
170.5911414	226.060226495	184.783007185	324.073016144	186.775262918	146.652065452	222.531502289	211.339481096
256.685477024	126.251619958	116.745764325	186.775262918	324.073016144	254.762432602	245.388124369	219.350050913
252.415766495	86.221694183	95.8841368773	146.652065452	254.762432602	324.073016144	176.825174339	195.876228896
220.768646786	216.334345789	163.372139756	222.531502289	245.388124369	176.825174339	324.073016144	262.544459558
253.709509419	240.657834958	194.664341798	211.339481096	219.350050913	195.876228896	262.544459558	324.073016144
Genotype stats (X^T * X): 	173.673199832
Gene expression - Genotype stats (Y^T * X): 
29.5279257337	29.0933531495	14.245555904	29.8544507125	21.6032696701	26.2605161056	34.3772804866	38.8905111451