Tissue	wholeblood
N_samples	334
Chr	14
Gene	ENSG00000211962.2
SNP	rs72684913
Gene_list	ENSG00000211685.2	ENSG00000099958.10	ENSG00000211625.2	ENSG00000211933.2	ENSG00000211945.2	ENSG00000211962.2	ENSG00000211965.2	ENSG00000211967.2	ENSG00000211970.2	ENSG00000211973.2	ENSG00000211974.2
Gene expression stats (Y^T * Y): 
324.073016144	166.934218887	168.486718663	171.559377629	155.249813791	232.937864069	198.980488137	150.236071766	179.656213128	153.117067464	173.201541331
166.934218887	324.073016144	232.409930743	235.839421209	183.504226783	197.862449739	205.688593577	181.678594697	207.621728611	160.151669941	174.322406649
168.486718663	232.409930743	324.073016144	209.69130981	154.423600787	216.981187214	229.883516141	208.915620916	185.201735137	175.225265138	186.652552588
171.559377629	235.839421209	209.69130981	324.073016144	237.857968518	211.398667556	210.54381212	227.941550364	221.566223916	212.033718462	193.149795709
155.249813791	183.504226783	154.423600787	237.857968518	324.073016144	199.366379356	181.35348784	215.371507615	214.915554678	261.538647319	162.139306054
232.937864069	197.862449739	216.981187214	211.398667556	199.366379356	324.073016144	251.259271889	237.657866966	227.965798265	220.213984461	198.919876163
198.980488137	205.688593577	229.883516141	210.54381212	181.35348784	251.259271889	324.073016144	180.406830761	193.710640298	188.679900095	183.687544946
150.236071766	181.678594697	208.915620916	227.941550364	215.371507615	237.657866966	180.406830761	324.073016144	198.004457245	242.899934466	167.355081321
179.656213128	207.621728611	185.201735137	221.566223916	214.915554678	227.965798265	193.710640298	198.004457245	324.073016144	215.48000538	187.85020891
153.117067464	160.151669941	175.225265138	212.033718462	261.538647319	220.213984461	188.679900095	242.899934466	215.48000538	324.073016144	178.322506528
173.201541331	174.322406649	186.652552588	193.149795709	162.139306054	198.919876163	183.687544946	167.355081321	187.85020891	178.322506528	324.073016144
Genotype stats (X^T * X): 	28.7558501796
Gene expression - Genotype stats (Y^T * X): 
8.19670920934	10.6476250103	13.885197745	14.2895750553	8.93620041683	16.8697187738	11.0375316245	17.916314668	16.2488436827	12.8229002252	16.8199905834