Tissue	wholeblood
N_samples	334
Chr	18
Gene	ENSG00000166347.14
SNP	rs8097871
Gene_list	ENSG00000169136.4	ENSG00000205358.3	ENSG00000091583.6	ENSG00000166347.14	ENSG00000136872.13	ENSG00000158104.7	ENSG00000171557.12	ENSG00000132693.8
Gene expression stats (Y^T * Y): 
324.073016144	190.873000178	147.481735943	195.779811918	159.258485698	198.59053999	175.377752156	179.388931435
190.873000178	324.073016144	133.586554529	226.060226495	135.933260463	201.236095926	216.334345789	240.657834958
147.481735943	133.586554529	324.073016144	200.123837905	230.367762574	205.037459216	216.612738182	154.018885216
195.779811918	226.060226495	200.123837905	324.073016144	200.886434034	201.501324698	222.531502289	211.339481096
159.258485698	135.933260463	230.367762574	200.886434034	324.073016144	234.884313082	159.501968839	142.51780926
198.59053999	201.236095926	205.037459216	201.501324698	234.884313082	324.073016144	166.976147418	151.981031179
175.377752156	216.334345789	216.612738182	222.531502289	159.501968839	166.976147418	324.073016144	262.544459558
179.388931435	240.657834958	154.018885216	211.339481096	142.51780926	151.981031179	262.544459558	324.073016144
Genotype stats (X^T * X): 	27.318887488
Gene expression - Genotype stats (Y^T * X): 
-5.32401708931	-11.8370447779	-3.93369425186	-16.5094564886	-7.49581461551	-7.61448117675	-13.0481610724	-15.4329448028