Tissue	wholeblood
N_samples	334
Chr	12
Gene	ENSG00000111640.10
SNP	rs60237390
Gene_list	ENSG00000111640.10	ENSG00000111669.10	ENSG00000074800.9	ENSG00000134333.9	ENSG00000149925.12	ENSG00000067225.13
Gene expression stats (Y^T * Y): 
324.073016144	236.501005533	251.009297105	198.649848866	217.539216392	231.305916146
236.501005533	324.073016144	257.140375021	207.444599714	211.372021178	218.499264851
251.009297105	257.140375021	324.073016144	204.0079073	220.830219311	267.324403815
198.649848866	207.444599714	204.0079073	324.073016144	116.220307526	168.756280998
217.539216392	211.372021178	220.830219311	116.220307526	324.073016144	180.921439099
231.305916146	218.499264851	267.324403815	168.756280998	180.921439099	324.073016144
Genotype stats (X^T * X): 	32.5638049371
Gene expression - Genotype stats (Y^T * X): 
-21.6846192468	-16.1929720795	-18.9763476576	-15.5070095434	-19.4729628843	-15.9566703075