Tissue	wholeblood
N_samples	334
Chr	6
Gene	ENSG00000137198.5
SNP	rs4716049
Gene_list	ENSG00000206172.4	ENSG00000086506.2	ENSG00000099804.4	ENSG00000172270.14	ENSG00000063854.8	ENSG00000167671.7	ENSG00000244734.2	ENSG00000223609.3	ENSG00000060138.8	ENSG00000103342.8	ENSG00000104903.4	ENSG00000137198.5	ENSG00000170315.9	ENSG00000105701.11	ENSG00000158856.13	ENSG00000104765.10	ENSG00000100325.10	ENSG00000171552.8	ENSG00000169877.5	ENSG00000100225.13	ENSG00000107262.12	ENSG00000198876.8	ENSG00000090013.5	ENSG00000004939.9	ENSG00000108309.8	ENSG00000013306.11	ENSG00000166947.7	ENSG00000162366.3	ENSG00000087086.9	ENSG00000124098.9	ENSG00000132819.12	ENSG00000133742.9	ENSG00000145335.11	ENSG00000182512.4	ENSG00000107521.14	ENSG00000214253.4	ENSG00000119950.16	ENSG00000136732.10	ENSG00000136819.10	ENSG00000172331.7	ENSG00000133606.6	ENSG00000181788.3	ENSG00000143416.16	ENSG00000143321.14	ENSG00000082146.8	ENSG00000159346.8	ENSG00000133069.10	ENSG00000115649.11	ENSG00000168159.9
Gene expression stats (Y^T * Y): 
324.073016144	202.687969035	207.946895877	215.529684765	215.57096051	225.528051602	216.868625973	190.725224707	222.322853717	193.334087419	183.542170103	204.956295953	201.433771638	237.661558478	230.574762217	167.864436399	200.103466184	229.257693274	200.804804788	233.926048962	221.658365042	177.681303074	198.850516261	187.475105613	171.747612627	259.198954635	167.509408607	175.826584513	-219.924092915	242.270609122	205.317897446	173.31562414	212.754134674	182.020307983	120.204006433	160.606753303	140.891202578	204.099347071	186.141147411	163.640997193	207.995616329	119.116323186	216.28850267	130.851800401	197.51513762	192.207063076	161.974442469	152.532869082	147.715009637
202.687969035	324.073016144	181.421105993	177.059254554	202.686967474	262.03314964	204.733271398	205.878584801	212.118676851	157.827399632	237.451206426	207.941996697	177.255780179	230.629516327	226.542271011	149.174341798	139.360539818	192.560721411	212.568609424	195.733409727	196.07278122	146.346921915	210.54962231	179.322333289	203.979175688	233.958631249	130.163411224	230.363953828	-136.855845539	227.621407076	216.450625469	181.700255817	160.363985449	192.575177683	117.732022726	214.759681786	145.417565965	249.14078737	144.771957148	123.144688839	183.047536424	148.24638229	182.202065483	124.339000817	198.452331199	196.779612717	158.169572887	105.815589123	157.792686119
207.946895877	181.421105993	324.073016144	230.9437571	232.868225968	234.092425785	205.769719613	191.09069041	198.007971342	229.863853844	172.148263514	219.912351947	172.495072206	211.429335617	228.380408268	176.431871299	212.768826594	228.311150401	207.404345832	208.178206827	231.946117739	204.091710933	178.126562132	202.724617024	180.222254559	247.363085857	205.923670396	154.70670172	-188.089249569	235.069490098	226.651766888	182.849500323	220.311080156	212.691923359	166.187331542	208.602709352	172.346793533	179.512138319	217.494589914	191.95242416	208.075683752	156.856050283	237.866471493	165.065347066	205.886472149	206.009346462	160.208741609	187.33455598	175.939496318
215.529684765	177.059254554	230.9437571	324.073016144	185.141526577	206.637307331	183.310569083	236.061998677	206.37116184	194.927111228	188.607318339	216.81208919	204.331259218	210.253395181	242.846960945	194.530131771	162.775986499	243.497454566	240.181490522	215.797069481	181.0167699	164.223214869	217.24246539	241.054931153	173.537214679	243.426815555	190.554614186	162.780563945	-147.24101094	230.59749007	243.803350661	231.532499415	224.525608997	211.427956523	126.634844176	159.031597997	133.543706965	191.878282823	168.590224526	200.892910556	218.516691828	141.291521987	245.794231232	151.250305128	195.704228575	184.176015385	209.738587357	146.350351991	155.608279883
215.57096051	202.686967474	232.868225968	185.141526577	324.073016144	246.577737678	222.631642134	197.878032352	238.80026359	216.088766459	184.100625964	229.863511487	190.331658043	208.264760792	238.376007188	170.61248335	245.20198919	222.509920308	214.229952378	208.193599716	224.393000723	210.492997922	224.558854713	211.544168779	180.039976083	245.055579359	203.449905403	184.817373412	-208.2171791	253.220038125	216.196651791	184.459844835	220.979721982	212.432095797	159.138422146	216.707165052	176.35315144	217.733847796	198.960290371	183.741577056	214.46624952	138.297352204	237.076192393	161.946698548	250.40878158	221.200636011	131.931266627	160.353002345	187.206734076
225.528051602	262.03314964	234.092425785	206.637307331	246.577737678	324.073016144	231.483443469	218.269285578	248.384384973	212.516886656	235.62370727	232.073736226	202.253498495	281.896741786	276.76260148	183.346405672	215.622315543	237.904745144	229.949865602	240.84853077	253.856970874	193.710459005	222.376056906	208.017021024	215.655484141	284.567897289	173.138746451	236.524762346	-178.706759361	267.182144552	246.548857354	198.74436352	216.072693745	202.071407904	161.747245748	220.892248153	172.651894986	285.00147338	195.503808751	153.762312085	214.999536973	155.260744512	237.02271965	163.414118693	246.818599483	240.742197693	148.232405519	156.269362231	177.406624705
216.868625973	204.733271398	205.769719613	183.310569083	222.631642134	231.483443469	324.073016144	243.355357325	250.652687724	217.992090911	172.625404616	230.311483258	230.562406818	224.030603483	241.377373637	219.963675286	182.547422773	251.352113469	247.479312191	233.203668436	225.559228881	217.849843185	207.836600078	196.761060412	177.88898376	247.006238232	182.216426656	173.671828676	-217.942529987	260.445328476	208.786553172	220.685524673	260.840971132	207.231431191	155.435939754	192.650628017	186.126960792	222.882314163	222.054725729	200.005266844	229.228241091	148.388534652	244.811515703	162.386289366	256.748905837	250.933084782	145.170481172	162.55973834	134.261529315
190.725224707	205.878584801	191.09069041	236.061998677	197.878032352	218.269285578	243.355357325	324.073016144	236.914511896	203.766268704	191.009849749	237.608618016	248.145484826	198.377078307	253.88952534	213.957663588	164.423068218	259.697781413	310.409148102	232.000089076	202.056905376	187.429153878	245.696692054	244.254108461	180.704219627	245.231201849	210.986683816	176.73415862	-174.392105421	252.045393162	241.698485257	289.607612375	250.138078247	225.512417644	129.860658926	185.031202317	140.027957716	222.249403605	182.406975055	208.389272671	240.11550335	136.781979286	267.227904832	181.365571043	235.116740061	228.378382966	197.397910182	132.596874416	149.294304218
222.322853717	212.118676851	198.007971342	206.37116184	238.80026359	248.384384973	250.652687724	236.914511896	324.073016144	229.588468581	183.746236389	248.131771777	237.493081895	220.131432955	281.446118184	211.130722034	213.58257584	258.872757434	235.221721365	245.757972818	227.147876456	208.864862277	224.894111498	224.678298263	180.504115962	263.092264761	184.517681013	194.871536454	-209.547680502	281.562686283	233.438847897	229.171584962	265.612498496	222.60479197	158.578312163	196.097605417	204.167378747	245.757149983	215.871339533	189.168761152	254.787667711	164.799717797	268.207807142	183.794971357	274.685834813	273.568270604	145.711937648	159.453468711	169.005382514
193.334087419	157.827399632	229.863853844	194.927111228	216.088766459	212.516886656	217.992090911	203.766268704	229.588468581	324.073016144	178.655275683	238.510158826	207.339168763	198.14521154	245.092130574	201.802043621	228.367424714	263.64656945	210.63991608	236.338227764	231.385762404	248.964322902	194.549771603	227.208281914	199.791626957	244.088139075	229.796410624	167.228153611	-193.783068232	255.424529084	233.503924759	195.26736161	252.302122633	247.87874478	187.482716925	193.752448953	203.637372663	178.735148785	207.725681274	239.795323079	242.972425806	198.632560025	247.216329619	164.058939673	256.280235776	227.0411068	164.814376261	195.385181368	131.721550816
183.542170103	237.451206426	172.148263514	188.607318339	184.100625964	235.62370727	172.625404616	191.009849749	183.746236389	178.655275683	324.073016144	215.927631516	191.832361955	212.12988125	229.611772191	165.127120827	164.36845204	215.481091131	191.262831153	201.102115528	204.737788985	195.895687935	193.614325607	195.764121486	249.270741864	223.701409069	171.869189252	254.78134503	-138.019595595	213.238657521	224.005537464	175.443108338	164.371763379	187.356309101	154.478359812	186.701453372	127.643218566	227.260937213	125.958683259	135.827939029	198.732196357	144.435750912	172.843504333	143.875194026	201.761687767	180.16248566	181.512628382	136.099670561	133.052999936
204.956295953	207.941996697	219.912351947	216.81208919	229.863511487	232.073736226	230.311483258	237.608618016	248.131771777	238.510158826	215.927631516	324.073016144	226.165667984	197.878538996	261.05480215	219.86001724	202.674873621	272.06667432	237.868341822	224.065066105	218.281429255	247.689642196	204.679791003	225.025696501	217.360779947	247.520793916	238.220465571	198.507499275	-196.841357784	246.768568812	251.594350174	226.099350463	241.571440749	288.02104715	196.862569938	226.59543711	196.803889662	205.462269929	215.782813473	229.755630581	258.576248128	229.517578762	260.999189422	195.946784657	250.180776082	243.124504864	202.170562229	207.435379347	205.513754691
201.433771638	177.255780179	172.495072206	204.331259218	190.331658043	202.253498495	230.562406818	248.145484826	237.493081895	207.339168763	191.832361955	226.165667984	324.073016144	175.202469683	236.738913575	186.785953823	188.152580919	246.417518178	242.110219104	218.235680176	191.634686566	196.755801472	207.905415813	202.804416754	178.327592285	229.746144746	175.615980511	179.44996764	-174.782167467	236.87952787	206.264723602	213.679170706	233.035586943	200.053350988	148.653320302	162.571139507	141.295786102	202.300368764	177.790964974	176.177839065	225.737696904	126.298583587	236.207032862	146.30213086	227.546329964	216.209711001	141.362917834	159.94684576	126.027757033
237.661558478	230.629516327	211.429335617	210.253395181	208.264760792	281.896741786	224.030603483	198.377078307	220.131432955	198.14521154	212.12988125	197.878538996	175.202469683	324.073016144	259.217180625	169.30143706	190.842864577	229.429815219	210.383193255	238.593661664	234.230712903	167.938060258	201.484948257	194.871991339	190.668418007	281.165607361	158.592329568	206.202466332	-164.425138065	256.217327634	214.372411201	182.136517005	206.723848904	170.311710198	145.206178774	184.607650806	143.714843525	263.561293683	183.682051259	153.251931198	192.540557361	123.223867748	221.678098274	141.90705084	218.188218628	207.016019239	156.023655793	142.565721844	149.712021026
230.574762217	226.542271011	228.380408268	242.846960945	238.376007188	276.76260148	241.377373637	253.88952534	281.446118184	245.092130574	229.611772191	261.05480215	236.738913575	259.217180625	324.073016144	221.808468729	216.09980979	289.811045818	251.914735935	274.0713634	259.997705354	224.926351956	234.409223133	263.565526951	212.287986142	298.468116339	223.138898022	240.981413208	-208.70186925	289.833445903	267.172373134	245.966205578	268.717376474	236.498506394	170.986269697	210.755476667	176.394031323	268.066892611	217.523618463	202.469137332	273.230215245	170.838201588	277.150376723	195.977466902	282.225228539	267.708784374	190.400885327	175.75217471	192.942351765
167.864436399	149.174341798	176.431871299	194.530131771	170.61248335	183.346405672	219.963675286	213.957663588	211.130722034	201.802043621	165.127120827	219.86001724	186.785953823	169.30143706	221.808468729	324.073016144	154.052879646	239.506335507	219.358164198	207.825568988	196.384873203	212.001964205	178.02917469	201.059360602	188.967751532	209.870206674	192.439998526	151.776482869	-172.412823307	226.97240911	201.697246315	212.813518402	234.037872057	209.686268135	148.110366197	168.399205824	187.712782123	172.010728316	182.267479769	218.086035115	227.628926624	150.92158005	229.708163177	166.872539823	226.690308907	224.833119438	172.683945529	159.561908102	152.463487306
200.103466184	139.360539818	212.768826594	162.775986499	245.20198919	215.622315543	182.547422773	164.423068218	213.58257584	228.367424714	164.36845204	202.674873621	188.152580919	190.842864577	216.09980979	154.052879646	324.073016144	218.503886166	171.678414618	209.426144874	222.385472917	226.049608701	180.864260785	189.204273003	163.015362578	233.920156313	212.949518042	161.417807	-191.227101553	225.089636935	188.476491305	146.642278854	211.754905768	182.284432938	165.856911695	169.645615804	162.793310529	190.023984662	203.640257333	178.160565227	194.817872904	111.548358018	226.909681907	142.939811613	235.627960657	204.413743123	100.492147807	166.592324001	152.761493301
229.257693274	192.560721411	228.311150401	243.497454566	222.509920308	237.904745144	251.352113469	259.697781413	258.872757434	263.64656945	215.481091131	272.06667432	246.417518178	229.429815219	289.811045818	239.506335507	218.503886166	324.073016144	260.394421296	286.86776099	245.571773346	253.432734807	217.690524504	261.101728152	216.660767594	279.39862162	236.236387535	206.159663839	-211.033153737	285.516788656	267.714225616	253.101079671	292.632883283	253.599997774	176.999939906	197.839505436	186.531427908	217.184809572	224.227197688	245.351285234	289.660719332	183.716879725	284.319018463	177.934208551	275.273606547	259.882779641	209.420067645	180.522135192	157.757800023
200.804804788	212.568609424	207.404345832	240.181490522	214.229952378	229.949865602	247.479312191	310.409148102	235.221721365	210.63991608	191.262831153	237.868341822	242.110219104	210.383193255	251.914735935	219.358164198	171.678414618	260.394421296	324.073016144	236.752748082	206.795294453	186.005118337	253.326467391	249.121820759	177.105341094	251.009550241	211.515923902	185.434369957	-174.740003263	260.498185266	240.469951369	291.568362874	254.949323808	225.558474375	121.48238659	191.337139175	141.140568372	222.94504709	188.621039218	207.79083647	236.52705176	136.045967822	269.390173309	178.265349701	234.612574933	226.626204022	197.959675631	132.948534006	151.839216988
233.926048962	195.733409727	208.178206827	215.797069481	208.193599716	240.84853077	233.203668436	232.000089076	245.757972818	236.338227764	201.102115528	224.065066105	218.235680176	238.593661664	274.0713634	207.825568988	209.426144874	286.86776099	236.752748082	324.073016144	267.058333451	205.589109559	207.07239755	230.03298638	201.513671208	271.846411784	192.868851719	211.634042295	-202.032645074	276.926919578	240.263891942	237.64145327	270.709991145	211.076891421	137.415627543	175.621785899	155.350190318	230.943401294	209.614856042	188.144350819	268.020374719	147.121764762	253.227040004	150.809372945	250.42424398	250.837676171	188.515461986	146.633117134	142.24836534
221.658365042	196.07278122	231.946117739	181.0167699	224.393000723	253.856970874	225.559228881	202.056905376	227.147876456	231.385762404	204.737788985	218.281429255	191.634686566	234.230712903	259.997705354	196.384873203	222.385472917	245.571773346	206.795294453	267.058333451	324.073016144	209.353148525	191.62345753	202.54020072	191.350366478	267.211791761	198.644475302	214.597054125	-209.498539429	253.941981562	210.429342917	197.263405558	231.619667259	203.855046458	157.921515431	209.591884453	145.874814989	236.73467294	220.111513399	175.231030832	246.630294688	137.111474961	226.993871533	154.08965518	241.110061162	230.487827263	169.909165949	172.919053842	164.893384178
177.681303074	146.346921915	204.091710933	164.223214869	210.492997922	193.710459005	217.849843185	187.429153878	208.864862277	248.964322902	195.895687935	247.689642196	196.755801472	167.938060258	224.926351956	212.001964205	226.049608701	253.432734807	186.005118337	205.589109559	209.353148525	324.073016144	170.164850162	200.496299791	220.357952747	220.769228121	236.735212891	174.490395215	-193.811158212	221.336852262	224.034895997	167.732723454	231.389473662	237.868737842	197.96896795	196.981188914	220.686529639	163.959839815	193.850074687	242.316400593	241.431541621	193.2022245	227.758930607	180.292397299	259.306147189	222.739553724	155.479808865	202.446204781	149.208413297
198.850516261	210.54962231	178.126562132	217.24246539	224.558854713	222.376056906	207.836600078	245.696692054	224.894111498	194.549771603	193.614325607	204.679791003	207.905415813	201.484948257	234.409223133	178.02917469	180.864260785	217.690524504	253.326467391	207.07239755	191.62345753	170.164850162	324.073016144	231.427043118	160.411298545	234.189348326	200.008489636	190.386818932	-125.885867716	232.489906906	215.022592617	229.161183931	210.87632882	185.192588655	107.022196384	190.027045728	123.56256674	225.748474462	158.814407572	170.057669891	206.098230194	126.969504456	225.020028716	157.372182763	220.146630808	191.204997555	148.667422825	118.241439179	137.11506592
187.475105613	179.322333289	202.724617024	241.054931153	211.544168779	208.017021024	196.761060412	244.254108461	224.678298263	227.208281914	195.764121486	225.025696501	202.804416754	194.871991339	263.565526951	201.059360602	189.204273003	261.101728152	249.121820759	230.03298638	202.54020072	200.496299791	231.427043118	324.073016144	181.693180703	241.508874375	246.342815953	195.029356177	-179.021700268	245.722630187	253.987213234	254.248658181	243.880639361	229.887424735	130.749970014	174.492985354	157.430568701	197.617365079	196.15886292	229.159827472	248.869892312	131.307594504	259.441450079	182.828289038	242.901433593	217.545717702	232.976628102	137.073042551	157.804513366
171.747612627	203.979175688	180.222254559	173.537214679	180.039976083	215.655484141	177.88898376	180.704219627	180.504115962	199.791626957	249.270741864	217.360779947	178.327592285	190.668418007	212.287986142	188.967751532	163.015362578	216.660767594	177.105341094	201.513671208	191.350366478	220.357952747	160.411298545	181.693180703	324.073016144	207.888998978	174.341690465	212.164024428	-140.64525648	209.254764369	221.495291445	165.407537105	171.420981159	199.799536395	168.542697886	190.366320773	161.395577552	194.389860145	128.359825128	171.531657649	194.412110366	165.529571624	181.844238691	137.864779463	217.820589785	201.300148216	178.911131171	148.326507086	120.941308025
259.198954635	233.958631249	247.363085857	243.426815555	245.055579359	284.567897289	247.006238232	245.231201849	263.092264761	244.088139075	223.701409069	247.520793916	229.746144746	281.165607361	298.468116339	209.870206674	233.920156313	279.39862162	251.009550241	271.846411784	267.211791761	220.769228121	234.189348326	241.508874375	207.888998978	324.073016144	213.508282169	230.921969245	-213.910901387	287.40423132	257.046500097	223.122482468	254.28894042	222.91798842	169.461469528	211.65190627	166.661631743	267.211828871	217.387642713	192.247124367	255.874221097	153.552606868	272.065710995	178.232169653	268.938668094	248.998250508	180.037616285	175.424761921	189.155762871
167.509408607	130.163411224	205.923670396	190.554614186	203.449905403	173.138746451	182.216426656	210.986683816	184.517681013	229.796410624	171.869189252	238.220465571	175.615980511	158.592329568	223.138898022	192.439998526	212.949518042	236.236387535	211.515923902	192.868851719	198.644475302	236.735212891	200.008489636	246.342815953	174.341690465	213.508282169	324.073016144	159.134459958	-179.988242728	210.024865361	208.71566486	202.231696692	218.067871556	235.990331481	160.673137629	184.623556847	141.121208708	152.263976735	184.801319097	245.632044695	219.187699418	158.292962641	246.695755707	188.539267998	228.005125593	182.576642372	202.049865221	183.038645705	153.354398588
175.826584513	230.363953828	154.70670172	162.780563945	184.817373412	236.524762346	173.671828676	176.73415862	194.871536454	167.228153611	254.78134503	198.507499275	179.44996764	206.202466332	240.981413208	151.776482869	161.417807	206.159663839	185.434369957	211.634042295	214.597054125	174.490395215	190.386818932	195.029356177	212.164024428	230.921969245	159.134459958	324.073016144	-136.75051636	216.592992317	196.778410985	164.955677863	164.244482182	166.355875808	122.042266447	180.671579319	109.104661886	250.916538764	130.516261083	111.172954369	200.077736941	120.503707498	171.147250805	136.574754261	220.798337877	187.445434726	152.189759312	112.449272354	146.449958618
-219.924092915	-136.855845539	-188.089249569	-147.24101094	-208.2171791	-178.706759361	-217.942529987	-174.392105421	-209.547680502	-193.783068232	-138.019595595	-196.841357784	-174.782167467	-164.425138065	-208.70186925	-172.412823307	-191.227101553	-211.033153737	-174.740003263	-202.032645074	-209.498539429	-193.811158212	-125.885867716	-179.021700268	-140.64525648	-213.910901387	-179.988242728	-136.75051636	324.073016144	-215.159650377	-192.49833167	-157.62793923	-224.477855689	-187.12498095	-146.301815444	-155.534215104	-152.168671798	-158.17774664	-201.09717086	-185.614625755	-213.427616814	-116.360425289	-226.403364981	-144.218195173	-209.388124816	-196.520216901	-148.751758205	-172.809583408	-139.813104596
242.270609122	227.621407076	235.069490098	230.59749007	253.220038125	267.182144552	260.445328476	252.045393162	281.562686283	255.424529084	213.238657521	246.768568812	236.87952787	256.217327634	289.833445903	226.97240911	225.089636935	285.516788656	260.498185266	276.926919578	253.941981562	221.336852262	232.489906906	245.722630187	209.254764369	287.40423132	210.024865361	216.592992317	-215.159650377	324.073016144	252.95342633	248.71259035	276.655634169	228.091050035	159.473419699	206.929700122	189.755487775	253.636604285	222.384550443	217.369517948	260.103171603	167.828817988	278.583464856	174.063458434	278.708638066	270.814373877	181.954194015	161.959434098	158.341936974
205.317897446	216.450625469	226.651766888	243.803350661	216.196651791	246.548857354	208.786553172	241.698485257	233.438847897	233.503924759	224.005537464	251.594350174	206.264723602	214.372411201	267.172373134	201.697246315	188.476491305	267.714225616	240.469951369	240.263891942	210.429342917	224.034895997	215.022592617	253.987213234	221.495291445	257.046500097	208.71566486	196.778410985	-192.49833167	252.95342633	324.073016144	234.078723537	239.680682016	245.19973755	163.153740175	203.74259931	185.917363771	217.069780971	191.82016171	214.152944735	243.931357525	193.051862564	254.289281148	185.614997975	243.870570295	237.803334099	206.69926122	158.371123446	168.799632428
173.31562414	181.700255817	182.849500323	231.532499415	184.459844835	198.74436352	220.685524673	289.607612375	229.171584962	195.26736161	175.443108338	226.099350463	213.679170706	182.136517005	245.966205578	212.813518402	146.642278854	253.101079671	291.568362874	237.64145327	197.263405558	167.732723454	229.161183931	254.248658181	165.407537105	223.122482468	202.231696692	164.955677863	-157.62793923	248.71259035	234.078723537	324.073016144	250.107153655	218.702803141	116.579850028	162.106121895	139.375831976	201.251017824	191.242966586	203.888057207	233.713985245	141.157415849	255.134616206	181.214900849	218.749459599	231.002895242	222.481322432	119.00337054	146.408594495
212.754134674	160.363985449	220.311080156	224.525608997	220.979721982	216.072693745	260.840971132	250.138078247	265.612498496	252.302122633	164.371763379	241.571440749	233.035586943	206.723848904	268.717376474	234.037872057	211.754905768	292.632883283	254.949323808	270.709991145	231.619667259	231.389473662	210.87632882	243.880639361	171.420981159	254.28894042	218.067871556	164.244482182	-224.477855689	276.655634169	239.680682016	250.107153655	324.073016144	230.24337922	156.150198001	176.115913718	194.870772077	198.949960826	239.051462309	239.692133738	270.17342229	156.791894874	291.621545496	167.302732409	270.287017901	258.117238699	174.18980783	175.016561067	147.293207443
182.020307983	192.575177683	212.691923359	211.427956523	212.432095797	202.071407904	207.231431191	225.512417644	222.60479197	247.87874478	187.356309101	288.02104715	200.053350988	170.311710198	236.498506394	209.686268135	182.284432938	253.599997774	225.558474375	211.076891421	203.855046458	237.868737842	185.192588655	229.887424735	199.799536395	222.91798842	235.990331481	166.355875808	-187.12498095	228.091050035	245.19973755	218.702803141	230.24337922	324.073016144	197.394632348	224.408722167	212.518279117	170.25517346	207.867052616	251.011501582	249.103926705	237.859275215	250.525747628	178.989432605	234.524012288	224.138334372	221.459370197	205.408243619	191.618613226
120.204006433	117.732022726	166.187331542	126.634844176	159.138422146	161.747245748	155.435939754	129.860658926	158.578312163	187.482716925	154.478359812	196.862569938	148.653320302	145.206178774	170.986269697	148.110366197	165.856911695	176.999939906	121.48238659	137.415627543	157.921515431	197.96896795	107.022196384	130.749970014	168.542697886	169.461469528	160.673137629	122.042266447	-146.301815444	159.473419699	163.153740175	116.579850028	156.150198001	197.394632348	324.073016144	175.075022989	167.433812614	127.995959986	163.315020322	174.620593782	163.399527362	187.736920191	164.550300905	102.56108205	176.598053883	166.600271044	120.582558799	194.312421986	119.639017284
160.606753303	214.759681786	208.602709352	159.031597997	216.707165052	220.892248153	192.650628017	185.031202317	196.097605417	193.752448953	186.701453372	226.59543711	162.571139507	184.607650806	210.755476667	168.399205824	169.645615804	197.839505436	191.337139175	175.621785899	209.591884453	196.981188914	190.027045728	174.492985354	190.366320773	211.65190627	184.623556847	180.671579319	-155.534215104	206.929700122	203.74259931	162.106121895	176.115913718	224.408722167	175.075022989	324.073016144	177.685948266	186.109425567	174.347680694	179.845038814	203.817620325	187.063061755	201.733863028	141.962804963	211.101851051	191.310530283	154.663584654	164.545522784	157.756338262
140.891202578	145.417565965	172.346793533	133.543706965	176.35315144	172.651894986	186.126960792	140.027957716	204.167378747	203.637372663	127.643218566	196.803889662	141.295786102	143.714843525	176.394031323	187.712782123	162.793310529	186.531427908	141.140568372	155.350190318	145.874814989	220.686529639	123.56256674	157.430568701	161.395577552	166.661631743	141.121208708	109.104661886	-152.168671798	189.755487775	185.917363771	139.375831976	194.870772077	212.518279117	167.433812614	177.685948266	324.073016144	134.388102889	181.87743365	198.445336907	181.063564158	197.640749198	188.833653449	130.029052988	206.648914579	203.500823222	118.307097347	175.410961926	145.340827109
204.099347071	249.14078737	179.512138319	191.878282823	217.733847796	285.00147338	222.882314163	222.249403605	245.757149983	178.735148785	227.260937213	205.462269929	202.300368764	263.561293683	268.066892611	172.010728316	190.023984662	217.184809572	222.94504709	230.943401294	236.73467294	163.959839815	225.748474462	197.617365079	194.389860145	267.211828871	152.263976735	250.916538764	-158.17774664	253.636604285	217.069780971	201.251017824	198.949960826	170.25517346	127.995959986	186.109425567	134.388102889	324.073016144	165.766607473	126.875182929	198.524591769	128.168450667	212.088051876	170.722222402	245.984789157	231.562163808	130.753918057	107.180596042	158.728545228
186.141147411	144.771957148	217.494589914	168.590224526	198.960290371	195.503808751	222.054725729	182.406975055	215.871339533	207.725681274	125.958683259	215.782813473	177.790964974	183.682051259	217.523618463	182.267479769	203.640257333	224.227197688	188.621039218	209.614856042	220.111513399	193.850074687	158.814407572	196.15886292	128.359825128	217.387642713	184.801319097	130.516261083	-201.09717086	222.384550443	191.82016171	191.242966586	239.051462309	207.867052616	163.315020322	174.347680694	181.87743365	165.766607473	324.073016144	196.393714472	211.581538999	140.039964491	237.665841483	142.112504916	208.210880176	216.019355863	141.224860123	189.021123686	165.45983959
163.640997193	123.144688839	191.95242416	200.892910556	183.741577056	153.762312085	200.005266844	208.389272671	189.168761152	239.795323079	135.827939029	229.755630581	176.177839065	153.251931198	202.469137332	218.086035115	178.160565227	245.351285234	207.79083647	188.144350819	175.231030832	242.316400593	170.057669891	229.159827472	171.531657649	192.247124367	245.632044695	111.172954369	-185.614625755	217.369517948	214.152944735	203.888057207	239.692133738	251.011501582	174.620593782	179.845038814	198.445336907	126.875182929	196.393714472	324.073016144	224.370086258	187.578438825	242.720159447	146.743318195	224.421177248	189.798155228	203.553997108	173.704542667	125.694616103
207.995616329	183.047536424	208.075683752	218.516691828	214.46624952	214.999536973	229.228241091	240.11550335	254.787667711	242.972425806	198.732196357	258.576248128	225.737696904	192.540557361	273.230215245	227.628926624	194.817872904	289.660719332	236.52705176	268.020374719	246.630294688	241.431541621	206.098230194	248.869892312	194.412110366	255.874221097	219.187699418	200.077736941	-213.427616814	260.103171603	243.931357525	233.713985245	270.17342229	249.103926705	163.399527362	203.817620325	181.063564158	198.524591769	211.581538999	224.370086258	324.073016144	183.459718825	264.565012735	175.698942928	264.869744588	252.546522465	201.460562087	162.888770644	173.510539742
119.116323186	148.24638229	156.856050283	141.291521987	138.297352204	155.260744512	148.388534652	136.781979286	164.799717797	198.632560025	144.435750912	229.517578762	126.298583587	123.223867748	170.838201588	150.92158005	111.548358018	183.716879725	136.045967822	147.121764762	137.111474961	193.2022245	126.969504456	131.307594504	165.529571624	153.552606868	158.292962641	120.503707498	-116.360425289	167.828817988	193.051862564	141.157415849	156.791894874	237.859275215	187.736920191	187.063061755	197.640749198	128.168450667	140.039964491	187.578438825	183.459718825	324.073016144	159.265952661	128.653754052	161.7575176	175.438529845	145.893891465	147.722579751	130.580855414
216.28850267	182.202065483	237.866471493	245.794231232	237.076192393	237.02271965	244.811515703	267.227904832	268.207807142	247.216329619	172.843504333	260.999189422	236.207032862	221.678098274	277.150376723	229.708163177	226.909681907	284.319018463	269.390173309	253.227040004	226.993871533	227.758930607	225.020028716	259.441450079	181.844238691	272.065710995	246.695755707	171.147250805	-226.403364981	278.583464856	254.289281148	255.134616206	291.621545496	250.525747628	164.550300905	201.733863028	188.833653449	212.088051876	237.665841483	242.720159447	264.565012735	159.265952661	324.073016144	186.404741824	270.272745627	253.483759506	193.22880341	191.035510449	176.285628732
130.851800401	124.339000817	165.065347066	151.250305128	161.946698548	163.414118693	162.386289366	181.365571043	183.794971357	164.058939673	143.875194026	195.946784657	146.30213086	141.90705084	195.977466902	166.872539823	142.939811613	177.934208551	178.265349701	150.809372945	154.08965518	180.292397299	157.372182763	182.828289038	137.864779463	178.232169653	188.539267998	136.574754261	-144.218195173	174.063458434	185.614997975	181.214900849	167.302732409	178.989432605	102.56108205	141.962804963	130.029052988	170.722222402	142.112504916	146.743318195	175.698942928	128.653754052	186.404741824	324.073016144	186.824963236	173.580250973	121.632950685	105.961243423	138.664300833
197.51513762	198.452331199	205.886472149	195.704228575	250.40878158	246.818599483	256.748905837	235.116740061	274.685834813	256.280235776	201.761687767	250.180776082	227.546329964	218.188218628	282.225228539	226.690308907	235.627960657	275.273606547	234.612574933	250.42424398	241.110061162	259.306147189	220.146630808	242.901433593	217.820589785	268.938668094	228.005125593	220.798337877	-209.388124816	278.708638066	243.870570295	218.749459599	270.287017901	234.524012288	176.598053883	211.101851051	206.648914579	245.984789157	208.210880176	224.421177248	264.869744588	161.7575176	270.272745627	186.824963236	324.073016144	270.060049177	150.151180941	163.96119723	159.947691241
192.207063076	196.779612717	206.009346462	184.176015385	221.200636011	240.742197693	250.933084782	228.378382966	273.568270604	227.0411068	180.16248566	243.124504864	216.209711001	207.016019239	267.708784374	224.833119438	204.413743123	259.882779641	226.626204022	250.837676171	230.487827263	222.739553724	191.204997555	217.545717702	201.300148216	248.998250508	182.576642372	187.445434726	-196.520216901	270.814373877	237.803334099	231.002895242	258.117238699	224.138334372	166.600271044	191.310530283	203.500823222	231.562163808	216.019355863	189.798155228	252.546522465	175.438529845	253.483759506	173.580250973	270.060049177	324.073016144	153.287765341	165.615115221	162.786107252
161.974442469	158.169572887	160.208741609	209.738587357	131.931266627	148.232405519	145.170481172	197.397910182	145.711937648	164.814376261	181.512628382	202.170562229	141.362917834	156.023655793	190.400885327	172.683945529	100.492147807	209.420067645	197.959675631	188.515461986	169.909165949	155.479808865	148.667422825	232.976628102	178.911131171	180.037616285	202.049865221	152.189759312	-148.751758205	181.954194015	206.69926122	222.481322432	174.18980783	221.459370197	120.582558799	154.663584654	118.307097347	130.753918057	141.224860123	203.553997108	201.460562087	145.893891465	193.22880341	121.632950685	150.151180941	153.287765341	324.073016144	133.635237941	147.307611979
152.532869082	105.815589123	187.33455598	146.350351991	160.353002345	156.269362231	162.55973834	132.596874416	159.453468711	195.385181368	136.099670561	207.435379347	159.94684576	142.565721844	175.75217471	159.561908102	166.592324001	180.522135192	132.948534006	146.633117134	172.919053842	202.446204781	118.241439179	137.073042551	148.326507086	175.424761921	183.038645705	112.449272354	-172.809583408	161.959434098	158.371123446	119.00337054	175.016561067	205.408243619	194.312421986	164.545522784	175.410961926	107.180596042	189.021123686	173.704542667	162.888770644	147.722579751	191.035510449	105.961243423	163.96119723	165.615115221	133.635237941	324.073016144	173.805159899
147.715009637	157.792686119	175.939496318	155.608279883	187.206734076	177.406624705	134.261529315	149.294304218	169.005382514	131.721550816	133.052999936	205.513754691	126.027757033	149.712021026	192.942351765	152.463487306	152.761493301	157.757800023	151.839216988	142.24836534	164.893384178	149.208413297	137.11506592	157.804513366	120.941308025	189.155762871	153.354398588	146.449958618	-139.813104596	158.341936974	168.799632428	146.408594495	147.293207443	191.618613226	119.639017284	157.756338262	145.340827109	158.728545228	165.45983959	125.694616103	173.510539742	130.580855414	176.285628732	138.664300833	159.947691241	162.786107252	147.307611979	173.805159899	324.073016144
Genotype stats (X^T * X): 	139.71552212
Gene expression - Genotype stats (Y^T * X): 
-29.0005110458	-20.4102144653	-42.7606369309	-33.4385334192	-41.2768694485	-41.4037012528	-41.3730998187	-44.9019924078	-44.6057628115	-39.1796197627	-30.3834902387	-46.4975454669	-37.8871049708	-36.4479965944	-36.3769263214	-28.5545653523	-53.9777292588	-43.5125846628	-43.8338275049	-30.5136388372	-40.5994802359	-32.9179994995	-18.579719214	-31.9717831167	-31.86360756	-43.1282260626	-32.9438745121	-18.4855706132	38.3523536746	-48.3338082975	-39.352577779	-35.6996926724	-43.2907240158	-32.2808797948	-43.6358636329	-18.30536593	-23.0340599327	-43.3336460504	-36.2676900111	-36.6370410586	-28.6006118044	-23.6668650166	-43.1224758034	-25.2944521324	-39.1045826263	-49.3695972659	-20.8890128824	-10.5331569221	-20.3828451011