Tissue	wholeblood
N_samples	334
Chr	11
Gene	ENSG00000137699.12
SNP	rs6589790
Gene_list	ENSG00000172382.5	ENSG00000189001.6	ENSG00000205420.6	ENSG00000186081.7	ENSG00000167880.3	ENSG00000140519.8	ENSG00000137699.12	ENSG00000197191.3	ENSG00000180155.14	ENSG00000167656.4	ENSG00000143536.7	ENSG00000169474.3	ENSG00000203785.4	ENSG00000189334.4	ENSG00000081277.7
Gene expression stats (Y^T * Y): 
324.073016144	163.296528261	188.1421845	78.7072810917	154.20682764	194.111831982	200.232102562	232.196160628	198.659284025	198.264367118	187.754527949	177.699158861	194.470944883	205.844916714	84.8077118576
163.296528261	324.073016144	186.66442334	145.965482133	175.783113187	189.257113854	251.341323688	222.472674551	222.091204909	220.43658904	178.610897118	183.329753147	218.225913858	216.25147619	182.598206872
188.1421845	186.66442334	324.073016144	113.065697154	136.234690663	310.780631785	225.365844149	214.799529943	233.782324029	195.974221603	304.886872796	302.632359922	287.8167855	290.602825778	97.8451318698
78.7072810917	145.965482133	113.065697154	324.073016144	137.43911404	89.7872969751	194.510554372	118.530259275	92.6436522701	205.603693393	109.343570717	89.6294750879	71.32260857	151.00576055	224.982499258
154.20682764	175.783113187	136.234690663	137.43911404	324.073016144	138.603883377	203.171677527	186.553585353	171.479484859	199.680519096	132.851178351	123.821876719	146.410702996	162.553793907	148.29567811
194.111831982	189.257113854	310.780631785	89.7872969751	138.603883377	324.073016144	220.409739369	226.577979266	243.739915017	191.155743502	316.719598203	307.839652297	295.171170293	294.263265707	80.4591912437
200.232102562	251.341323688	225.365844149	194.510554372	203.171677527	220.409739369	324.073016144	254.281465415	234.108344751	266.065347367	216.781643736	210.136234407	230.580050727	254.795962612	202.724307412
232.196160628	222.472674551	214.799529943	118.530259275	186.553585353	226.577979266	254.281465415	324.073016144	238.321161941	255.545160121	218.619170326	206.379228228	229.156733697	246.201966499	126.205466131
198.659284025	222.091204909	233.782324029	92.6436522701	171.479484859	243.739915017	234.108344751	238.321161941	324.073016144	203.083639971	231.559143189	233.923265666	257.677892333	237.760889031	101.213857
198.264367118	220.43658904	195.974221603	205.603693393	199.680519096	191.155743502	266.065347367	255.545160121	203.083639971	324.073016144	196.500519254	177.384092549	185.862963217	236.320622934	194.289183839
187.754527949	178.610897118	304.886872796	109.343570717	132.851178351	316.719598203	216.781643736	218.619170326	231.559143189	196.500519254	324.073016144	300.38487267	275.425395023	300.120960108	88.4967790349
177.699158861	183.329753147	302.632359922	89.6294750879	123.821876719	307.839652297	210.136234407	206.379228228	233.923265666	177.384092549	300.38487267	324.073016144	288.063321934	273.661842624	82.6774874957
194.470944883	218.225913858	287.8167855	71.32260857	146.410702996	295.171170293	230.580050727	229.156733697	257.677892333	185.862963217	275.425395023	288.063321934	324.073016144	266.296213332	88.7987192773
205.844916714	216.25147619	290.602825778	151.00576055	162.553793907	294.263265707	254.795962612	246.201966499	237.760889031	236.320622934	300.120960108	273.661842624	266.296213332	324.073016144	125.92552723
84.8077118576	182.598206872	97.8451318698	224.982499258	148.29567811	80.4591912437	202.724307412	126.205466131	101.213857	194.289183839	88.4967790349	82.6774874957	88.7987192773	125.92552723	324.073016144
Genotype stats (X^T * X): 	73.3033138683
Gene expression - Genotype stats (Y^T * X): 
-14.6010909476	-18.3138861464	-21.0593177853	-10.3282443531	-17.0293342067	-21.7731596901	-27.3105283681	-23.4303830864	-18.3942833351	-21.2853034421	-22.2354895102	-21.9405658027	-24.0526617208	-23.302264583	-8.97816539147