Tissue	wholeblood
N_samples	334
Chr	11
Gene	ENSG00000134333.9
SNP	rs75923026
Gene_list	ENSG00000111640.10	ENSG00000111669.10	ENSG00000059804.11	ENSG00000074800.9	ENSG00000134333.9	ENSG00000147872.5	ENSG00000168209.4	ENSG00000135245.9
Gene expression stats (Y^T * Y): 
324.073016144	236.501005533	108.812366888	251.009297105	198.649848866	154.662890525	117.802467789	168.668393836
236.501005533	324.073016144	196.591387483	257.140375021	207.444599714	238.032540092	192.943513046	218.418285864
108.812366888	196.591387483	324.073016144	155.994611681	201.571466469	256.366730463	280.556615466	173.431473418
251.009297105	257.140375021	155.994611681	324.073016144	204.0079073	196.973503942	147.611026465	169.211137355
198.649848866	207.444599714	201.571466469	204.0079073	324.073016144	204.516793128	194.913224536	196.347205274
154.662890525	238.032540092	256.366730463	196.973503942	204.516793128	324.073016144	259.361083506	242.573092002
117.802467789	192.943513046	280.556615466	147.611026465	194.913224536	259.361083506	324.073016144	208.371615297
168.668393836	218.418285864	173.431473418	169.211137355	196.347205274	242.573092002	208.371615297	324.073016144
Genotype stats (X^T * X): 	62.2987963503
Gene expression - Genotype stats (Y^T * X): 
22.4978135582	18.2107663546	20.6738157805	21.6586985587	24.0510370881	17.9474700387	22.4151787287	9.36908128554