Tissue	wholeblood
N_samples	334
Chr	14
Gene	ENSG00000211964.2
SNP	rs55996323
Gene_list	ENSG00000239264.4	ENSG00000211637.2	ENSG00000211640.3	ENSG00000211644.2	ENSG00000211648.2	ENSG00000211649.2	ENSG00000211651.2	ENSG00000211652.2	ENSG00000211653.2	ENSG00000211659.2	ENSG00000211660.3	ENSG00000211662.2	ENSG00000211663.2	ENSG00000211666.2	ENSG00000211668.2	ENSG00000211671.2	ENSG00000211673.2	ENSG00000254709.2	ENSG00000211675.2	ENSG00000211677.2	ENSG00000132465.6	ENSG00000211598.2	ENSG00000243466.1	ENSG00000239855.1	ENSG00000241755.1	ENSG00000241351.1	ENSG00000243290.1	ENSG00000244437.1	ENSG00000240864.1	ENSG00000240382.1	ENSG00000239951.1	ENSG00000241294.1	ENSG00000244575.1	ENSG00000244116.1	ENSG00000243238.1	ENSG00000242076.1	ENSG00000251546.1	ENSG00000243264.1	ENSG00000211890.3	ENSG00000211892.2	ENSG00000211893.3	ENSG00000211896.2	ENSG00000211897.3	ENSG00000211899.3	ENSG00000211933.2	ENSG00000211934.2	ENSG00000211937.2	ENSG00000211938.2	ENSG00000211940.2	ENSG00000211941.2	ENSG00000211943.2	ENSG00000211945.2	ENSG00000211947.2	ENSG00000211949.2	ENSG00000211953.2	ENSG00000231475.2	ENSG00000211955.2	ENSG00000211956.2	ENSG00000211959.2	ENSG00000211964.2	ENSG00000211966.2	ENSG00000211967.2	ENSG00000224373.2	ENSG00000211973.2	ENSG00000224650.2	ENSG00000170476.11
Gene expression stats (Y^T * Y): 
324.073016144	202.154598351	233.647663335	240.050498183	242.035685321	235.332492643	260.733753136	235.945565325	250.20310307	216.877271636	264.466956776	213.088382409	202.753505284	244.647716401	251.461286808	242.52270774	236.578649247	262.037873411	218.517987413	231.515695487	266.884724435	258.153039539	256.092031725	223.311553646	233.697293164	248.478892046	239.017561132	241.291649535	238.457279832	221.873286108	245.184076864	222.696983963	234.394290717	242.330382785	239.765192549	235.560221224	240.441944567	177.879830403	216.515883504	218.509664997	204.974972402	209.188093813	216.06951099	168.061565487	226.556253905	195.812205263	185.563681521	241.60520465	227.487561928	218.498170497	221.440539129	225.736704546	229.107813024	246.901906937	228.6224684	200.685294665	226.544568254	195.257193256	232.759698597	241.974779031	214.837273018	166.115160962	225.649372377	176.955133184	217.474750291	285.258050865
202.154598351	324.073016144	156.726574618	253.954423177	255.966380798	183.010501985	244.713421276	203.21678852	242.223616838	209.741104669	214.121642935	203.852981091	234.761338097	238.01060235	221.938880566	239.633015087	230.053259529	210.637668944	199.807103695	210.707943898	230.63135673	240.595507948	227.343890798	241.852206425	199.131508421	233.582063074	170.128190732	222.58710935	181.389350101	226.993518579	243.987397749	218.416960952	191.849028949	230.396762532	232.324098276	218.943376696	236.616151619	91.4694512273	197.349589989	214.483498059	188.757409438	184.205079186	208.116741345	151.523521713	170.157431571	177.504326946	204.674674549	234.828923971	216.222479157	216.268240016	200.708596072	196.176704552	227.293840404	244.267225356	223.168914926	226.501107961	225.071121888	182.696266557	225.767816626	201.447402766	226.722711507	78.9528577706	218.781390218	142.699150299	206.031771166	221.658571199
233.647663335	156.726574618	324.073016144	199.048212506	175.068693294	228.656288385	216.373341752	234.8084573	221.792738191	229.303380378	239.133400835	227.355162968	144.78305253	189.268984002	215.498394005	203.547909005	201.947821818	231.399421044	151.17963771	174.825153845	190.124614289	209.40992653	204.048368147	181.806630404	203.810020939	192.145030503	204.363746848	195.101725675	209.152704012	187.343638583	180.909846927	156.216195968	219.120302491	165.754370968	162.955531404	202.185257108	195.486071789	170.067848826	154.238558098	211.022826653	132.393386865	139.684817178	181.690056829	109.309311588	226.73407085	206.787475039	202.815048892	187.815292246	203.196231929	231.388802704	188.32349215	214.263624682	202.685181417	186.149088074	193.273702726	184.461520475	186.589273458	153.389428029	208.921002524	202.629675041	197.311240902	195.626595914	214.665916161	199.505871531	157.937878137	244.67368402
240.050498183	253.954423177	199.048212506	324.073016144	285.752332102	220.560221277	278.077105147	217.946918924	280.891479067	240.153620786	264.856419392	218.589178941	256.587356683	278.975684438	256.897232942	254.056805287	261.143646565	276.584567705	268.96866038	257.948650245	271.510269486	272.357650133	269.317486899	263.87688462	261.609706442	274.829095922	229.453143714	270.234996036	214.835689462	265.876927252	285.219073587	261.520901028	207.019636069	285.501223704	267.099010007	266.784974299	278.684980684	155.812651779	248.083031781	245.679797347	254.404149694	253.830460458	247.507126733	189.256380232	182.836464431	203.371783859	185.680072971	276.197061441	232.322897709	225.72720144	221.092549131	218.424718477	251.175512439	267.18842305	251.160018803	212.2983515	242.545876184	229.758775022	241.707436655	255.635427318	229.528085566	126.337275077	227.778634243	171.550221067	258.681595318	264.901811813
242.035685321	255.966380798	175.068693294	285.752332102	324.073016144	211.951243186	271.046039015	212.611151497	257.256128396	213.408897111	241.828961839	205.706585609	263.888023659	263.37785272	243.019342462	247.742733369	243.158902478	272.905221552	248.27596742	238.062250406	277.852416737	253.326114676	250.543222417	256.805503993	245.735545962	259.025583932	222.445039444	257.430797746	197.550243225	249.22162652	267.846056345	272.225553109	196.161040662	272.194976696	267.446328536	251.948487963	257.461368349	160.299197264	242.095881155	242.031569063	243.918737174	228.412734192	240.522574184	185.220625801	194.719780306	196.572711132	186.269895541	268.943258001	222.015403863	207.357323133	224.927328898	219.583325146	241.122033254	271.365281242	250.625732986	213.850414488	242.023670852	235.811988729	241.423423938	260.180180087	223.599952505	141.549551158	225.903833383	187.298439121	277.869085973	259.783138343
235.332492643	183.010501985	228.656288385	220.560221277	211.951243186	324.073016144	232.152442432	236.398977365	230.493617191	227.045643269	252.563410473	216.739059255	170.754511332	211.451824874	239.970679623	240.216594553	214.434980493	251.255878569	173.565092639	192.351056579	210.07341711	234.603650313	227.780464112	204.026901169	205.953551823	225.356278124	229.644674042	213.575944226	213.737394295	221.048238336	207.025640905	207.042276257	241.227180481	210.077823672	203.134356189	211.621477418	206.698099347	198.544891906	192.406049381	218.112409515	172.53010759	160.806259609	182.001370544	154.104513054	220.495948042	196.377829141	183.831438454	233.122902422	183.847748122	216.225683022	217.82443828	216.187429114	211.300981116	225.051465622	218.882792721	166.630310174	210.995241112	181.626670148	210.301871654	223.544264642	204.455729574	187.604476064	210.177153866	189.219792957	205.009827412	256.376009361
260.733753136	244.713421276	216.373341752	278.077105147	271.046039015	232.152442432	324.073016144	231.738657017	290.269679659	253.16119757	288.199780561	246.795237183	241.682675044	274.113394067	270.459338297	266.127401564	268.166940036	278.528199597	239.647924014	247.931627118	271.387579798	284.346909025	283.888874257	249.535118272	257.818307078	277.76519115	261.029934125	270.250247353	240.245792818	256.326209703	279.24971986	239.295970953	238.046943052	256.896628729	261.070651075	273.498099066	281.091589061	184.37052398	234.192527923	253.760820597	212.004142528	227.524562007	251.030764422	203.51015936	225.163093607	224.408392995	223.532419136	267.623527056	236.49071575	238.552732226	232.203058601	249.623049694	271.465263475	278.54658812	259.270303171	217.490399438	259.026306234	218.930675182	261.077312046	269.642556189	256.999424024	158.610311822	258.380450791	206.355303823	237.052424549	284.021782723
235.945565325	203.21678852	234.8084573	217.946918924	212.611151497	236.398977365	231.738657017	324.073016144	229.349628444	212.350294892	246.159328048	226.693417455	171.317318651	214.642114141	223.088104317	230.996999764	210.380236168	228.609511925	165.558573184	196.921324207	204.539166619	225.959098335	215.949259607	211.056547807	209.434794039	223.345407717	206.400156395	210.289916618	235.854106755	221.840026612	210.716497024	190.480891548	236.082968142	201.391740847	197.081427414	202.434780946	207.146498444	164.490585567	169.894670403	223.6374799	163.834450535	142.410846201	185.566989791	160.889802916	254.83175546	191.899020727	218.1664713	220.011976525	199.104609023	242.46079144	219.983651638	229.091793022	212.948583352	224.057679306	212.254185058	224.180620922	207.820212208	199.926112653	240.220816398	223.172391123	225.284280602	192.480859174	239.325880734	203.660960912	187.27638019	237.36386238
250.20310307	242.223616838	221.792738191	280.891479067	257.256128396	230.493617191	290.269679659	229.349628444	324.073016144	262.307735982	290.298608254	263.104257526	248.05087754	281.541950517	278.210228847	259.166748598	283.032013238	274.633766269	250.096761223	263.614333704	260.376361631	284.6234593	282.762201743	258.549115972	260.786899114	289.23523962	266.728719396	278.181930192	248.783987821	257.88811206	283.593543528	228.199941163	233.929151554	257.488443838	248.202229542	278.375311129	281.131665859	168.771684768	231.572680895	253.692113497	226.475460425	240.114615634	248.603058494	194.936679893	202.918686218	226.999751944	222.848665951	261.59500071	222.388964287	232.576382396	231.146817096	241.079072982	267.241439201	269.38741312	264.026404445	217.706600037	256.766162798	225.906939449	262.301222986	253.771121252	254.784299596	144.390152826	257.015557731	195.999742388	217.478220668	281.728544269
216.877271636	209.741104669	229.303380378	240.153620786	213.408897111	227.045643269	253.16119757	212.350294892	262.307735982	324.073016144	272.417282784	263.494026583	206.189716261	226.916584908	250.256431631	228.374986815	270.860866379	244.103266049	200.256377785	217.522938622	210.730839223	253.606785498	248.747203928	230.067906915	239.464940625	243.896952233	231.205459135	231.542744934	238.209047859	231.843590657	231.502693521	201.88955131	245.961400315	208.350590385	209.820644678	254.453041384	245.417990296	172.886191427	189.548217422	223.003805737	172.454755387	186.737933085	217.780956874	153.674796872	195.877813101	235.628391449	229.045443537	221.588039837	209.060594904	234.952822498	205.60182163	231.14927449	239.37294825	233.422943818	224.866640234	188.767260849	216.815877649	194.719746809	235.090706457	221.70956987	245.314620848	150.96077361	220.325838499	199.37889985	187.70444611	244.334248189
264.466956776	214.121642935	239.133400835	264.856419392	241.828961839	252.563410473	288.199780561	246.159328048	290.298608254	272.417282784	324.073016144	263.934118903	223.020540186	274.130118501	281.362113882	280.794759298	271.033022091	282.335674339	234.29399927	250.418572186	258.628272088	289.346752672	287.907958845	243.574575278	260.772140988	279.366768436	272.092767967	272.141073065	261.287188949	258.183287681	272.820628802	225.366006979	266.324301061	252.561672	250.093982805	273.803080465	274.110970974	203.13098919	222.116513614	251.179726218	211.754809786	221.79629018	234.942600137	190.544531853	227.420121528	233.644287531	224.289376533	264.683814658	232.519847865	243.76830225	238.07799722	250.521222145	264.029093117	269.18847476	256.359354942	206.023806743	250.524877234	214.356228613	259.312163823	257.029523213	248.355847762	177.787709717	252.084085073	209.602677708	219.377250461	289.305549025
213.088382409	203.852981091	227.355162968	218.589178941	205.706585609	216.739059255	246.795237183	226.693417455	263.104257526	263.494026583	263.934118903	324.073016144	196.865574066	233.139575277	233.796662627	221.198348848	253.102390383	233.402760308	183.545405419	211.330242625	211.91035953	235.324968785	233.737835093	200.036424399	231.54106545	239.267787781	217.876417963	232.629989162	231.077473059	218.874071514	227.130997438	178.825303793	215.920643827	196.72530114	194.641079691	246.432124922	238.619663996	155.720421602	173.179186487	236.848850043	153.090568493	173.891763449	212.933826484	155.68995782	224.659668555	234.660984378	239.340777011	214.104908623	208.051485311	248.637331837	223.49464004	254.747411166	237.001544619	228.919002838	220.006835434	207.766468307	231.382072013	203.735477346	248.834773244	218.156907403	245.264356114	181.116298686	232.740746976	225.482801826	186.098637734	240.086953927
202.753505284	234.761338097	144.78305253	256.587356683	263.888023659	170.754511332	241.682675044	171.317318651	248.05087754	206.189716261	223.020540186	196.865574066	324.073016144	239.636177706	219.153064111	210.705171758	240.792983586	224.678176467	247.977071688	239.752823534	239.421925501	226.927723659	229.19910851	229.935032441	229.260379844	233.062849239	207.514553004	231.139713329	176.220776262	224.327144284	247.875396418	233.595961752	177.923412529	256.669925155	237.881726247	233.386408494	234.825806913	132.710330748	225.27499812	204.411833402	242.688288359	253.579997538	216.539524708	160.51780091	143.590328096	181.864160928	168.632946705	235.348399636	201.544399242	181.351647166	189.35018638	194.884657497	218.778471597	234.970142729	205.501059965	186.237997953	213.794320998	220.370774967	208.646229166	219.384834658	204.812447372	101.912868782	195.159834966	153.304377757	228.844649247	223.423933528
244.647716401	238.01060235	189.268984002	278.975684438	263.37785272	211.451824874	274.113394067	214.642114141	281.541950517	226.916584908	274.130118501	233.139575277	239.636177706	324.073016144	274.761697834	263.771083556	263.93870537	261.146030737	259.799611573	268.008806769	276.858001459	278.845442126	275.805685731	251.588410511	246.200269441	285.709674654	241.931436581	280.941555984	237.268100624	258.448116095	283.790757653	234.635979895	214.274769059	277.962642947	265.995305226	271.679769938	278.176934774	148.063549177	226.450205351	229.73714762	240.445058993	245.227843782	233.146600449	216.726132961	192.713562063	203.637213982	196.854751708	258.692457056	218.536734737	214.476016105	227.091796151	219.450719989	253.98809684	261.178895736	256.25438744	206.874722055	248.82209672	228.611314574	242.561314935	243.164307629	235.993904153	121.248255838	239.456241147	178.484356327	227.163051387	267.76087021
251.461286808	221.938880566	215.498394005	256.897232942	243.019342462	239.970679623	270.459338297	223.088104317	278.210228847	250.256431631	281.362113882	233.796662627	219.153064111	274.761697834	324.073016144	270.212827426	260.121038295	272.373734362	231.120843399	244.508988089	260.716293211	284.363778546	286.602970144	251.998498503	235.83791385	276.569314574	270.984125565	268.617492239	246.660255111	248.594607338	264.297102587	230.886866193	261.572287777	251.060373403	251.170701313	268.042584958	267.036365636	176.813438941	212.784673452	233.244603807	220.829465102	224.813013115	224.715166046	177.863351105	206.920356532	209.943667097	205.978940028	253.932871835	205.568442298	217.52332211	224.955142623	212.795991137	244.218616701	253.241259964	257.039230956	206.284815879	256.063278715	195.54128763	233.294211634	239.439544117	235.872098067	152.121393345	231.400124163	189.427209396	209.896076022	285.536038546
242.52270774	239.633015087	203.547909005	254.056805287	247.742733369	240.216594553	266.127401564	230.996999764	259.166748598	228.374986815	280.794759298	221.198348848	210.705171758	263.771083556	270.212827426	324.073016144	241.794713433	269.507426013	216.83035443	228.839043389	262.714817265	277.702654334	266.895458747	247.952511293	226.066838817	257.278227145	250.036011152	263.552635239	219.988604092	253.539313365	256.895216806	236.247687364	250.699498878	251.599342972	255.847632793	247.472850848	256.494797269	176.390331135	211.64993382	233.34574576	210.483225567	204.849716339	229.222103536	170.988638375	204.352000281	193.544910688	212.046654692	268.214284065	232.444980098	229.407093298	221.324945605	221.647558895	253.408547949	272.164756914	256.214417587	210.712745061	249.940790906	194.522994631	230.904887985	238.621432699	228.005960256	140.789970918	236.800701677	193.329075951	224.123591026	273.960600814
236.578649247	230.053259529	201.947821818	261.143646565	243.158902478	214.434980493	268.166940036	210.380236168	283.032013238	270.860866379	271.033022091	253.102390383	240.792983586	263.93870537	260.121038295	241.794713433	324.073016144	253.629383199	250.256720385	268.017581383	239.121632829	267.966706103	267.625481864	233.68320099	246.947010841	273.138041275	234.278225588	271.203607026	234.458609354	245.081640368	276.835258109	217.632537954	220.339145447	252.597566704	236.82396931	273.944753305	266.743515313	137.292632432	218.296147092	220.145857803	215.482554776	231.561381	222.145289056	199.315858683	188.958556862	214.889598575	207.291399989	244.334639283	222.8745013	224.991294737	220.761756539	231.846851227	257.388223226	260.78389234	239.185929615	203.501027296	234.950541385	218.722742231	241.431909808	230.64400749	254.68986301	126.797312499	228.822599642	188.869728543	206.115798708	258.29432337
262.037873411	210.637668944	231.399421044	276.584567705	272.905221552	251.255878569	278.528199597	228.609511925	274.633766269	244.103266049	282.335674339	233.402760308	224.678176467	261.146030737	272.373734362	269.507426013	253.629383199	324.073016144	242.775410876	226.460654839	266.43533838	268.013946318	269.984710905	252.470227157	265.429445922	264.994919086	265.468662245	269.106497054	222.800664639	255.982592066	261.520615917	266.105260932	248.990104671	263.060710691	252.609775202	275.25008354	266.157560048	213.746163421	227.590653798	268.716891007	230.04830297	226.689953956	257.722655997	176.508005791	218.086523097	215.797148381	194.043246026	279.020456271	228.007025795	225.070562696	226.458563879	236.250250344	257.191602504	265.365768357	257.910986633	201.232344796	248.685798322	223.68394903	242.054684557	280.397189741	224.097400349	189.826983448	230.962078577	217.629689503	270.242614971	296.452088132
218.517987413	199.807103695	151.17963771	268.96866038	248.27596742	173.565092639	239.647924014	165.558573184	250.096761223	200.256377785	234.29399927	183.545405419	247.977071688	259.799611573	231.120843399	216.83035443	250.256720385	242.775410876	324.073016144	275.954244815	245.908344221	237.60890033	246.659740721	210.055185737	222.569402622	249.844481386	206.511042085	244.786544765	195.199036827	219.108329278	269.589732895	220.734348937	172.736493793	283.254068053	235.633882577	233.700422935	245.972303106	97.8281969486	259.860746994	190.052379387	288.621529149	286.428884261	209.107839289	178.73101486	143.855387353	156.090261132	143.703394402	234.381144548	197.339125277	173.337332125	188.481459559	165.349712352	213.526942352	237.167326373	214.512170358	149.397885147	198.060423206	197.04943404	187.227945218	201.437443993	189.247531443	83.2176784566	180.857829139	114.050196719	213.361242509	229.821049902
231.515695487	210.707943898	174.825153845	257.948650245	238.062250406	192.351056579	247.931627118	196.921324207	263.614333704	217.522938622	250.418572186	211.330242625	239.752823534	268.008806769	244.508988089	228.839043389	268.017581383	226.460654839	275.954244815	324.073016144	247.704271418	257.718537666	255.746564736	211.181613799	212.042181949	265.653619278	218.384243326	248.438689493	212.625927154	224.302183952	270.395414948	200.149302597	177.307659433	267.553342864	229.48065992	241.841474976	253.602822472	104.666359401	232.804101788	186.263826617	254.066431994	262.090079619	210.977594327	200.573615769	165.427392264	178.197915961	167.934602105	225.06136667	198.126584842	197.041289465	200.466839257	192.0493138	220.487675176	239.512989517	233.205400072	178.744552821	214.944072744	199.359206913	209.813929354	197.457460655	222.066482368	90.1514341384	206.698660778	144.022035863	185.079551679	243.461919337
266.884724435	230.63135673	190.124614289	271.510269486	277.852416737	210.07341711	271.387579798	204.539166619	260.376361631	210.730839223	258.628272088	211.91035953	239.421925501	276.858001459	260.716293211	262.714817265	239.121632829	266.43533838	245.908344221	247.704271418	324.073016144	268.369911516	267.209508968	248.430197531	250.225009848	267.447512915	236.647469536	267.993545631	210.451197156	246.308690669	276.326291944	260.93264076	210.320581378	275.488935715	282.903201384	257.638355757	270.815810177	169.454439245	240.7487063	228.433459043	235.205777588	226.924973571	229.961417095	167.726276506	200.776924077	193.826268705	183.395830618	255.486046636	219.181042247	210.966957409	222.15512208	216.425911089	242.188775089	260.956188351	244.1653971	196.224728544	239.209968658	207.589359057	231.195610397	245.917494159	216.788374253	124.001096777	218.517262257	176.596289958	246.04281231	282.148291179
258.153039539	240.595507948	209.40992653	272.357650133	253.326114676	234.603650313	284.346909025	225.959098335	284.6234593	253.606785498	289.346752672	235.324968785	226.927723659	278.845442126	284.363778546	277.702654334	267.966706103	268.013946318	237.60890033	257.718537666	268.369911516	324.073016144	305.445856978	261.416605959	256.867874701	288.910334	264.261617147	281.696808658	256.19981969	269.355076935	287.607650496	234.081593324	253.026703855	266.784711339	264.763178405	272.857677596	283.064816026	167.676359154	216.248163092	247.466509274	226.766032244	241.875572747	250.993959228	213.325056112	210.191017202	220.235729665	219.912030172	267.484570919	222.880391551	226.804735442	244.587961938	232.495991695	264.372186506	277.152735132	268.630787709	215.672586918	261.100011264	213.71955407	255.807944208	250.1239843	258.715977887	140.123194377	251.85424594	189.078481011	215.38289275	288.569085313
256.092031725	227.343890798	204.048368147	269.317486899	250.543222417	227.780464112	283.888874257	215.949259607	282.762201743	248.747203928	287.907958845	233.737835093	229.19910851	275.805685731	286.602970144	266.895458747	267.625481864	269.984710905	246.659740721	255.746564736	267.209508968	305.445856978	324.073016144	258.584276034	256.944817745	288.810845304	263.453779922	278.869920704	252.723560954	260.144196346	284.286276933	232.878686052	249.267050999	266.588279033	261.622094419	274.07207983	283.053030907	167.172503979	226.340946962	248.166673099	232.354423401	246.307217256	245.06978343	209.03797132	197.738505634	226.03012078	209.416295602	262.761720635	223.522554696	228.859065663	234.412489723	229.914154034	264.023993294	273.748510893	260.508112139	205.14399886	259.44861224	210.872381693	248.063876948	246.06016577	249.08723127	137.540042075	242.616342662	185.906303692	212.851678686	286.577360141
223.311553646	241.852206425	181.806630404	263.87688462	256.805503993	204.026901169	249.535118272	211.056547807	258.549115972	230.067906915	243.574575278	200.036424399	229.935032441	251.588410511	251.998498503	247.952511293	233.68320099	252.470227157	210.055185737	211.181613799	248.430197531	261.416605959	258.584276034	324.073016144	234.593298691	260.62367542	230.386919026	260.697739705	221.294994873	252.166610922	253.491654757	252.244511492	227.791065392	248.010306276	261.426815442	258.535631067	255.601493924	160.095366515	208.644107037	236.862022717	224.752273275	209.514327596	253.67615616	174.250322371	178.413888343	200.462236711	201.212218616	261.17381366	219.955362057	217.584207151	201.371829916	201.28815816	241.065085108	255.983218412	250.131673766	221.457998466	235.283642497	216.83076754	229.676058834	240.133606475	223.652856937	119.429184293	215.866698326	170.749634939	231.221339684	258.546947134
233.697293164	199.131508421	203.810020939	261.609706442	245.735545962	205.953551823	257.818307078	209.434794039	260.786899114	239.464940625	260.772140988	231.54106545	229.260379844	246.200269441	235.83791385	226.066838817	246.947010841	265.429445922	222.569402622	212.042181949	250.225009848	256.867874701	256.944817745	234.593298691	324.073016144	260.969811201	236.111639754	253.580420058	233.706991841	266.718936285	265.609223561	249.65189586	221.130862218	254.352802307	247.59215445	260.135574271	266.703644487	198.327412415	209.406387542	242.733773842	213.476367499	213.676511585	243.632641188	185.374141665	198.946875987	230.894630334	199.164166122	258.34453753	213.718644442	226.564859849	224.639794411	253.585639511	259.001167558	248.965958183	220.766553693	189.396622996	229.442956347	239.441826289	243.919653968	270.204993845	227.608506377	171.008722776	229.883251076	207.886015626	255.451966027	254.202453315
248.478892046	233.582063074	192.145030503	274.829095922	259.025583932	225.356278124	277.76519115	223.345407717	289.23523962	243.896952233	279.366768436	239.267787781	233.062849239	285.709674654	276.569314574	257.278227145	273.138041275	264.994919086	249.844481386	265.653619278	267.447512915	288.910334	288.810845304	260.62367542	260.969811201	324.073016144	264.871742774	288.824343769	254.820827664	266.758228629	295.553936342	238.952192651	235.297700088	275.131057816	261.868870164	285.568727395	290.609990538	169.040618555	237.314005085	238.246610441	233.898610087	240.685002789	236.791495411	230.54321397	214.31265607	227.334911218	221.876834019	266.963723127	218.835646837	230.57135967	247.548395705	242.858077625	271.495891857	279.426852427	266.807199176	211.166495724	270.271204021	245.506311469	259.858190954	258.196278181	258.414673613	151.581923378	248.555024182	206.139668008	224.329904193	275.5198821
239.017561132	170.128190732	204.363746848	229.453143714	222.445039444	229.644674042	261.029934125	206.400156395	266.728719396	231.205459135	272.092767967	217.876417963	207.514553004	241.931436581	270.984125565	250.036011152	234.278225588	265.468662245	206.511042085	218.384243326	236.647469536	264.261617147	263.453779922	230.386919026	236.111639754	264.871742774	324.073016144	259.18931682	233.912479292	231.18390399	241.892747118	211.408483369	251.761246097	226.08369526	236.314975701	258.676235903	248.83263198	226.628492924	209.272309395	222.812880336	207.502861426	214.240528742	224.269366883	191.591869631	201.468267657	222.924032153	212.147308976	256.170802804	191.137094167	202.119348137	225.635815254	231.605025851	255.337378372	252.922533272	243.026441243	170.141726502	249.138360931	218.664852679	235.713801813	252.889326818	232.60660123	185.645899544	228.119642297	217.497903008	203.1839037	271.749339395
241.291649535	222.58710935	195.101725675	270.234996036	257.430797746	213.575944226	270.250247353	210.289916618	278.181930192	231.542744934	272.141073065	232.629989162	231.139713329	280.941555984	268.617492239	263.552635239	271.203607026	269.106497054	244.786544765	248.438689493	267.993545631	281.696808658	278.869920704	260.697739705	253.580420058	288.824343769	259.18931682	324.073016144	241.485385492	259.931310166	292.126313021	234.492850527	228.038576276	267.142452962	262.542636499	280.742120226	281.142596975	166.595596938	223.049885011	242.149699889	231.248459959	238.825546669	247.042395715	225.768345088	203.404533983	219.429111923	218.681637455	267.507408807	224.573360135	220.592432331	239.437432918	235.478564452	265.821406382	273.679374231	261.356832278	208.131575961	257.576530399	233.004531752	248.699906545	251.707361786	254.322938551	140.294184404	240.451910913	201.800795307	222.597140195	278.113827694
238.457279832	181.389350101	209.152704012	214.835689462	197.550243225	213.737394295	240.245792818	235.854106755	248.783987821	238.209047859	261.287188949	231.077473059	176.220776262	237.268100624	246.660255111	219.988604092	234.458609354	222.800664639	195.199036827	212.625927154	210.451197156	256.19981969	252.723560954	221.294994873	233.706991841	254.820827664	233.912479292	241.485385492	324.073016144	236.991836582	246.832857235	180.761810482	242.797637019	214.148604551	217.022772221	242.018566541	241.812160068	171.28605836	176.296113948	209.985956498	180.883636721	186.783270844	213.90825667	187.691708998	229.895133269	220.98675758	207.590692278	212.152617177	191.620060498	224.833236737	221.150198416	219.328668868	219.132200429	219.739042916	216.134050972	192.988828584	212.643659896	201.00208959	239.998696808	216.578403041	232.300144331	165.836696335	230.916994711	177.536323604	167.062702017	250.416641727
221.873286108	226.993518579	187.343638583	265.876927252	249.22162652	221.048238336	256.326209703	221.840026612	257.88811206	231.843590657	258.183287681	218.874071514	224.327144284	258.448116095	248.594607338	253.539313365	245.081640368	255.982592066	219.108329278	224.302183952	246.308690669	269.355076935	260.144196346	252.166610922	266.718936285	266.758228629	231.18390399	259.931310166	236.991836582	324.073016144	268.914543717	243.473828693	227.912800783	257.688563566	247.269463374	262.476065867	266.680876789	167.275808244	202.471161307	241.348662805	215.33121505	211.208078382	237.890803844	190.212526863	206.882245262	213.426712148	210.859572089	261.129254087	212.935926986	219.950373964	229.837620652	219.987938515	247.674701372	259.829529786	241.436347625	204.103035978	244.276298366	224.830887813	243.56058825	248.715910141	234.83135916	143.717152964	229.398531361	187.171420113	230.027104007	257.357715532
245.184076864	243.987397749	180.909846927	285.219073587	267.846056345	207.025640905	279.24971986	210.716497024	283.593543528	231.502693521	272.820628802	227.130997438	247.875396418	283.790757653	264.297102587	256.895216806	276.835258109	261.520615917	269.589732895	270.395414948	276.326291944	287.607650496	284.286276933	253.491654757	265.609223561	295.553936342	241.892747118	292.126313021	246.832857235	268.914543717	324.073016144	243.294941549	217.652299495	290.241685554	272.096448833	280.000496298	296.947175354	153.39519704	241.487240608	232.486789939	244.680374511	254.697472928	239.515699038	221.378822852	196.235475001	213.920666648	196.080092414	268.167447923	223.126717046	220.509732519	238.215803229	229.925524679	260.00765575	277.365711954	252.773471489	197.758330858	248.713941714	236.34284458	250.156933542	252.136248835	245.8608508	119.087988168	238.902437256	178.316631812	231.435341506	271.28496608
222.696983963	218.416960952	156.216195968	261.520901028	272.225553109	207.042276257	239.295970953	190.480891548	228.199941163	201.88955131	225.366006979	178.825303793	233.595961752	234.635979895	230.886866193	236.247687364	217.632537954	266.105260932	220.734348937	200.149302597	260.93264076	234.081593324	232.878686052	252.244511492	249.65189586	238.952192651	211.408483369	234.492850527	180.761810482	243.473828693	243.294941549	324.073016144	196.163701394	260.368930361	276.126067633	244.983371357	249.720867973	176.997159342	220.97406693	217.699938556	235.649419299	205.048109408	245.355140751	163.303502022	175.528724194	178.230768555	164.419560199	272.536940743	202.573101504	198.900440099	223.138626381	202.100951535	228.839029011	255.758271619	221.990504429	174.640407048	219.67354725	219.452190462	213.054791758	257.750714467	191.447259982	128.568942341	191.620112175	162.578143926	288.230549533	247.156145482
234.394290717	191.849028949	219.120302491	207.019636069	196.161040662	241.227180481	238.046943052	236.082968142	233.929151554	245.961400315	266.324301061	215.920643827	177.923412529	214.274769059	261.572287777	250.699498878	220.339145447	248.990104671	172.736493793	177.307659433	210.320581378	253.026703855	249.267050999	227.791065392	221.130862218	235.297700088	251.761246097	228.038576276	242.797637019	227.912800783	217.652299495	196.163701394	324.073016144	205.563255548	206.215392129	229.510639783	221.765049573	195.226037357	161.386043463	218.138864745	173.458597929	172.059802032	205.698381275	152.541109443	223.664622181	207.451183389	217.004458855	229.714601587	193.559941564	222.651267149	200.164897149	211.152065079	228.918575388	233.744528314	229.528693601	195.904760812	217.283052767	176.654680145	227.656358157	231.209192028	219.65513442	191.626549289	218.758859461	199.575234709	183.708261193	260.458083972
242.330382785	230.396762532	165.754370968	285.501223704	272.194976696	210.077823672	256.896628729	201.391740847	257.488443838	208.350590385	252.561672	196.72530114	256.669925155	277.962642947	251.060373403	251.599342972	252.597566704	263.060710691	283.254068053	267.553342864	275.488935715	266.784711339	266.588279033	248.010306276	254.352802307	275.131057816	226.08369526	267.142452962	214.148604551	257.688563566	290.241685554	260.368930361	205.563255548	324.073016144	280.227179088	264.982619151	277.286281337	146.022962364	244.094223288	217.90314944	279.120609899	266.348351605	230.425819651	202.942195474	178.993550037	189.984149333	168.477942195	272.094921251	227.561777918	214.025304153	224.217598064	204.599172394	240.463650431	269.092637357	249.517288962	195.403933692	239.381630215	231.141692147	219.066315685	239.986851279	216.489812946	116.694174626	202.153819284	162.943619956	252.371725338	260.062755898
239.765192549	232.324098276	162.955531404	267.099010007	267.446328536	203.134356189	261.070651075	197.081427414	248.202229542	209.820644678	250.093982805	194.641079691	237.881726247	265.995305226	251.170701313	255.847632793	236.82396931	252.609775202	235.633882577	229.48065992	282.903201384	264.763178405	261.622094419	261.426815442	247.59215445	261.868870164	236.314975701	262.542636499	217.022772221	247.269463374	272.096448833	276.126067633	206.215392129	280.227179088	324.073016144	259.566717535	269.157512996	172.655864071	228.901661384	220.643905177	247.678535846	220.518300939	240.638607304	196.066440946	183.480373017	197.260197266	187.373468524	279.041157916	218.206009139	218.055811084	244.73481329	215.775331054	252.667472182	266.811004687	238.686802073	188.612614131	247.668368016	218.859791528	235.244752994	252.813981772	216.596209879	122.165203763	211.422486697	171.799877897	252.212840806	259.936060451
235.560221224	218.943376696	202.185257108	266.784974299	251.948487963	211.621477418	273.498099066	202.434780946	278.375311129	254.453041384	273.803080465	246.432124922	233.386408494	271.679769938	268.042584958	247.472850848	273.944753305	275.25008354	233.700422935	241.841474976	257.638355757	272.857677596	274.07207983	258.535631067	260.135574271	285.568727395	258.676235903	280.742120226	242.018566541	262.476065867	280.000496298	244.983371357	229.510639783	264.982619151	259.566717535	324.073016144	300.789805996	184.909759044	213.738572598	244.232939927	213.724924131	233.542343893	256.539008443	202.241328737	214.677325182	240.676534838	217.066664529	261.29811091	230.763598507	236.509354457	229.056143037	239.687451273	262.897563334	264.337581729	260.016940855	211.481852415	259.872381709	234.842824826	252.382847837	251.562851021	250.297857981	148.132861822	227.666751806	212.71889933	231.239887176	279.15051796
240.441944567	236.616151619	195.486071789	278.684980684	257.461368349	206.698099347	281.091589061	207.146498444	281.131665859	245.417990296	274.110970974	238.619663996	234.825806913	278.176934774	267.036365636	256.494797269	266.743515313	266.157560048	245.972303106	253.602822472	270.815810177	283.064816026	283.053030907	255.601493924	266.703644487	290.609990538	248.83263198	281.142596975	241.812160068	266.680876789	296.947175354	249.720867973	221.765049573	277.286281337	269.157512996	300.789805996	324.073016144	170.950774193	222.923499133	242.0107063	224.590376861	242.918726351	256.209312336	206.665792728	204.625990552	229.552292069	206.840166858	264.036610166	237.02240947	235.484439125	225.049668809	235.614045552	262.846924824	273.155282243	262.036016542	214.320165076	256.655552358	229.524424064	248.955485532	249.561947059	245.292424529	136.224966136	232.335115825	197.156099541	233.855466337	275.080498785
177.879830403	91.4694512273	170.067848826	155.812651779	160.299197264	198.544891906	184.37052398	164.490585567	168.771684768	172.886191427	203.13098919	155.720421602	132.710330748	148.063549177	176.813438941	176.390331135	137.292632432	213.746163421	97.8281969486	104.666359401	169.454439245	167.676359154	167.172503979	160.095366515	198.327412415	169.040618555	226.628492924	166.595596938	171.28605836	167.275808244	153.39519704	176.997159342	195.226037357	146.022962364	172.655864071	184.909759044	170.950774193	324.073016144	137.801599395	172.790334341	108.081495417	103.448761658	161.047281094	123.621400801	172.985627296	188.329282322	148.108635099	200.160978781	118.994459295	164.739431875	188.970562	201.279154419	181.327142798	173.026487025	159.489781134	110.843922155	173.479546947	177.081099811	176.224678382	220.091677686	162.592756314	194.777670565	161.371952927	211.233451562	185.894470208	201.202424794
216.515883504	197.349589989	154.238558098	248.083031781	242.095881155	192.406049381	234.192527923	169.894670403	231.572680895	189.548217422	222.116513614	173.179186487	225.27499812	226.450205351	212.784673452	211.64993382	218.296147092	227.590653798	259.860746994	232.804101788	240.7487063	216.248163092	226.340946962	208.644107037	209.406387542	237.314005085	209.272309395	223.049885011	176.296113948	202.471161307	241.487240608	220.97406693	161.386043463	244.094223288	228.901661384	213.738572598	222.923499133	137.801599395	324.073016144	186.270697958	233.655965342	221.830571715	183.206169276	156.630608717	155.158877696	169.39967512	165.15368039	235.261980652	189.312394894	198.044720676	200.422197211	199.992877092	224.222435703	244.618052755	209.722618815	148.325664286	213.705880547	199.148381286	188.298206475	212.299947344	198.934091185	113.813444228	194.087341729	138.36932988	222.177923963	215.454429365
218.509664997	214.483498059	211.022826653	245.679797347	242.031569063	218.112409515	253.760820597	223.6374799	253.692113497	223.003805737	251.179726218	236.848850043	204.411833402	229.73714762	233.244603807	233.34574576	220.145857803	268.716891007	190.052379387	186.263826617	228.433459043	247.466509274	248.166673099	236.862022717	242.733773842	238.246610441	222.812880336	242.149699889	209.985956498	241.348662805	232.486789939	217.699938556	218.138864745	217.90314944	220.643905177	244.232939927	242.0107063	172.790334341	186.270697958	324.073016144	190.542014843	205.431561533	244.541950393	152.204860302	214.180569738	218.15713011	220.376335851	245.047827004	211.613465594	222.973146122	227.353615827	237.041909846	242.12779847	236.753819188	233.0179076	209.052159067	243.013939496	201.265707911	259.100429105	253.339596768	228.246611286	168.798811009	249.028250503	200.236142011	227.859108927	260.128155181
204.974972402	188.757409438	132.393386865	254.404149694	243.918737174	172.53010759	212.004142528	163.834450535	226.475460425	172.454755387	211.754809786	153.090568493	242.688288359	240.445058993	220.829465102	210.483225567	215.482554776	230.04830297	288.621529149	254.066431994	235.205777588	226.766032244	232.354423401	224.752273275	213.476367499	233.898610087	207.502861426	231.248459959	180.883636721	215.33121505	244.680374511	235.649419299	173.458597929	279.120609899	247.678535846	213.724924131	224.590376861	108.081495417	233.655965342	190.542014843	324.073016144	278.386858607	219.072584667	172.177012979	127.445151095	148.731020487	134.077722261	247.143721051	182.301200937	164.94474052	188.303359682	155.10853973	203.744653858	233.469419298	217.699366517	149.044480153	193.970328538	203.562796396	180.648014431	209.76127221	169.970808917	85.7928478927	167.786831397	111.06746331	224.265299505	226.135387051
209.188093813	184.205079186	139.684817178	253.830460458	228.412734192	160.806259609	227.524562007	142.410846201	240.114615634	186.737933085	221.79629018	173.891763449	253.579997538	245.227843782	224.813013115	204.849716339	231.561381	226.689953956	286.428884261	262.090079619	226.924973571	241.875572747	246.307217256	209.514327596	213.676511585	240.685002789	214.240528742	238.825546669	186.783270844	211.208078382	254.697472928	205.048109408	172.059802032	266.348351605	220.518300939	233.542343893	242.918726351	103.448761658	221.830571715	205.431561533	278.386858607	324.073016144	231.029688066	177.341373177	132.035363008	163.633338403	141.420720564	231.655171158	189.446036729	160.854727809	181.0220897	166.187551279	208.632907718	228.25592863	213.096641846	152.570286088	210.609632575	191.525619849	189.948371109	202.267828138	189.008091716	79.2978623026	181.875555993	114.620918229	200.13635956	230.038331317
