Tissue	wholeblood
N_samples	334
Chr	7
Gene	ENSG00000178381.7
SNP	rs7810719
Gene_list	ENSG00000178381.7	ENSG00000120694.15	ENSG00000149257.9	ENSG00000140403.8	ENSG00000151929.5	ENSG00000116161.13	ENSG00000162783.8	ENSG00000144381.12	ENSG00000115541.6
Gene expression stats (Y^T * Y): 
324.073016144	215.70092852	242.786248853	233.862714654	263.762784517	231.11734368	212.185697069	210.505964166	197.658824171
215.70092852	324.073016144	263.864807148	270.12577007	223.041557565	249.4412483	155.50896488	292.658297975	271.993531222
242.786248853	263.864807148	324.073016144	274.041061724	269.718016377	247.331787935	200.44982868	262.559803411	240.669597105
233.862714654	270.12577007	274.041061724	324.073016144	270.188937048	258.52262932	201.144925903	292.863805793	237.962441689
263.762784517	223.041557565	269.718016377	270.188937048	324.073016144	252.990723873	226.741542345	235.779702192	182.788081019
231.11734368	249.4412483	247.331787935	258.52262932	252.990723873	324.073016144	202.09928272	270.273043119	235.238413588
212.185697069	155.50896488	200.44982868	201.144925903	226.741542345	202.09928272	324.073016144	167.229416847	147.013877347
210.505964166	292.658297975	262.559803411	292.863805793	235.779702192	270.273043119	167.229416847	324.073016144	271.921001281
197.658824171	271.993531222	240.669597105	237.962441689	182.788081019	235.238413588	147.013877347	271.921001281	324.073016144
Genotype stats (X^T * X): 	163.865990479
Gene expression - Genotype stats (Y^T * X): 
-50.2325161331	-0.990965822103	-7.6550550857	4.5696129155	-11.1486893222	-1.86258534905	-12.7796791608	8.61787062869	-9.68763046534