Tissue	wholeblood
N_samples	334
Chr	19
Gene	ENSG00000132002.3
SNP	rs1609864
Gene_list	ENSG00000004478.5	ENSG00000132002.3	ENSG00000120694.15	ENSG00000204388.5	ENSG00000096384.15	ENSG00000106211.8	ENSG00000080824.14	ENSG00000109971.9	ENSG00000173110.6	ENSG00000115541.6
Gene expression stats (Y^T * Y): 
324.073016144	215.803447442	291.937573238	159.881497043	282.777928682	230.349517707	269.567446986	247.613460741	245.919899005	245.738558084
215.803447442	324.073016144	217.668535694	280.483511732	241.520248917	227.380879548	246.64997431	233.168866656	242.744169315	219.151415446
291.937573238	217.668535694	324.073016144	154.573322714	263.051581904	200.363210659	283.369230182	246.143350719	249.395406494	271.993531222
159.881497043	280.483511732	154.573322714	324.073016144	213.336128224	224.975821423	196.130332941	185.794807573	194.282747278	162.990388738
282.777928682	241.520248917	263.051581904	213.336128224	324.073016144	240.607937296	262.749653659	248.784992479	226.686442676	218.460629276
230.349517707	227.380879548	200.363210659	224.975821423	240.607937296	324.073016144	182.969289365	162.047431414	201.939047956	167.921914026
269.567446986	246.64997431	283.369230182	196.130332941	262.749653659	182.969289365	324.073016144	274.546665876	239.077795333	251.919043991
247.613460741	233.168866656	246.143350719	185.794807573	248.784992479	162.047431414	274.546665876	324.073016144	237.410510516	235.041097335
245.919899005	242.744169315	249.395406494	194.282747278	226.686442676	201.939047956	239.077795333	237.410510516	324.073016144	226.657997506
245.738558084	219.151415446	271.993531222	162.990388738	218.460629276	167.921914026	251.919043991	235.041097335	226.657997506	324.073016144
Genotype stats (X^T * X): 	160.637913353
Gene expression - Genotype stats (Y^T * X): 
-20.1977312909	-43.8504381647	-19.8071872581	-35.1740399235	-31.3359613549	-33.2364500159	-24.9940547761	-20.4693845347	-29.7021475454	-24.8099343547