Tissue	wholeblood
N_samples	334
Chr	7
Gene	ENSG00000075624.9
SNP	rs852441
Gene_list	ENSG00000206172.4	ENSG00000185201.12	ENSG00000244734.2	ENSG00000075624.9	ENSG00000119535.13	ENSG00000166710.13	ENSG00000087086.9	ENSG00000163191.5	ENSG00000163220.10	ENSG00000163221.7	ENSG00000143546.5	ENSG00000158869.6
Gene expression stats (Y^T * Y): 
324.073016144	-198.805631385	216.868625973	-217.468317579	-180.515503436	-269.602446819	-219.924092915	-167.287481231	-218.831467553	-142.491255506	-202.571584738	-124.875278168
-198.805631385	324.073016144	-177.189713668	250.345112105	286.06678821	205.280906674	214.645681622	293.19817457	255.631133977	206.997784447	211.817237235	240.528644988
216.868625973	-177.189713668	324.073016144	-204.055987985	-152.047888472	-188.88180195	-217.942529987	-133.690024556	-144.237990765	-69.6516156258	-108.221175678	-83.6308664673
-217.468317579	250.345112105	-204.055987985	324.073016144	227.446289303	212.140120308	208.068132448	252.876372145	249.938535886	208.307786072	210.545957037	217.510298452
-180.515503436	286.06678821	-152.047888472	227.446289303	324.073016144	195.80852932	161.11998013	264.363333174	242.485099465	200.677007704	206.438006854	232.067850145
-269.602446819	205.280906674	-188.88180195	212.140120308	195.80852932	324.073016144	193.082814331	179.858615574	228.268192114	144.772515406	217.214944262	124.848356493
-219.924092915	214.645681622	-217.942529987	208.068132448	161.11998013	193.082814331	324.073016144	191.282960094	195.56125751	135.521359751	163.511299349	144.866007949
-167.287481231	293.19817457	-133.690024556	252.876372145	264.363333174	179.858615574	191.282960094	324.073016144	261.203449485	234.860122155	216.624463182	272.395675388
-218.831467553	255.631133977	-144.237990765	249.938535886	242.485099465	228.268192114	195.56125751	261.203449485	324.073016144	284.529040414	305.267732517	252.975252831
-142.491255506	206.997784447	-69.6516156258	208.307786072	200.677007704	144.772515406	135.521359751	234.860122155	284.529040414	324.073016144	284.93480453	277.788053146
-202.571584738	211.817237235	-108.221175678	210.545957037	206.438006854	217.214944262	163.511299349	216.624463182	305.267732517	284.93480453	324.073016144	233.387353662
-124.875278168	240.528644988	-83.6308664673	217.510298452	232.067850145	124.848356493	144.866007949	272.395675388	252.975252831	277.788053146	233.387353662	324.073016144
Genotype stats (X^T * X): 	73.3682634731
Gene expression - Genotype stats (Y^T * X): 
28.203253525	-11.8014205141	15.0125066867	-28.4844814278	-12.461400669	-11.9751358448	-20.6088466892	-10.3085949372	-14.6633324132	-13.4775348576	-9.77068292499	-10.5741146888