Tissue	wholeblood
N_samples	334
Chr	6
Gene	ENSG00000158373.7
SNP	rs806973
Gene_list	ENSG00000187837.2	ENSG00000158373.7	ENSG00000187990.4	ENSG00000168274.3	ENSG00000203814.5	ENSG00000183558.5
Gene expression stats (Y^T * Y): 
324.073016144	213.91131829	182.050221507	180.155602878	170.083065219	193.143398067
213.91131829	324.073016144	229.842731278	229.39887367	209.887055006	210.820285218
182.050221507	229.842731278	324.073016144	270.635057666	187.307791369	236.806592092
180.155602878	229.39887367	270.635057666	324.073016144	159.488212929	200.620457539
170.083065219	209.887055006	187.307791369	159.488212929	324.073016144	207.954484807
193.143398067	210.820285218	236.806592092	200.620457539	207.954484807	324.073016144
Genotype stats (X^T * X): 	170.155688623
Gene expression - Genotype stats (Y^T * X): 
0.286449105648	-45.2088819149	-3.0583979352	-16.0631091437	-14.6307165652	-12.5307276439