Tissue	wholeblood
N_samples	334
Chr	14
Gene	ENSG00000231475.2
SNP	rs28673406
Gene_list	ENSG00000239264.4	ENSG00000211637.2	ENSG00000211644.2	ENSG00000211648.2	ENSG00000211651.2	ENSG00000211652.2	ENSG00000211653.2	ENSG00000211660.3	ENSG00000211662.2	ENSG00000211664.2	ENSG00000211666.2	ENSG00000211668.2	ENSG00000211670.2	ENSG00000211671.2	ENSG00000211673.2	ENSG00000254709.2	ENSG00000099958.10	ENSG00000132465.6	ENSG00000211598.2	ENSG00000243466.1	ENSG00000239855.1	ENSG00000241351.1	ENSG00000244437.1	ENSG00000240382.1	ENSG00000239951.1	ENSG00000244575.1	ENSG00000244116.1	ENSG00000242076.1	ENSG00000251546.1	ENSG00000211892.2	ENSG00000211897.3	ENSG00000211933.2	ENSG00000211936.2	ENSG00000211937.2	ENSG00000211938.2	ENSG00000211940.2	ENSG00000211941.2	ENSG00000211943.2	ENSG00000211945.2	ENSG00000211947.2	ENSG00000211949.2	ENSG00000211953.2	ENSG00000231475.2	ENSG00000211955.2	ENSG00000211959.2	ENSG00000211964.2	ENSG00000211966.2	ENSG00000224373.2	ENSG00000211970.2	ENSG00000211973.2	ENSG00000170476.11
Gene expression stats (Y^T * Y): 
324.073016144	202.154598351	240.050498183	242.035685321	260.733753136	235.945565325	250.20310307	264.466956776	213.088382409	184.72118907	244.647716401	251.461286808	169.993778143	242.52270774	236.578649247	262.037873411	227.608531922	266.884724435	258.153039539	256.092031725	223.311553646	248.478892046	241.291649535	221.873286108	245.184076864	234.394290717	242.330382785	235.560221224	240.441944567	218.509664997	216.06951099	226.556253905	170.115223784	185.563681521	241.60520465	227.487561928	218.498170497	221.440539129	225.736704546	229.107813024	246.901906937	228.6224684	200.685294665	226.544568254	232.759698597	241.974779031	214.837273018	225.649372377	160.97521931	176.955133184	285.258050865
202.154598351	324.073016144	253.954423177	255.966380798	244.713421276	203.21678852	242.223616838	214.121642935	203.852981091	237.892690077	238.01060235	221.938880566	223.331415688	239.633015087	230.053259529	210.637668944	168.882617144	230.63135673	240.595507948	227.343890798	241.852206425	233.582063074	222.58710935	226.993518579	243.987397749	191.849028949	230.396762532	218.943376696	236.616151619	214.483498059	208.116741345	170.157431571	160.997276	204.674674549	234.828923971	216.222479157	216.268240016	200.708596072	196.176704552	227.293840404	244.267225356	223.168914926	226.501107961	225.071121888	225.767816626	201.447402766	226.722711507	218.781390218	134.884210081	142.699150299	221.658571199
240.050498183	253.954423177	324.073016144	285.752332102	278.077105147	217.946918924	280.891479067	264.856419392	218.589178941	214.920601691	278.975684438	256.897232942	201.710402017	254.056805287	261.143646565	276.584567705	166.516425339	271.510269486	272.357650133	269.317486899	263.87688462	274.829095922	270.234996036	265.876927252	285.219073587	207.019636069	285.501223704	266.784974299	278.684980684	245.679797347	247.507126733	182.836464431	171.848396976	185.680072971	276.197061441	232.322897709	225.72720144	221.092549131	218.424718477	251.175512439	267.18842305	251.160018803	212.2983515	242.545876184	241.707436655	255.635427318	229.528085566	227.778634243	139.04711522	171.550221067	264.901811813
242.035685321	255.966380798	285.752332102	324.073016144	271.046039015	212.611151497	257.256128396	241.828961839	205.706585609	214.837748652	263.37785272	243.019342462	198.468336886	247.742733369	243.158902478	272.905221552	170.625772788	277.852416737	253.326114676	250.543222417	256.805503993	259.025583932	257.430797746	249.22162652	267.846056345	196.161040662	272.194976696	251.948487963	257.461368349	242.031569063	240.522574184	194.719780306	158.732885626	186.269895541	268.943258001	222.015403863	207.357323133	224.927328898	219.583325146	241.122033254	271.365281242	250.625732986	213.850414488	242.023670852	241.423423938	260.180180087	223.599952505	225.903833383	144.984059545	187.298439121	259.783138343
260.733753136	244.713421276	278.077105147	271.046039015	324.073016144	231.738657017	290.269679659	288.199780561	246.795237183	214.848186192	274.113394067	270.459338297	206.406528701	266.127401564	268.166940036	278.528199597	188.873085625	271.387579798	284.346909025	283.888874257	249.535118272	277.76519115	270.250247353	256.326209703	279.24971986	238.046943052	256.896628729	273.498099066	281.091589061	253.760820597	251.030764422	225.163093607	162.953481814	223.532419136	267.623527056	236.49071575	238.552732226	232.203058601	249.623049694	271.465263475	278.54658812	259.270303171	217.490399438	259.026306234	261.077312046	269.642556189	256.999424024	258.380450791	158.76365714	206.355303823	284.021782723
235.945565325	203.21678852	217.946918924	212.611151497	231.738657017	324.073016144	229.349628444	246.159328048	226.693417455	176.563677542	214.642114141	223.088104317	204.261041805	230.996999764	210.380236168	228.609511925	228.099430019	204.539166619	225.959098335	215.949259607	211.056547807	223.345407717	210.289916618	221.840026612	210.716497024	236.082968142	201.391740847	202.434780946	207.146498444	223.6374799	185.566989791	254.83175546	169.516217285	218.1664713	220.011976525	199.104609023	242.46079144	219.983651638	229.091793022	212.948583352	224.057679306	212.254185058	224.180620922	207.820212208	240.220816398	223.172391123	225.284280602	239.325880734	197.603102207	203.660960912	237.36386238
250.20310307	242.223616838	280.891479067	257.256128396	290.269679659	229.349628444	324.073016144	290.298608254	263.104257526	220.896630007	281.541950517	278.210228847	220.739443253	259.166748598	283.032013238	274.633766269	180.614862856	260.376361631	284.6234593	282.762201743	258.549115972	289.23523962	278.181930192	257.88811206	283.593543528	233.929151554	257.488443838	278.375311129	281.131665859	253.692113497	248.603058494	202.918686218	175.886808599	222.848665951	261.59500071	222.388964287	232.576382396	231.146817096	241.079072982	267.241439201	269.38741312	264.026404445	217.706600037	256.766162798	262.301222986	253.771121252	254.784299596	257.015557731	150.947830067	195.999742388	281.728544269
264.466956776	214.121642935	264.856419392	241.828961839	288.199780561	246.159328048	290.298608254	324.073016144	263.934118903	210.062379971	274.130118501	281.362113882	216.273114611	280.794759298	271.033022091	282.335674339	198.85297994	258.628272088	289.346752672	287.907958845	243.574575278	279.366768436	272.141073065	258.183287681	272.820628802	266.324301061	252.561672	273.803080465	274.110970974	251.179726218	234.942600137	227.420121528	164.467904007	224.289376533	264.683814658	232.519847865	243.76830225	238.07799722	250.521222145	264.029093117	269.18847476	256.359354942	206.023806743	250.524877234	259.312163823	257.029523213	248.355847762	252.084085073	160.876428688	209.602677708	289.305549025
213.088382409	203.852981091	218.589178941	205.706585609	246.795237183	226.693417455	263.104257526	263.934118903	324.073016144	180.197038444	233.139575277	233.796662627	234.585709935	221.198348848	253.102390383	233.402760308	179.038708803	211.91035953	235.324968785	233.737835093	200.036424399	239.267787781	232.629989162	218.874071514	227.130997438	215.920643827	196.72530114	246.432124922	238.619663996	236.848850043	212.933826484	224.659668555	181.52265727	239.340777011	214.104908623	208.051485311	248.637331837	223.49464004	254.747411166	237.001544619	228.919002838	220.006835434	207.766468307	231.382072013	248.834773244	218.156907403	245.264356114	232.740746976	192.741358836	225.482801826	240.086953927
184.72118907	237.892690077	214.920601691	214.837748652	214.848186192	176.563677542	220.896630007	210.062379971	180.197038444	324.073016144	200.386603777	217.84499491	229.509672178	227.212596227	197.185791632	195.689918681	134.422795828	219.603935533	228.691304231	220.697335951	230.116488046	210.261195257	208.433429866	219.538550615	209.446778513	197.697739117	195.22987555	186.052770133	197.405464852	200.782098469	180.952518848	147.134611397	138.250781586	198.331344231	214.157300454	170.821385313	182.975667844	190.604954674	166.959979333	198.983265988	226.848229884	210.066052942	200.433584993	207.408531313	209.449269223	189.509579863	199.298447773	202.878690862	95.2548934011	139.000928088	207.902688336
244.647716401	238.01060235	278.975684438	263.37785272	274.113394067	214.642114141	281.541950517	274.130118501	233.139575277	200.386603777	324.073016144	274.761697834	200.910283554	263.771083556	263.93870537	261.146030737	162.391771534	276.858001459	278.845442126	275.805685731	251.588410511	285.709674654	280.941555984	258.448116095	283.790757653	214.274769059	277.962642947	271.679769938	278.176934774	229.73714762	233.146600449	192.713562063	159.358866053	196.854751708	258.692457056	218.536734737	214.476016105	227.091796151	219.450719989	253.98809684	261.178895736	256.25438744	206.874722055	248.82209672	242.561314935	243.164307629	235.993904153	239.456241147	142.384011119	178.484356327	267.76087021
251.461286808	221.938880566	256.897232942	243.019342462	270.459338297	223.088104317	278.210228847	281.362113882	233.796662627	217.84499491	274.761697834	324.073016144	211.058164728	270.212827426	260.121038295	272.373734362	183.622512942	260.716293211	284.363778546	286.602970144	251.998498503	276.569314574	268.617492239	248.594607338	264.297102587	261.572287777	251.060373403	268.042584958	267.036365636	233.244603807	224.715166046	206.920356532	147.30699293	205.978940028	253.932871835	205.568442298	217.52332211	224.955142623	212.795991137	244.218616701	253.241259964	257.039230956	206.284815879	256.063278715	233.294211634	239.439544117	235.872098067	231.400124163	145.843737196	189.427209396	285.536038546
169.993778143	223.331415688	201.710402017	198.468336886	206.406528701	204.261041805	220.739443253	216.273114611	234.585709935	229.509672178	200.910283554	211.058164728	324.073016144	229.568707174	207.315605997	192.179347386	160.780498557	209.736285256	210.90950686	208.014048195	214.110254333	203.944827303	204.477178841	211.674571957	195.233000671	192.292158646	178.683830803	202.239815166	205.723537158	212.427394553	173.515202735	178.952508544	172.156451302	219.518112818	189.421123271	189.245613519	223.878801945	193.701951606	193.387033504	194.119556841	205.184368289	204.972251434	223.759983644	202.758969792	204.497892114	172.363863283	216.60956959	199.791243978	157.738999728	189.662953826	207.49511209
242.52270774	239.633015087	254.056805287	247.742733369	266.127401564	230.996999764	259.166748598	280.794759298	221.198348848	227.212596227	263.771083556	270.212827426	229.568707174	324.073016144	241.794713433	269.507426013	187.965066573	262.714817265	277.702654334	266.895458747	247.952511293	257.278227145	263.552635239	253.539313365	256.895216806	250.699498878	251.599342972	247.472850848	256.494797269	233.34574576	229.222103536	204.352000281	140.090319486	212.046654692	268.214284065	232.444980098	229.407093298	221.324945605	221.647558895	253.408547949	272.164756914	256.214417587	210.712745061	249.940790906	230.904887985	238.621432699	228.005960256	236.800701677	142.894812314	193.329075951	273.960600814
236.578649247	230.053259529	261.143646565	243.158902478	268.166940036	210.380236168	283.032013238	271.033022091	253.102390383	197.185791632	263.93870537	260.121038295	207.315605997	241.794713433	324.073016144	253.629383199	164.552241951	239.121632829	267.966706103	267.625481864	233.68320099	273.138041275	271.203607026	245.081640368	276.835258109	220.339145447	252.597566704	273.944753305	266.743515313	220.145857803	222.145289056	188.958556862	158.411254888	207.291399989	244.334639283	222.8745013	224.991294737	220.761756539	231.846851227	257.388223226	260.78389234	239.185929615	203.501027296	234.950541385	241.431909808	230.64400749	254.68986301	228.822599642	142.604403862	188.869728543	258.29432337
262.037873411	210.637668944	276.584567705	272.905221552	278.528199597	228.609511925	274.633766269	282.335674339	233.402760308	195.689918681	261.146030737	272.373734362	192.179347386	269.507426013	253.629383199	324.073016144	194.435846137	266.43533838	268.013946318	269.984710905	252.470227157	264.994919086	269.106497054	255.982592066	261.520615917	248.990104671	263.060710691	275.25008354	266.157560048	268.716891007	257.722655997	218.086523097	149.43447812	194.043246026	279.020456271	228.007025795	225.070562696	226.458563879	236.250250344	257.191602504	265.365768357	257.910986633	201.232344796	248.685798322	242.054684557	280.397189741	224.097400349	230.962078577	152.709150297	217.629689503	296.452088132
227.608531922	168.882617144	166.516425339	170.625772788	188.873085625	228.099430019	180.614862856	198.85297994	179.038708803	134.422795828	162.391771534	183.622512942	160.780498557	187.965066573	164.552241951	194.435846137	324.073016144	171.034265791	175.264441415	171.835536603	164.33266221	170.732311529	162.543797461	154.559706429	158.932294993	208.439920215	158.921599706	172.985524737	167.724577409	178.072923086	149.244615855	235.839421209	160.330728117	185.109238932	168.756765364	181.667548919	213.116032088	169.584787135	183.504226783	159.415027911	175.132499486	174.828880018	199.395611263	169.537781705	182.833303208	158.191936277	167.338382508	185.40204343	207.621728611	160.151669941	216.120783108
266.884724435	230.63135673	271.510269486	277.852416737	271.387579798	204.539166619	260.376361631	258.628272088	211.91035953	219.603935533	276.858001459	260.716293211	209.736285256	262.714817265	239.121632829	266.43533838	171.034265791	324.073016144	268.369911516	267.209508968	248.430197531	267.447512915	267.993545631	246.308690669	276.326291944	210.320581378	275.488935715	257.638355757	270.815810177	228.433459043	229.961417095	200.776924077	163.561665072	183.395830618	255.486046636	219.181042247	210.966957409	222.15512208	216.425911089	242.188775089	260.956188351	244.1653971	196.224728544	239.209968658	231.195610397	245.917494159	216.788374253	218.517262257	137.088032178	176.596289958	282.148291179
258.153039539	240.595507948	272.357650133	253.326114676	284.346909025	225.959098335	284.6234593	289.346752672	235.324968785	228.691304231	278.845442126	284.363778546	210.90950686	277.702654334	267.966706103	268.013946318	175.264441415	268.369911516	324.073016144	305.445856978	261.416605959	288.910334	281.696808658	269.355076935	287.607650496	253.026703855	266.784711339	272.857677596	283.064816026	247.466509274	250.993959228	210.191017202	160.257056197	219.912030172	267.484570919	222.880391551	226.804735442	244.587961938	232.495991695	264.372186506	277.152735132	268.630787709	215.672586918	261.100011264	255.807944208	250.1239843	258.715977887	251.85424594	138.242640743	189.078481011	288.569085313
256.092031725	227.343890798	269.317486899	250.543222417	283.888874257	215.949259607	282.762201743	287.907958845	233.737835093	220.697335951	275.805685731	286.602970144	208.014048195	266.895458747	267.625481864	269.984710905	171.835536603	267.209508968	305.445856978	324.073016144	258.584276034	288.810845304	278.869920704	260.144196346	284.286276933	249.267050999	266.588279033	274.07207983	283.053030907	248.166673099	245.06978343	197.738505634	156.844029236	209.416295602	262.761720635	223.522554696	228.859065663	234.412489723	229.914154034	264.023993294	273.748510893	260.508112139	205.14399886	259.44861224	248.063876948	246.06016577	249.08723127	242.616342662	134.864877982	185.906303692	286.577360141
223.311553646	241.852206425	263.87688462	256.805503993	249.535118272	211.056547807	258.549115972	243.574575278	200.036424399	230.116488046	251.588410511	251.998498503	214.110254333	247.952511293	233.68320099	252.470227157	164.33266221	248.430197531	261.416605959	258.584276034	324.073016144	260.62367542	260.697739705	252.166610922	253.491654757	227.791065392	248.010306276	258.535631067	255.601493924	236.862022717	253.67615616	178.413888343	159.144710246	201.212218616	261.17381366	219.955362057	217.584207151	201.371829916	201.28815816	241.065085108	255.983218412	250.131673766	221.457998466	235.283642497	229.676058834	240.133606475	223.652856937	215.866698326	123.331184065	170.749634939	258.546947134
248.478892046	233.582063074	274.829095922	259.025583932	277.76519115	223.345407717	289.23523962	279.366768436	239.267787781	210.261195257	285.709674654	276.569314574	203.944827303	257.278227145	273.138041275	264.994919086	170.732311529	267.447512915	288.910334	288.810845304	260.62367542	324.073016144	288.824343769	266.758228629	295.553936342	235.297700088	275.131057816	285.568727395	290.609990538	238.246610441	236.791495411	214.31265607	166.540348123	221.876834019	266.963723127	218.835646837	230.57135967	247.548395705	242.858077625	271.495891857	279.426852427	266.807199176	211.166495724	270.271204021	259.858190954	258.196278181	258.414673613	248.555024182	149.581038318	206.139668008	275.5198821
241.291649535	222.58710935	270.234996036	257.430797746	270.250247353	210.289916618	278.181930192	272.141073065	232.629989162	208.433429866	280.941555984	268.617492239	204.477178841	263.552635239	271.203607026	269.106497054	162.543797461	267.993545631	281.696808658	278.869920704	260.697739705	288.824343769	324.073016144	259.931310166	292.126313021	228.038576276	267.142452962	280.742120226	281.142596975	242.149699889	247.042395715	203.404533983	165.007040999	218.681637455	267.507408807	224.573360135	220.592432331	239.437432918	235.478564452	265.821406382	273.679374231	261.356832278	208.131575961	257.576530399	248.699906545	251.707361786	254.322938551	240.451910913	145.472010104	201.800795307	278.113827694
221.873286108	226.993518579	265.876927252	249.22162652	256.326209703	221.840026612	257.88811206	258.183287681	218.874071514	219.538550615	258.448116095	248.594607338	211.674571957	253.539313365	245.081640368	255.982592066	154.559706429	246.308690669	269.355076935	260.144196346	252.166610922	266.758228629	259.931310166	324.073016144	268.914543717	227.912800783	257.688563566	262.476065867	266.680876789	241.348662805	237.890803844	206.882245262	163.389858093	210.859572089	261.129254087	212.935926986	219.950373964	229.837620652	219.987938515	247.674701372	259.829529786	241.436347625	204.103035978	244.276298366	243.56058825	248.715910141	234.83135916	229.398531361	135.480335276	187.171420113	257.357715532
245.184076864	243.987397749	285.219073587	267.846056345	279.24971986	210.716497024	283.593543528	272.820628802	227.130997438	209.446778513	283.790757653	264.297102587	195.233000671	256.895216806	276.835258109	261.520615917	158.932294993	276.326291944	287.607650496	284.286276933	253.491654757	295.553936342	292.126313021	268.914543717	324.073016144	217.652299495	290.241685554	280.000496298	296.947175354	232.486789939	239.515699038	196.235475001	167.018826805	196.080092414	268.167447923	223.126717046	220.509732519	238.215803229	229.925524679	260.00765575	277.365711954	252.773471489	197.758330858	248.713941714	250.156933542	252.136248835	245.8608508	238.902437256	142.437867407	178.316631812	271.28496608
234.394290717	191.849028949	207.019636069	196.161040662	238.046943052	236.082968142	233.929151554	266.324301061	215.920643827	197.697739117	214.274769059	261.572287777	192.292158646	250.699498878	220.339145447	248.990104671	208.439920215	210.320581378	253.026703855	249.267050999	227.791065392	235.297700088	228.038576276	227.912800783	217.652299495	324.073016144	205.563255548	229.510639783	221.765049573	218.138864745	205.698381275	223.664622181	113.387452333	217.004458855	229.714601587	193.559941564	222.651267149	200.164897149	211.152065079	228.918575388	233.744528314	229.528693601	195.904760812	217.283052767	227.656358157	231.209192028	219.65513442	218.758859461	148.454147165	199.575234709	260.458083972
242.330382785	230.396762532	285.501223704	272.194976696	256.896628729	201.391740847	257.488443838	252.561672	196.72530114	195.22987555	277.962642947	251.060373403	178.683830803	251.599342972	252.597566704	263.060710691	158.921599706	275.488935715	266.784711339	266.588279033	248.010306276	275.131057816	267.142452962	257.688563566	290.241685554	205.563255548	324.073016144	264.982619151	277.286281337	217.90314944	230.425819651	178.993550037	151.611498219	168.477942195	272.094921251	227.561777918	214.025304153	224.217598064	204.599172394	240.463650431	269.092637357	249.517288962	195.403933692	239.381630215	219.066315685	239.986851279	216.489812946	202.153819284	146.682224038	162.943619956	260.062755898
235.560221224	218.943376696	266.784974299	251.948487963	273.498099066	202.434780946	278.375311129	273.803080465	246.432124922	186.052770133	271.679769938	268.042584958	202.239815166	247.472850848	273.944753305	275.25008354	172.985524737	257.638355757	272.857677596	274.07207983	258.535631067	285.568727395	280.742120226	262.476065867	280.000496298	229.510639783	264.982619151	324.073016144	300.789805996	244.232939927	256.539008443	214.677325182	174.265966831	217.066664529	261.29811091	230.763598507	236.509354457	229.056143037	239.687451273	262.897563334	264.337581729	260.016940855	211.481852415	259.872381709	252.382847837	251.562851021	250.297857981	227.666751806	161.07483803	212.71889933	279.15051796
240.441944567	236.616151619	278.684980684	257.461368349	281.091589061	207.146498444	281.131665859	274.110970974	238.619663996	197.405464852	278.176934774	267.036365636	205.723537158	256.494797269	266.743515313	266.157560048	167.724577409	270.815810177	283.064816026	283.053030907	255.601493924	290.609990538	281.142596975	266.680876789	296.947175354	221.765049573	277.286281337	300.789805996	324.073016144	242.0107063	256.209312336	204.625990552	171.399978091	206.840166858	264.036610166	237.02240947	235.484439125	225.049668809	235.614045552	262.846924824	273.155282243	262.036016542	214.320165076	256.655552358	248.955485532	249.561947059	245.292424529	232.335115825	158.044349185	197.156099541	275.080498785
218.509664997	214.483498059	245.679797347	242.031569063	253.760820597	223.6374799	253.692113497	251.179726218	236.848850043	200.782098469	229.73714762	233.244603807	212.427394553	233.34574576	220.145857803	268.716891007	178.072923086	228.433459043	247.466509274	248.166673099	236.862022717	238.246610441	242.149699889	241.348662805	232.486789939	218.138864745	217.90314944	244.232939927	242.0107063	324.073016144	244.541950393	214.180569738	175.271103407	220.376335851	245.047827004	211.613465594	222.973146122	227.353615827	237.041909846	242.12779847	236.753819188	233.0179076	209.052159067	243.013939496	259.100429105	253.339596768	228.246611286	249.028250503	158.067090106	200.236142011	260.128155181
216.06951099	208.116741345	247.507126733	240.522574184	251.030764422	185.566989791	248.603058494	234.942600137	212.933826484	180.952518848	233.146600449	224.715166046	173.515202735	229.222103536	222.145289056	257.722655997	149.244615855	229.961417095	250.993959228	245.06978343	253.67615616	236.791495411	247.042395715	237.890803844	239.515699038	205.698381275	230.425819651	256.539008443	256.209312336	244.541950393	324.073016144	192.110056277	157.953034837	199.301748881	250.192998753	217.258574482	224.010718903	209.739343086	220.43606649	253.449539231	243.168358757	235.127812518	209.178065975	236.37478273	239.084366096	255.59156824	226.353984811	225.306300542	141.905047029	178.717786411	256.785932303
226.556253905	170.157431571	182.836464431	194.719780306	225.163093607	254.83175546	202.918686218	227.420121528	224.659668555	147.134611397	192.713562063	206.920356532	178.952508544	204.352000281	188.958556862	218.086523097	235.839421209	200.776924077	210.191017202	197.738505634	178.413888343	214.31265607	203.404533983	206.882245262	196.235475001	223.664622181	178.993550037	214.677325182	204.625990552	214.180569738	192.110056277	324.073016144	169.94477997	230.056960673	203.259199873	174.548513753	233.849011533	231.748184965	237.857968518	209.727223907	214.61300956	204.549558549	207.963262506	212.699200113	243.859314838	220.504562078	220.12318583	233.442995179	221.566223916	212.033718462	237.914500279
170.115223784	160.997276	171.848396976	158.732885626	162.953481814	169.516217285	175.886808599	164.467904007	181.52265727	138.250781586	159.358866053	147.30699293	172.156451302	140.090319486	158.411254888	149.43447812	160.330728117	163.561665072	160.257056197	156.844029236	159.144710246	166.540348123	165.007040999	163.389858093	167.018826805	113.387452333	151.611498219	174.265966831	171.399978091	175.271103407	157.953034837	169.94477997	324.073016144	158.180893244	161.728381339	175.554114468	214.637255356	189.938341193	205.1726753	172.495537194	158.168730655	153.676979775	198.063432178	188.226302954	203.240458001	155.600660015	187.087712594	183.682377282	180.373272434	142.880815186	171.825350099
185.563681521	204.674674549	185.680072971	186.269895541	223.532419136	218.1664713	222.848665951	224.289376533	239.340777011	198.331344231	196.854751708	205.978940028	219.518112818	212.046654692	207.291399989	194.043246026	185.109238932	183.395830618	219.912030172	209.416295602	201.212218616	221.876834019	218.681637455	210.859572089	196.080092414	217.004458855	168.477942195	217.066664529	206.840166858	220.376335851	199.301748881	230.056960673	158.180893244	324.073016144	209.597989506	196.495656294	245.796544292	238.3023847	250.423509798	241.503803888	229.057404553	218.262531848	211.856478784	235.501739297	248.067273934	208.856244605	261.110239025	245.997003162	184.669293948	222.717297291	208.487991873
241.60520465	234.828923971	276.197061441	268.943258001	267.623527056	220.011976525	261.59500071	264.683814658	214.104908623	214.157300454	258.692457056	253.932871835	189.421123271	268.214284065	244.334639283	279.020456271	168.756765364	255.486046636	267.484570919	262.761720635	261.17381366	266.963723127	267.507408807	261.129254087	268.167447923	229.714601587	272.094921251	261.29811091	264.036610166	245.047827004	250.192998753	203.259199873	161.728381339	209.597989506	324.073016144	229.170636905	237.477018766	257.963411756	238.156851849	274.78111831	291.628110963	256.848172067	202.025478721	265.883331591	255.323581676	281.299214177	243.02870784	239.117564431	158.288759199	206.235475604	266.772940954
227.487561928	216.222479157	232.322897709	222.015403863	236.49071575	199.104609023	222.388964287	232.519847865	208.051485311	170.821385313	218.536734737	205.568442298	189.245613519	232.444980098	222.8745013	228.007025795	181.667548919	219.181042247	222.880391551	223.522554696	219.955362057	218.835646837	224.573360135	212.935926986	223.126717046	193.559941564	227.561777918	230.763598507	237.02240947	211.613465594	217.258574482	174.548513753	175.554114468	196.495656294	229.170636905	324.073016144	241.221879673	182.321516492	215.907672384	225.475899411	238.857642844	223.762339547	207.9851766	221.185841977	208.125549335	201.699901729	203.495162075	204.387113969	136.974234294	171.845339651	232.953492068
218.498170497	216.268240016	225.72720144	207.357323133	238.552732226	242.46079144	232.576382396	243.76830225	248.637331837	182.975667844	214.476016105	217.52332211	223.878801945	229.407093298	224.991294737	225.070562696	213.116032088	210.966957409	226.804735442	228.859065663	217.584207151	230.57135967	220.592432331	219.950373964	220.509732519	222.651267149	214.025304153	236.509354457	235.484439125	222.973146122	224.010718903	233.849011533	214.637255356	245.796544292	237.477018766	241.221879673	324.073016144	240.709002628	266.568161736	253.409888827	246.636846345	224.717987544	243.334253235	240.461480397	250.387076872	230.755008493	259.300408977	246.220021146	218.624994163	230.701151334	235.436188538
221.440539129	200.708596072	221.092549131	224.927328898	232.203058601	219.983651638	231.146817096	238.07799722	223.49464004	190.604954674	227.091796151	224.955142623	193.701951606	221.324945605	220.761756539	226.458563879	169.584787135	222.15512208	244.587961938	234.412489723	201.371829916	247.548395705	239.437432918	229.837620652	238.215803229	200.164897149	224.217598064	229.056143037	225.049668809	227.353615827	209.739343086	231.748184965	189.938341193	238.3023847	257.963411756	182.321516492	240.709002628	324.073016144	258.945912601	254.744597158	256.567779888	235.680869169	203.722481356	259.873937429	265.693298361	246.021131198	263.846047842	249.928505425	189.067352815	222.225989311	235.016047583
225.736704546	196.176704552	218.424718477	219.583325146	249.623049694	229.091793022	241.079072982	250.521222145	254.747411166	166.959979333	219.450719989	212.795991137	193.387033504	221.647558895	231.846851227	236.250250344	183.504226783	216.425911089	232.495991695	229.914154034	201.28815816	242.858077625	235.478564452	219.987938515	229.925524679	211.152065079	204.599172394	239.687451273	235.614045552	237.041909846	220.43606649	237.857968518	205.1726753	250.423509798	238.156851849	215.907672384	266.568161736	258.945912601	324.073016144	278.217249966	258.452824469	218.12287256	212.940794136	256.484152688	273.589638094	259.279526186	268.852485612	263.726565458	214.915554678	261.538647319	239.222495108
229.107813024	227.293840404	251.175512439	241.122033254	271.465263475	212.948583352	267.241439201	264.029093117	237.001544619	198.983265988	253.98809684	244.218616701	194.119556841	253.408547949	257.388223226	257.191602504	159.415027911	242.188775089	264.372186506	264.023993294	241.065085108	271.495891857	265.821406382	247.674701372	260.00765575	228.918575388	240.463650431	262.897563334	262.846924824	242.12779847	253.449539231	209.727223907	172.495537194	241.503803888	274.78111831	225.475899411	253.409888827	254.744597158	278.217249966	324.073016144	287.754121512	246.333333716	214.944299585	272.614996979	273.033410421	274.837365286	270.381967877	265.360349545	162.256414891	230.111564091	256.656992536
246.901906937	244.267225356	267.18842305	271.365281242	278.54658812	224.057679306	269.38741312	269.18847476	228.919002838	226.848229884	261.178895736	253.241259964	205.184368289	272.164756914	260.78389234	265.365768357	175.132499486	260.956188351	277.152735132	273.748510893	255.983218412	279.426852427	273.679374231	259.829529786	277.365711954	233.744528314	269.092637357	264.337581729	273.155282243	236.753819188	243.168358757	214.61300956	158.168730655	229.057404553	291.628110963	238.857642844	246.636846345	256.567779888	258.452824469	287.754121512	324.073016144	271.855710169	220.975028394	273.318326727	265.759481147	269.001458827	264.617231782	253.739317108	160.702123642	215.355046533	266.613773397
228.6224684	223.168914926	251.160018803	250.625732986	259.270303171	212.254185058	264.026404445	256.359354942	220.006835434	210.066052942	256.25438744	257.039230956	204.972251434	256.214417587	239.185929615	257.910986633	174.828880018	244.1653971	268.630787709	260.508112139	250.131673766	266.807199176	261.356832278	241.436347625	252.773471489	229.528693601	249.517288962	260.016940855	262.036016542	233.0179076	235.127812518	204.549558549	153.676979775	218.262531848	256.848172067	223.762339547	224.717987544	235.680869169	218.12287256	246.333333716	271.855710169	324.073016144	241.917964786	260.184365946	240.203450637	240.763621425	243.94401634	229.367226082	144.622209983	198.750623329	261.603432766
200.685294665	226.501107961	212.2983515	213.850414488	217.490399438	224.180620922	217.706600037	206.023806743	207.766468307	200.433584993	206.874722055	206.284815879	223.759983644	210.712745061	203.501027296	201.232344796	199.395611263	196.224728544	215.672586918	205.14399886	221.457998466	211.166495724	208.131575961	204.103035978	197.758330858	195.904760812	195.403933692	211.481852415	214.320165076	209.052159067	209.178065975	207.963262506	198.063432178	211.856478784	202.025478721	207.9851766	243.334253235	203.722481356	212.940794136	214.944299585	220.975028394	241.917964786	324.073016144	234.117016407	231.40739852	204.815096333	230.913008909	214.063268834	201.628683883	197.635326627	211.747592431
226.544568254	225.071121888	242.545876184	242.023670852	259.026306234	207.820212208	256.766162798	250.524877234	231.382072013	207.408531313	248.82209672	256.063278715	202.758969792	249.940790906	234.950541385	248.685798322	169.537781705	239.209968658	261.100011264	259.44861224	235.283642497	270.271204021	257.576530399	244.276298366	248.713941714	217.283052767	239.381630215	259.872381709	256.655552358	243.013939496	236.37478273	212.699200113	188.226302954	235.501739297	265.883331591	221.185841977	240.461480397	259.873937429	256.484152688	272.614996979	273.318326727	260.184365946	234.117016407	324.073016144	264.252161308	251.720332692	262.905813995	252.745765373	180.382390626	221.87834688	251.168745739
232.759698597	225.767816626	241.707436655	241.423423938	261.077312046	240.220816398	262.301222986	259.312163823	248.834773244	209.449269223	242.561314935	233.294211634	204.497892114	230.904887985	241.431909808	242.054684557	182.833303208	231.195610397	255.807944208	248.063876948	229.676058834	259.858190954	248.699906545	243.56058825	250.156933542	227.656358157	219.066315685	252.382847837	248.955485532	259.100429105	239.084366096	243.859314838	203.240458001	248.067273934	255.323581676	208.125549335	250.387076872	265.693298361	273.589638094	273.033410421	265.759481147	240.203450637	231.40739852	264.252161308	324.073016144	266.929352148	269.408829193	280.447961996	178.559873355	216.779103041	255.378441561
241.974779031	201.447402766	255.635427318	260.180180087	269.642556189	223.172391123	253.771121252	257.029523213	218.156907403	189.509579863	243.164307629	239.439544117	172.363863283	238.621432699	230.64400749	280.397189741	158.191936277	245.917494159	250.1239843	246.06016577	240.133606475	258.196278181	251.707361786	248.715910141	252.136248835	231.209192028	239.986851279	251.562851021	249.561947059	253.339596768	255.59156824	220.504562078	155.600660015	208.856244605	281.299214177	201.699901729	230.755008493	246.021131198	259.279526186	274.837365286	269.001458827	240.763621425	204.815096333	251.720332692	266.929352148	324.073016144	243.608496789	251.818661442	160.821320347	232.330020841	261.355139879
214.837273018	226.722711507	229.528085566	223.599952505	256.999424024	225.284280602	254.784299596	248.355847762	245.264356114	199.298447773	235.993904153	235.872098067	216.60956959	228.005960256	254.68986301	224.097400349	167.338382508	216.788374253	258.715977887	249.08723127	223.652856937	258.414673613	254.322938551	234.83135916	245.8608508	219.65513442	216.489812946	250.297857981	245.292424529	228.246611286	226.353984811	220.12318583	187.087712594	261.110239025	243.02870784	203.495162075	259.300408977	263.846047842	268.852485612	270.381967877	264.617231782	243.94401634	230.913008909	262.905813995	269.408829193	243.608496789	324.073016144	264.635266097	189.242939003	239.168565195	237.927864376
225.649372377	218.781390218	227.778634243	225.903833383	258.380450791	239.325880734	257.015557731	252.084085073	232.740746976	202.878690862	239.456241147	231.400124163	199.791243978	236.800701677	228.822599642	230.962078577	185.40204343	218.517262257	251.85424594	242.616342662	215.866698326	248.555024182	240.451910913	229.398531361	238.902437256	218.758859461	202.153819284	227.666751806	232.335115825	249.028250503	225.306300542	233.442995179	183.682377282	245.997003162	239.117564431	204.387113969	246.220021146	249.928505425	263.726565458	265.360349545	253.739317108	229.367226082	214.063268834	252.745765373	280.447961996	251.818661442	264.635266097	324.073016144	175.034070831	209.308534718	243.818993022
160.97521931	134.884210081	139.04711522	144.984059545	158.76365714	197.603102207	150.947830067	160.876428688	192.741358836	95.2548934011	142.384011119	145.843737196	157.738999728	142.894812314	142.604403862	152.709150297	207.621728611	137.088032178	138.242640743	134.864877982	123.331184065	149.581038318	145.472010104	135.480335276	142.437867407	148.454147165	146.682224038	161.07483803	158.044349185	158.067090106	141.905047029	221.566223916	180.373272434	184.669293948	158.288759199	136.974234294	218.624994163	189.067352815	214.915554678	162.256414891	160.702123642	144.622209983	201.628683883	180.382390626	178.559873355	160.821320347	189.242939003	175.034070831	324.073016144	215.48000538	150.531803733
176.955133184	142.699150299	171.550221067	187.298439121	206.355303823	203.660960912	195.999742388	209.602677708	225.482801826	139.000928088	178.484356327	189.427209396	189.662953826	193.329075951	188.869728543	217.629689503	160.151669941	176.596289958	189.078481011	185.906303692	170.749634939	206.139668008	201.800795307	187.171420113	178.316631812	199.575234709	162.943619956	212.71889933	197.156099541	200.236142011	178.717786411	212.033718462	142.880815186	222.717297291	206.235475604	171.845339651	230.701151334	222.225989311	261.538647319	230.111564091	215.355046533	198.750623329	197.635326627	221.87834688	216.779103041	232.330020841	239.168565195	209.308534718	215.48000538	324.073016144	205.174927658
285.258050865	221.658571199	264.901811813	259.783138343	284.021782723	237.36386238	281.728544269	289.305549025	240.086953927	207.902688336	267.76087021	285.536038546	207.49511209	273.960600814	258.29432337	296.452088132	216.120783108	282.148291179	288.569085313	286.577360141	258.546947134	275.5198821	278.113827694	257.357715532	271.28496608	260.458083972	260.062755898	279.15051796	275.080498785	260.128155181	256.785932303	237.914500279	171.825350099	208.487991873	266.772940954	232.953492068	235.436188538	235.016047583	239.222495108	256.656992536	266.613773397	261.603432766	211.747592431	251.168745739	255.378441561	261.355139879	237.927864376	243.818993022	150.531803733	205.174927658	324.073016144
Genotype stats (X^T * X): 	86.7224319042
Gene expression - Genotype stats (Y^T * X): 
-18.8967182706	-13.6483707545	-5.45663772047	-13.9769811269	-14.8829307218	-19.7855952432	-11.8294598132	-16.9363930957	-11.4591994886	-15.341075476	-11.549547722	-18.3490578431	-14.1522094206	-24.7474802742	-15.4759475722	-20.7621469727	-25.339183101	-11.0530421655	-15.7216431448	-10.6474651665	-13.2088243938	-10.7895847121	-9.92732790544	-16.4901725074	-6.66350216085	-24.7239737808	-19.2795365424	-12.7064703721	-12.0486061296	-14.793712487	-14.5039292225	-25.0913768891	15.0476912663	-12.7365856638	-17.3203275718	-13.3299895618	-13.9264477988	-16.3458406449	-6.00078546917	-8.85810982614	-25.4192678601	-34.8155089651	-34.5994389997	-14.894225703	-11.7100799896	-15.8543140552	-13.2389155528	-5.31784682472	-13.018269266	-23.0701915234	-21.6203884397