Tissue	wholeblood
N_samples	334
Chr	6
Gene	ENSG00000204388.5
SNP	rs10947223
Gene_list	ENSG00000132002.3	ENSG00000204388.5	ENSG00000096384.15	ENSG00000106211.8	ENSG00000080824.14	ENSG00000135821.12
Gene expression stats (Y^T * Y): 
324.073016144	280.483511732	241.520248917	227.380879548	246.64997431	158.361142208
280.483511732	324.073016144	213.336128224	224.975821423	196.130332941	195.136210961
241.520248917	213.336128224	324.073016144	240.607937296	262.749653659	97.3383226768
227.380879548	224.975821423	240.607937296	324.073016144	182.969289365	146.314057497
246.64997431	196.130332941	262.749653659	182.969289365	324.073016144	70.0990567783
158.361142208	195.136210961	97.3383226768	146.314057497	70.0990567783	324.073016144
Genotype stats (X^T * X): 	66.2179193054
Gene expression - Genotype stats (Y^T * X): 
-19.9537367288	-24.3622486999	-14.4843737389	-19.8994462849	-7.50419871616	-22.049962027