Tissue	wholeblood
N_samples	334
Chr	13
Gene	ENSG00000102837.6
SNP	rs17552047
Gene_list	ENSG00000197561.2	ENSG00000164821.4	ENSG00000240247.2	ENSG00000101425.8	ENSG00000012223.8	ENSG00000102837.6	ENSG00000134827.3	ENSG00000148346.7
Gene expression stats (Y^T * Y): 
324.073016144	299.737354251	274.858924387	269.430117028	237.679821761	197.727600905	200.055016871	215.861242898
299.737354251	324.073016144	299.257644175	274.73889479	239.136061842	205.686770852	230.154340333	227.471307251
274.858924387	299.257644175	324.073016144	258.692845032	231.640516193	203.667530489	216.129186529	237.718575779
269.430117028	274.73889479	258.692845032	324.073016144	272.070473437	203.751952829	241.983902888	254.658176067
237.679821761	239.136061842	231.640516193	272.070473437	324.073016144	207.647582848	214.261387086	277.577210744
197.727600905	205.686770852	203.667530489	203.751952829	207.647582848	324.073016144	213.733482426	219.631533634
200.055016871	230.154340333	216.129186529	241.983902888	214.261387086	213.733482426	324.073016144	214.950431092
215.861242898	227.471307251	237.718575779	254.658176067	277.577210744	219.631533634	214.950431092	324.073016144
Genotype stats (X^T * X): 	135.068862275
Gene expression - Genotype stats (Y^T * X): 
0.766918121651	1.64277671585	5.75259487497	-5.13281358212	-0.502712803969	-54.0799836121	-2.16051128253	-5.32024297704