Tissue	wholeblood
N_samples	334
Chr	17
Gene	ENSG00000129277.9
SNP	rs712044
Gene_list	ENSG00000159674.7	ENSG00000100453.8	ENSG00000006075.11	ENSG00000129277.9	ENSG00000205020.7	ENSG00000172543.3	ENSG00000158050.4
Gene expression stats (Y^T * Y): 
324.073016144	205.13800493	171.096480443	217.29073277	158.24059376	225.755506215	138.763414941
205.13800493	324.073016144	180.345697123	205.048854466	129.257870266	229.315432544	138.253718039
171.096480443	180.345697123	324.073016144	253.707264999	187.975398993	170.588358539	170.803463879
217.29073277	205.048854466	253.707264999	324.073016144	234.842145822	215.529446786	223.554815882
158.24059376	129.257870266	187.975398993	234.842145822	324.073016144	125.239702744	144.572790289
225.755506215	229.315432544	170.588358539	215.529446786	125.239702744	324.073016144	138.168354468
138.763414941	138.253718039	170.803463879	223.554815882	144.572790289	138.168354468	324.073016144
Genotype stats (X^T * X): 	145.143986338
Gene expression - Genotype stats (Y^T * X): 
3.75042993807	16.9308356702	36.20358309	45.9467744742	29.4006068739	13.9826989303	18.169295024