Tissue	wholeblood
N_samples	334
Chr	17
Gene	ENSG00000083454.17
SNP	rs220485
Gene_list	ENSG00000083454.17	ENSG00000136573.8	ENSG00000012124.10	ENSG00000105369.5	ENSG00000156738.13	ENSG00000007312.8
Gene expression stats (Y^T * Y): 
324.073016144	207.988533521	209.853425904	238.569495333	210.922996745	222.454636274
207.988533521	324.073016144	208.195044499	204.180162595	193.709757785	186.420963751
209.853425904	208.195044499	324.073016144	220.703183253	234.384425092	216.610948931
238.569495333	204.180162595	220.703183253	324.073016144	206.396408184	262.046194259
210.922996745	193.709757785	234.384425092	206.396408184	324.073016144	196.327757698
222.454636274	186.420963751	216.610948931	262.046194259	196.327757698	324.073016144
Genotype stats (X^T * X): 	85.5564216287
Gene expression - Genotype stats (Y^T * X): 
-26.7590651611	-3.7864554637	10.8913807337	-2.85189327286	-8.8960657381	-20.230123145