Tissue	wholeblood
N_samples	334
Chr	22
Gene	ENSG00000128218.7
SNP	rs5759947
Gene_list	ENSG00000104921.10	ENSG00000167483.13	ENSG00000128218.7	ENSG00000177455.7	ENSG00000012124.10	ENSG00000269404.2	ENSG00000100721.6
Gene expression stats (Y^T * Y): 
324.073016144	205.643921911	195.508055823	172.060118336	205.574503625	145.643137871	215.788375575
205.643921911	324.073016144	198.809359065	216.164916838	230.512257755	176.964021852	200.122370581
195.508055823	198.809359065	324.073016144	202.514225588	223.683921285	223.287064653	203.438299141
172.060118336	216.164916838	202.514225588	324.073016144	216.204307523	199.779926657	142.840322668
205.574503625	230.512257755	223.683921285	216.204307523	324.073016144	182.768450993	220.202643242
145.643137871	176.964021852	223.287064653	199.779926657	182.768450993	324.073016144	154.347508028
215.788375575	200.122370581	203.438299141	142.840322668	220.202643242	154.347508028	324.073016144
Genotype stats (X^T * X): 	156.617421988
Gene expression - Genotype stats (Y^T * X): 
40.0325688707	35.5371508586	35.9430856928	26.1243441605	25.6920777425	29.1727802121	39.8232018979