Tissue	wholeblood
N_samples	334
Chr	19
Gene	ENSG00000105427.5
SNP	rs10084159
Gene_list	ENSG00000059804.11	ENSG00000171401.10	ENSG00000105427.5	ENSG00000205420.6	ENSG00000170477.8	ENSG00000168209.4	ENSG00000140519.8	ENSG00000197191.3	ENSG00000180155.14	ENSG00000143536.7	ENSG00000169474.3	ENSG00000163209.10	ENSG00000203785.4	ENSG00000189334.4
Gene expression stats (Y^T * Y): 
324.073016144	-175.963361493	-194.803460664	-180.598033248	-80.8003637466	280.556615466	-184.652763853	-107.251630457	-133.534493607	-168.403018445	-188.056001155	-200.854139646	-187.933572839	-125.366359339
-175.963361493	324.073016144	224.84305807	244.547370047	261.743332646	-168.427422726	246.658628588	131.902318866	149.430449423	261.772619738	242.17886399	302.411628197	187.514746761	226.149543903
-194.803460664	224.84305807	324.073016144	283.202251479	203.196892942	-199.789720318	297.679572414	194.480266928	227.795478821	287.900777109	288.271201313	264.673457145	281.737770724	261.202766441
-180.598033248	244.547370047	283.202251479	324.073016144	234.96396993	-189.279854389	310.780631785	214.799529943	233.782324029	304.886872796	302.632359922	276.669978021	287.8167855	290.602825778
-80.8003637466	261.743332646	203.196892942	234.96396993	324.073016144	-104.012188108	239.371218524	148.708175233	149.12236189	271.441331995	221.655218505	270.883061052	166.333359451	251.417208411
280.556615466	-168.427422726	-199.789720318	-189.279854389	-104.012188108	324.073016144	-193.681976464	-113.299956781	-138.036865972	-184.192375684	-191.253238004	-201.515359957	-187.49847972	-152.62650938
-184.652763853	246.658628588	297.679572414	310.780631785	239.371218524	-193.681976464	324.073016144	226.577979266	243.739915017	316.719598203	307.839652297	281.923133069	295.171170293	294.263265707
-107.251630457	131.902318866	194.480266928	214.799529943	148.708175233	-113.299956781	226.577979266	324.073016144	238.321161941	218.619170326	206.379228228	163.055834028	229.156733697	246.201966499
-133.534493607	149.430449423	227.795478821	233.782324029	149.12236189	-138.036865972	243.739915017	238.321161941	324.073016144	231.559143189	233.923265666	181.352517108	257.677892333	237.760889031
-168.403018445	261.772619738	287.900777109	304.886872796	271.441331995	-184.192375684	316.719598203	218.619170326	231.559143189	324.073016144	300.38487267	294.936610423	275.425395023	300.120960108
-188.056001155	242.17886399	288.271201313	302.632359922	221.655218505	-191.253238004	307.839652297	206.379228228	233.923265666	300.38487267	324.073016144	276.809516216	288.063321934	273.661842624
-200.854139646	302.411628197	264.673457145	276.669978021	270.883061052	-201.515359957	281.923133069	163.055834028	181.352517108	294.936610423	276.809516216	324.073016144	230.470851837	254.06835047
-187.933572839	187.514746761	281.737770724	287.8167855	166.333359451	-187.49847972	295.171170293	229.156733697	257.677892333	275.425395023	288.063321934	230.470851837	324.073016144	266.296213332
-125.366359339	226.149543903	261.202766441	290.602825778	251.417208411	-152.62650938	294.263265707	246.201966499	237.760889031	300.120960108	273.661842624	254.06835047	266.296213332	324.073016144
Genotype stats (X^T * X): 	87.1577664341
Gene expression - Genotype stats (Y^T * X): 
-34.9736224168	19.1242391118	28.6067567394	19.3512360889	8.822371475	-37.6678005528	23.4422546162	8.48822339524	13.9067902019	20.1923022732	24.6114323667	25.2510376932	23.0493814682	17.0543900543