Tissue	wholeblood
N_samples	334
Chr	1
Gene	ENSG00000198821.6
SNP	rs1214607
Gene_list	ENSG00000159674.7	ENSG00000137441.7	ENSG00000100453.8	ENSG00000100385.9	ENSG00000172543.3	ENSG00000180644.6	ENSG00000173762.3	ENSG00000198821.6
Gene expression stats (Y^T * Y): 
324.073016144	248.496176713	205.13800493	187.598184881	225.755506215	224.83451436	161.568796042	243.40059955
248.496176713	324.073016144	225.827273624	120.144092073	218.755138113	203.792377128	114.140316214	237.677533861
205.13800493	225.827273624	324.073016144	174.413045872	229.315432544	243.2882431	206.578430728	235.004876693
187.598184881	120.144092073	174.413045872	324.073016144	160.940410671	182.554550865	156.49133944	209.121514235
225.755506215	218.755138113	229.315432544	160.940410671	324.073016144	246.262807707	188.6582137	230.807514561
224.83451436	203.792377128	243.2882431	182.554550865	246.262807707	324.073016144	178.343167853	241.383898211
161.568796042	114.140316214	206.578430728	156.49133944	188.6582137	178.343167853	324.073016144	210.310723513
243.40059955	237.677533861	235.004876693	209.121514235	230.807514561	241.383898211	210.310723513	324.073016144
Genotype stats (X^T * X): 	156.104578156
Gene expression - Genotype stats (Y^T * X): 
-41.421958162	-46.3996353396	-26.4886459399	-4.5750612772	-18.2419398559	-17.6976849293	-19.2864519686	-37.2322403842