Tissue	wholeblood
N_samples	334
Chr	10
Gene	ENSG00000119950.16
SNP	rs10884939
Gene_list	ENSG00000164849.7	ENSG00000060138.8	ENSG00000103342.8	ENSG00000137198.5	ENSG00000198876.8	ENSG00000100614.13	ENSG00000145335.11	ENSG00000182512.4	ENSG00000119950.16	ENSG00000172331.7	ENSG00000181788.3	ENSG00000082146.8	ENSG00000159346.8
Gene expression stats (Y^T * Y): 
324.073016144	153.425070294	158.415637514	168.226476991	191.220160084	164.550178892	151.748796278	165.093108925	198.08379811	135.618765945	170.044703598	154.35411827	157.515588331
153.425070294	324.073016144	229.588468581	248.131771777	208.864862277	153.468473591	265.612498496	222.60479197	204.167378747	189.168761152	164.799717797	274.685834813	273.568270604
158.415637514	229.588468581	324.073016144	238.510158826	248.964322902	160.11531834	252.302122633	247.87874478	203.637372663	239.795323079	198.632560025	256.280235776	227.0411068
168.226476991	248.131771777	238.510158826	324.073016144	247.689642196	154.090238595	241.571440749	288.02104715	196.803889662	229.755630581	229.517578762	250.180776082	243.124504864
191.220160084	208.864862277	248.964322902	247.689642196	324.073016144	168.089221528	231.389473662	237.868737842	220.686529639	242.316400593	193.2022245	259.306147189	222.739553724
164.550178892	153.468473591	160.11531834	154.090238595	168.089221528	324.073016144	123.029829436	158.401567796	199.826646014	116.30670331	190.172062349	170.328448501	165.616314598
151.748796278	265.612498496	252.302122633	241.571440749	231.389473662	123.029829436	324.073016144	230.24337922	194.870772077	239.692133738	156.791894874	270.287017901	258.117238699
165.093108925	222.60479197	247.87874478	288.02104715	237.868737842	158.401567796	230.24337922	324.073016144	212.518279117	251.011501582	237.859275215	234.524012288	224.138334372
198.08379811	204.167378747	203.637372663	196.803889662	220.686529639	199.826646014	194.870772077	212.518279117	324.073016144	198.445336907	197.640749198	206.648914579	203.500823222
135.618765945	189.168761152	239.795323079	229.755630581	242.316400593	116.30670331	239.692133738	251.011501582	198.445336907	324.073016144	187.578438825	224.421177248	189.798155228
170.044703598	164.799717797	198.632560025	229.517578762	193.2022245	190.172062349	156.791894874	237.859275215	197.640749198	187.578438825	324.073016144	161.7575176	175.438529845
154.35411827	274.685834813	256.280235776	250.180776082	259.306147189	170.328448501	270.287017901	234.524012288	206.648914579	224.421177248	161.7575176	324.073016144	270.060049177
157.515588331	273.568270604	227.0411068	243.124504864	222.739553724	165.616314598	258.117238699	224.138334372	203.500823222	189.798155228	175.438529845	270.060049177	324.073016144
Genotype stats (X^T * X): 	165.500282946
Gene expression - Genotype stats (Y^T * X): 
-14.2933643426	-25.3011046612	-19.6617942456	-18.6189997539	-26.1623815783	-20.254503909	-33.5385328197	-26.9033517887	-55.2383102045	-20.8358957265	-28.6037714539	-20.8386797586	-21.8536655527