Tissue	wholeblood
N_samples	334
Chr	2
Gene	ENSG00000082146.8
SNP	rs12621695
Gene_list	ENSG00000103148.11	ENSG00000206177.2	ENSG00000206172.4	ENSG00000086506.2	ENSG00000099804.4	ENSG00000172270.14	ENSG00000125818.13	ENSG00000063854.8	ENSG00000167671.7	ENSG00000244734.2	ENSG00000223609.3	ENSG00000213934.5	ENSG00000060138.8	ENSG00000103342.8	ENSG00000104903.4	ENSG00000137198.5	ENSG00000170315.9	ENSG00000105701.11	ENSG00000158856.13	ENSG00000147454.9	ENSG00000104765.10	ENSG00000100325.10	ENSG00000171552.8	ENSG00000234745.5	ENSG00000169877.5	ENSG00000100225.13	ENSG00000107262.12	ENSG00000198876.8	ENSG00000090013.5	ENSG00000004939.9	ENSG00000108309.8	ENSG00000013306.11	ENSG00000065978.13	ENSG00000166947.7	ENSG00000198336.5	ENSG00000162366.3	ENSG00000087086.9	ENSG00000124098.9	ENSG00000132819.12	ENSG00000133742.9	ENSG00000145335.11	ENSG00000180628.10	ENSG00000182512.4	ENSG00000214253.4	ENSG00000119950.16	ENSG00000088992.13	ENSG00000136732.10	ENSG00000136819.10	ENSG00000172331.7	ENSG00000133606.6	ENSG00000143416.16	ENSG00000082146.8	ENSG00000159346.8	ENSG00000143774.12
Gene expression stats (Y^T * Y): 
324.073016144	183.072982968	176.832910931	196.732320301	160.789042704	138.283131908	208.88521346	196.652882781	240.825983261	170.098687077	156.439537686	138.229157855	226.203588305	169.738114568	160.796240809	179.745487359	152.839706806	222.665917455	234.35860504	199.519799069	122.418103271	206.356865944	186.80979832	-164.02129111	154.359031074	197.72688248	197.629689066	162.310912968	168.926369718	168.813245578	158.481936836	224.022937551	193.270316522	148.636314013	207.553714321	204.470859307	-152.574564161	221.848213553	183.34937111	139.292005301	171.899700359	187.192749027	148.430987405	164.466720833	149.867642896	175.527252578	244.944238171	161.32473834	123.004802135	172.91971089	197.220797375	221.74377403	214.820093822	208.012972867
183.072982968	324.073016144	206.540050925	238.628408825	172.570560096	212.061134069	154.821335543	196.53907451	232.047425025	198.795815421	241.30087513	169.074854254	211.076232609	161.17946996	185.651715507	179.808246656	177.964351036	234.424280308	230.027708728	211.195606394	157.055653988	132.392156599	201.929686549	-183.037363251	242.960805795	199.998053706	190.358238224	124.149379706	228.073189886	202.241761729	159.810641128	237.057683805	145.478796912	153.300255289	204.22898354	187.957001705	-153.105016113	228.705252878	211.71095929	210.584661519	189.75414732	163.60269304	174.859499654	191.097807987	119.923009351	163.344315443	238.129964447	142.379874106	151.867064682	189.1632407	207.268791847	198.098884904	185.125894831	228.917642891
176.832910931	206.540050925	324.073016144	202.687969035	207.946895877	215.529684765	216.527835436	215.57096051	225.528051602	216.868625973	190.725224707	158.55419554	222.322853717	193.334087419	183.542170103	204.956295953	201.433771638	237.661558478	230.574762217	174.355846873	167.864436399	200.103466184	229.257693274	-209.637968561	200.804804788	233.926048962	221.658365042	177.681303074	198.850516261	187.475105613	171.747612627	259.198954635	143.796021655	167.509408607	177.317878641	175.826584513	-219.924092915	242.270609122	205.317897446	173.31562414	212.754134674	200.992210728	182.020307983	160.606753303	140.891202578	182.154428231	204.099347071	186.141147411	163.640997193	207.995616329	216.28850267	197.51513762	192.207063076	193.581342837
196.732320301	238.628408825	202.687969035	324.073016144	181.421105993	177.059254554	161.764450543	202.686967474	262.03314964	204.733271398	205.878584801	151.324328408	212.118676851	157.827399632	237.451206426	207.941996697	177.255780179	230.629516327	226.542271011	222.950977866	149.174341798	139.360539818	192.560721411	-181.589912533	212.568609424	195.733409727	196.07278122	146.346921915	210.54962231	179.322333289	203.979175688	233.958631249	153.228492086	130.163411224	177.679714049	230.363953828	-136.855845539	227.621407076	216.450625469	181.700255817	160.363985449	145.599409903	192.575177683	214.759681786	145.417565965	142.78617651	249.14078737	144.771957148	123.144688839	183.047536424	182.202065483	198.452331199	196.779612717	230.104764813
160.789042704	172.570560096	207.946895877	181.421105993	324.073016144	230.9437571	189.902595017	232.868225968	234.092425785	205.769719613	191.09069041	153.4256014	198.007971342	229.863853844	172.148263514	219.912351947	172.495072206	211.429335617	228.380408268	175.162854108	176.431871299	212.768826594	228.311150401	-197.15247041	207.404345832	208.178206827	231.946117739	204.091710933	178.126562132	202.724617024	180.222254559	247.363085857	118.091604474	205.923670396	171.247937476	154.70670172	-188.089249569	235.069490098	226.651766888	182.849500323	220.311080156	185.682972152	212.691923359	208.602709352	172.346793533	193.221801012	179.512138319	217.494589914	191.95242416	208.075683752	237.866471493	205.886472149	206.009346462	184.820081816
138.283131908	212.061134069	215.529684765	177.059254554	230.9437571	324.073016144	176.213838575	185.141526577	206.637307331	183.310569083	236.061998677	144.551986654	206.37116184	194.927111228	188.607318339	216.81208919	204.331259218	210.253395181	242.846960945	140.038207571	194.530131771	162.775986499	243.497454566	-169.255989968	240.181490522	215.797069481	181.0167699	164.223214869	217.24246539	241.054931153	173.537214679	243.426815555	101.562108302	190.554614186	146.008598103	162.780563945	-147.24101094	230.59749007	243.803350661	231.532499415	224.525608997	133.348557228	211.427956523	159.031597997	133.543706965	148.186452978	191.878282823	168.590224526	200.892910556	218.516691828	245.794231232	195.704228575	184.176015385	178.475674733
208.88521346	154.821335543	216.527835436	161.764450543	189.902595017	176.213838575	324.073016144	228.432837672	218.303700314	175.214637077	160.212512384	140.939136198	215.482655164	192.914694017	158.840367855	181.335544346	182.787706341	205.174300336	228.926973133	172.477295132	134.667041612	239.296147439	208.552116305	-181.15019891	167.736820037	206.449973568	224.237230712	176.515324419	203.811816165	201.786547225	131.545196204	245.415686211	193.50319165	180.10772488	193.624904723	174.089774239	-177.739797708	220.999539745	194.37040638	146.708043985	200.679230396	206.427163612	160.130681133	160.169443824	124.128569086	198.599389733	205.70319082	197.94084672	140.769009308	199.575838879	216.47202263	218.408571256	206.42563662	165.546727124
196.652882781	196.53907451	215.57096051	202.686967474	232.868225968	185.141526577	228.432837672	324.073016144	246.577737678	222.631642134	197.878032352	161.120682652	238.80026359	216.088766459	184.100625964	229.863511487	190.331658043	208.264760792	238.376007188	205.417915553	170.61248335	245.20198919	222.509920308	-209.704389855	214.229952378	208.193599716	224.393000723	210.492997922	224.558854713	211.544168779	180.039976083	245.055579359	174.73306832	203.449905403	194.770202391	184.817373412	-208.2171791	253.220038125	216.196651791	184.459844835	220.979721982	185.086008581	212.432095797	216.707165052	176.35315144	221.519507754	217.733847796	198.960290371	183.741577056	214.46624952	237.076192393	250.40878158	221.200636011	188.805636413
240.825983261	232.047425025	225.528051602	262.03314964	234.092425785	206.637307331	218.303700314	246.577737678	324.073016144	231.483443469	218.269285578	164.415020408	248.384384973	212.516886656	235.62370727	232.073736226	202.253498495	281.896741786	276.76260148	227.005324576	183.346405672	215.622315543	237.904745144	-214.278447968	229.949865602	240.84853077	253.856970874	193.710459005	222.376056906	208.017021024	215.655484141	284.567897289	184.642703003	173.138746451	210.88030256	236.524762346	-178.706759361	267.182144552	246.548857354	198.74436352	216.072693745	212.206889683	202.071407904	220.892248153	172.651894986	200.694191994	285.00147338	195.503808751	153.762312085	214.999536973	237.02271965	246.818599483	240.742197693	250.980952865
170.098687077	198.795815421	216.868625973	204.733271398	205.769719613	183.310569083	175.214637077	222.631642134	231.483443469	324.073016144	243.355357325	214.787913278	250.652687724	217.992090911	172.625404616	230.311483258	230.562406818	224.030603483	241.377373637	204.544264713	219.963675286	182.547422773	251.352113469	-230.337321403	247.479312191	233.203668436	225.559228881	217.849843185	207.836600078	196.761060412	177.88898376	247.006238232	177.100517116	182.216426656	196.172017722	173.671828676	-217.942529987	260.445328476	208.786553172	220.685524673	260.840971132	198.317588348	207.231431191	192.650628017	186.126960792	183.438340812	222.882314163	222.054725729	200.005266844	229.228241091	244.811515703	256.748905837	250.933084782	192.710219508
156.439537686	241.30087513	190.725224707	205.878584801	191.09069041	236.061998677	160.212512384	197.878032352	218.269285578	243.355357325	324.073016144	193.117633984	236.914511896	203.766268704	191.009849749	237.608618016	248.145484826	198.377078307	253.88952534	180.834309451	213.957663588	164.423068218	259.697781413	-209.745594801	310.409148102	232.000089076	202.056905376	187.429153878	245.696692054	244.254108461	180.704219627	245.231201849	151.997452127	210.986683816	176.792907967	176.73415862	-174.392105421	252.045393162	241.698485257	289.607612375	250.138078247	154.929172585	225.512417644	185.031202317	140.027957716	168.148402693	222.249403605	182.406975055	208.389272671	240.11550335	267.227904832	235.116740061	228.378382966	192.678374108
138.229157855	169.074854254	158.55419554	151.324328408	153.4256014	144.551986654	140.939136198	161.120682652	164.415020408	214.787913278	193.117633984	324.073016144	183.34333719	169.28391074	129.835025926	155.401945628	170.012376318	167.150695984	184.713681485	167.145139264	165.419681341	148.462229168	200.018516802	-178.387819935	194.308829839	180.01354544	174.813045377	152.453935844	161.070124378	164.04008508	123.570190775	193.792416474	134.357113085	134.71950699	161.335400843	132.429343244	-175.875548057	204.248194374	160.597030207	169.496014898	205.033061671	175.959352882	142.655827825	140.177986129	122.698229357	171.257152956	160.866062377	160.908300815	149.090534826	184.120517972	197.676201368	201.39142278	180.391764673	154.697991689
226.203588305	211.076232609	222.322853717	212.118676851	198.007971342	206.37116184	215.482655164	238.80026359	248.384384973	250.652687724	236.914511896	183.34333719	324.073016144	229.588468581	183.746236389	248.131771777	237.493081895	220.131432955	281.446118184	217.331626528	211.130722034	213.58257584	258.872757434	-205.080745958	235.221721365	245.757972818	227.147876456	208.864862277	224.894111498	224.678298263	180.504115962	263.092264761	215.651370473	184.517681013	184.213312595	194.871536454	-209.547680502	281.562686283	233.438847897	229.171584962	265.612498496	182.527089291	222.60479197	196.097605417	204.167378747	178.859704036	245.757149983	215.871339533	189.168761152	254.787667711	268.207807142	274.685834813	273.568270604	220.580939387
169.738114568	161.17946996	193.334087419	157.827399632	229.863853844	194.927111228	192.914694017	216.088766459	212.516886656	217.992090911	203.766268704	169.28391074	229.588468581	324.073016144	178.655275683	238.510158826	207.339168763	198.14521154	245.092130574	175.79476185	201.802043621	228.367424714	263.64656945	-182.853482843	210.63991608	236.338227764	231.385762404	248.964322902	194.549771603	227.208281914	199.791626957	244.088139075	126.853293847	229.796410624	185.262677774	167.228153611	-193.783068232	255.424529084	233.503924759	195.26736161	252.302122633	193.826204867	247.87874478	193.752448953	203.637372663	176.459053381	178.735148785	207.725681274	239.795323079	242.972425806	247.216329619	256.280235776	227.0411068	150.312504524
160.796240809	185.651715507	183.542170103	237.451206426	172.148263514	188.607318339	158.840367855	184.100625964	235.62370727	172.625404616	191.009849749	129.835025926	183.746236389	178.655275683	324.073016144	215.927631516	191.832361955	212.12988125	229.611772191	187.0836608	165.127120827	164.36845204	215.481091131	-169.463860032	191.262831153	201.102115528	204.737788985	195.895687935	193.614325607	195.764121486	249.270741864	223.701409069	108.766052908	171.869189252	151.204855644	254.78134503	-138.019595595	213.238657521	224.005537464	175.443108338	164.371763379	145.218037296	187.356309101	186.701453372	127.643218566	165.870910035	227.260937213	125.958683259	135.827939029	198.732196357	172.843504333	201.761687767	180.16248566	167.167067604
179.745487359	179.808246656	204.956295953	207.941996697	219.912351947	216.81208919	181.335544346	229.863511487	232.073736226	230.311483258	237.608618016	155.401945628	248.131771777	238.510158826	215.927631516	324.073016144	226.165667984	197.878538996	261.05480215	182.596683359	219.86001724	202.674873621	272.06667432	-180.700416383	237.868341822	224.065066105	218.281429255	247.689642196	204.679791003	225.025696501	217.360779947	247.520793916	118.383514123	238.220465571	157.696103169	198.507499275	-196.841357784	246.768568812	251.594350174	226.099350463	241.571440749	150.671105113	288.02104715	226.59543711	196.803889662	173.245211515	205.462269929	215.782813473	229.755630581	258.576248128	260.999189422	250.180776082	243.124504864	173.151307483
152.839706806	177.964351036	201.433771638	177.255780179	172.495072206	204.331259218	182.787706341	190.331658043	202.253498495	230.562406818	248.145484826	170.012376318	237.493081895	207.339168763	191.832361955	226.165667984	324.073016144	175.202469683	236.738913575	170.88281456	186.785953823	188.152580919	246.417518178	-179.883545048	242.110219104	218.235680176	191.634686566	196.755801472	207.905415813	202.804416754	178.327592285	229.746144746	152.664140233	175.615980511	159.330129013	179.44996764	-174.782167467	236.87952787	206.264723602	213.679170706	233.035586943	147.092565951	200.053350988	162.571139507	141.295786102	157.378685306	202.300368764	177.790964974	176.177839065	225.737696904	236.207032862	227.546329964	216.209711001	158.384615567
222.665917455	234.424280308	237.661558478	230.629516327	211.429335617	210.253395181	205.174300336	208.264760792	281.896741786	224.030603483	198.377078307	167.150695984	220.131432955	198.14521154	212.12988125	197.878538996	175.202469683	324.073016144	259.217180625	202.462387222	169.30143706	190.842864577	229.429815219	-193.257660404	210.383193255	238.593661664	234.230712903	167.938060258	201.484948257	194.871991339	190.668418007	281.165607361	156.798372139	158.592329568	220.816962713	206.202466332	-164.425138065	256.217327634	214.372411201	182.136517005	206.723848904	221.165315344	170.311710198	184.607650806	143.714843525	183.439701477	263.561293683	183.682051259	153.251931198	192.540557361	221.678098274	218.188218628	207.016019239	233.352313713
234.35860504	230.027708728	230.574762217	226.542271011	228.380408268	242.846960945	228.926973133	238.376007188	276.76260148	241.377373637	253.88952534	184.713681485	281.446118184	245.092130574	229.611772191	261.05480215	236.738913575	259.217180625	324.073016144	218.158852974	221.808468729	216.09980979	289.811045818	-210.585745554	251.914735935	274.0713634	259.997705354	224.926351956	234.409223133	263.565526951	212.287986142	298.468116339	189.131525207	223.138898022	200.729462741	240.981413208	-208.70186925	289.833445903	267.172373134	245.966205578	268.717376474	215.970315783	236.498506394	210.755476667	176.394031323	205.28375509	268.066892611	217.523618463	202.469137332	273.230215245	277.150376723	282.225228539	267.708784374	229.586378444
199.519799069	211.195606394	174.355846873	222.950977866	175.162854108	140.038207571	172.477295132	205.417915553	227.005324576	204.544264713	180.834309451	167.145139264	217.331626528	175.79476185	187.0836608	182.596683359	170.88281456	202.462387222	218.158852974	324.073016144	150.466261479	163.448543094	183.062784841	-162.652603801	193.173668751	199.745659744	217.861434664	159.904653526	179.485015635	170.466352747	191.011931289	215.692276429	185.027188865	141.125011538	208.207716926	214.892221277	-160.656069761	222.561488982	177.746606528	172.778215504	177.569574757	194.773525295	172.257258676	200.279261491	131.349986843	180.407515325	231.260258643	157.833560731	124.178990641	187.909634062	183.556468302	214.040058249	218.584072196	220.900476977
122.418103271	157.055653988	167.864436399	149.174341798	176.431871299	194.530131771	134.667041612	170.61248335	183.346405672	219.963675286	213.957663588	165.419681341	211.130722034	201.802043621	165.127120827	219.86001724	186.785953823	169.30143706	221.808468729	150.466261479	324.073016144	154.052879646	239.506335507	-164.924881774	219.358164198	207.825568988	196.384873203	212.001964205	178.02917469	201.059360602	188.967751532	209.870206674	129.069202134	192.439998526	135.447702704	151.776482869	-172.412823307	226.97240911	201.697246315	212.813518402	234.037872057	138.607982308	209.686268135	168.399205824	187.712782123	152.086770514	172.010728316	182.267479769	218.086035115	227.628926624	229.708163177	226.690308907	224.833119438	161.392486561
206.356865944	132.392156599	200.103466184	139.360539818	212.768826594	162.775986499	239.296147439	245.20198919	215.622315543	182.547422773	164.423068218	148.462229168	213.58257584	228.367424714	164.36845204	202.674873621	188.152580919	190.842864577	216.09980979	163.448543094	154.052879646	324.073016144	218.503886166	-185.994686942	171.678414618	209.426144874	222.385472917	226.049608701	180.864260785	189.204273003	163.015362578	233.920156313	167.383484833	212.949518042	205.864841125	161.417807	-191.227101553	225.089636935	188.476491305	146.642278854	211.754905768	197.528997179	182.284432938	169.645615804	162.793310529	217.942848281	190.023984662	203.640257333	178.160565227	194.817872904	226.909681907	235.627960657	204.413743123	141.85046089
186.80979832	201.929686549	229.257693274	192.560721411	228.311150401	243.497454566	208.552116305	222.509920308	237.904745144	251.352113469	259.697781413	200.018516802	258.872757434	263.64656945	215.481091131	272.06667432	246.417518178	229.429815219	289.811045818	183.062784841	239.506335507	218.503886166	324.073016144	-202.727888589	260.394421296	286.86776099	245.571773346	253.432734807	217.690524504	261.101728152	216.660767594	279.39862162	143.86874581	236.236387535	187.905678585	206.159663839	-211.033153737	285.516788656	267.714225616	253.101079671	292.632883283	202.532557986	253.599997774	197.839505436	186.531427908	193.26011183	217.184809572	224.227197688	245.351285234	289.660719332	284.319018463	275.273606547	259.882779641	176.427904691
-164.02129111	-183.037363251	-209.637968561	-181.589912533	-197.15247041	-169.255989968	-181.15019891	-209.704389855	-214.278447968	-230.337321403	-209.745594801	-178.387819935	-205.080745958	-182.853482843	-169.463860032	-180.700416383	-179.883545048	-193.257660404	-210.585745554	-162.652603801	-164.924881774	-185.994686942	-202.727888589	324.073016144	-208.798253347	-204.772589063	-213.243391646	-177.667846005	-192.301157621	-172.717678692	-147.123641376	-222.784407451	-155.911382853	-158.212520203	-184.097770379	-149.959702288	202.611307322	-225.12072714	-190.357385929	-191.243101767	-206.017859428	-195.353265171	-160.650175565	-169.88071154	-148.875587769	-204.982260059	-200.666353993	-182.924223431	-157.246770953	-178.698575043	-203.453129998	-201.761795685	-200.920276297	-167.0585261
154.359031074	242.960805795	200.804804788	212.568609424	207.404345832	240.181490522	167.736820037	214.229952378	229.949865602	247.479312191	310.409148102	194.308829839	235.221721365	210.63991608	191.262831153	237.868341822	242.110219104	210.383193255	251.914735935	193.173668751	219.358164198	171.678414618	260.394421296	-208.798253347	324.073016144	236.752748082	206.795294453	186.005118337	253.326467391	249.121820759	177.105341094	251.009550241	158.504356483	211.515923902	188.897378375	185.434369957	-174.740003263	260.498185266	240.469951369	291.568362874	254.949323808	158.718879951	225.558474375	191.337139175	141.140568372	169.921175832	222.94504709	188.621039218	207.79083647	236.52705176	269.390173309	234.612574933	226.626204022	194.911396374
197.72688248	199.998053706	233.926048962	195.733409727	208.178206827	215.797069481	206.449973568	208.193599716	240.84853077	233.203668436	232.000089076	180.01354544	245.757972818	236.338227764	201.102115528	224.065066105	218.235680176	238.593661664	274.0713634	199.745659744	207.825568988	209.426144874	286.86776099	-204.772589063	236.752748082	324.073016144	267.058333451	205.589109559	207.07239755	230.03298638	201.513671208	271.846411784	162.665915475	192.868851719	200.204979349	211.634042295	-202.032645074	276.926919578	240.263891942	237.64145327	270.709991145	238.66347756	211.076891421	175.621785899	155.350190318	196.428209804	230.943401294	209.614856042	188.144350819	268.020374719	253.227040004	250.42424398	250.837676171	193.478863986
197.629689066	190.358238224	221.658365042	196.07278122	231.946117739	181.0167699	224.237230712	224.393000723	253.856970874	225.559228881	202.056905376	174.813045377	227.147876456	231.385762404	204.737788985	218.281429255	191.634686566	234.230712903	259.997705354	217.861434664	196.384873203	222.385472917	245.571773346	-213.243391646	206.795294453	267.058333451	324.073016144	209.353148525	191.62345753	202.54020072	191.350366478	267.211791761	174.899365059	198.644475302	193.783185091	214.597054125	-209.498539429	253.941981562	210.429342917	197.263405558	231.619667259	264.677755824	203.855046458	209.591884453	145.874814989	226.280688555	236.73467294	220.111513399	175.231030832	246.630294688	226.993871533	241.110061162	230.487827263	204.68239425
162.310912968	124.149379706	177.681303074	146.346921915	204.091710933	164.223214869	176.515324419	210.492997922	193.710459005	217.849843185	187.429153878	152.453935844	208.864862277	248.964322902	195.895687935	247.689642196	196.755801472	167.938060258	224.926351956	159.904653526	212.001964205	226.049608701	253.432734807	-177.667846005	186.005118337	205.589109559	209.353148525	324.073016144	170.164850162	200.496299791	220.357952747	220.769228121	117.254895974	236.735212891	167.325278728	174.490395215	-193.811158212	221.336852262	224.034895997	167.732723454	231.389473662	164.529741119	237.868737842	196.981188914	220.686529639	190.808918036	163.959839815	193.850074687	242.316400593	241.431541621	227.758930607	259.306147189	222.739553724	125.595823052
168.926369718	228.073189886	198.850516261	210.54962231	178.126562132	217.24246539	203.811816165	224.558854713	222.376056906	207.836600078	245.696692054	161.070124378	224.894111498	194.549771603	193.614325607	204.679791003	207.905415813	201.484948257	234.409223133	179.485015635	178.02917469	180.864260785	217.690524504	-192.301157621	253.326467391	207.07239755	191.62345753	170.164850162	324.073016144	231.427043118	160.411298545	234.189348326	177.201937365	200.008489636	182.906909288	190.386818932	-125.885867716	232.489906906	215.022592617	229.161183931	210.87632882	147.280820078	185.192588655	190.027045728	123.56256674	163.463568668	225.748474462	158.814407572	170.057669891	206.098230194	225.020028716	220.146630808	191.204997555	185.317635027
168.813245578	202.241761729	187.475105613	179.322333289	202.724617024	241.054931153	201.786547225	211.544168779	208.017021024	196.761060412	244.254108461	164.04008508	224.678298263	227.208281914	195.764121486	225.025696501	202.804416754	194.871991339	263.565526951	170.466352747	201.059360602	189.204273003	261.101728152	-172.717678692	249.121820759	230.03298638	202.54020072	200.496299791	231.427043118	324.073016144	181.693180703	241.508874375	147.072486422	246.342815953	164.107161074	195.029356177	-179.021700268	245.722630187	253.987213234	254.248658181	243.880639361	157.554949075	229.887424735	174.492985354	157.430568701	171.566651856	197.617365079	196.15886292	229.159827472	248.869892312	259.441450079	242.901433593	217.545717702	161.575493983
158.481936836	159.810641128	171.747612627	203.979175688	180.222254559	173.537214679	131.545196204	180.039976083	215.655484141	177.88898376	180.704219627	123.570190775	180.504115962	199.791626957	249.270741864	217.360779947	178.327592285	190.668418007	212.287986142	191.011931289	188.967751532	163.015362578	216.660767594	-147.123641376	177.105341094	201.513671208	191.350366478	220.357952747	160.411298545	181.693180703	324.073016144	207.888998978	100.180021862	174.341690465	172.730127391	212.164024428	-140.64525648	209.254764369	221.495291445	165.407537105	171.420981159	146.136734635	199.799536395	190.366320773	161.395577552	162.991239367	194.389860145	128.359825128	171.531657649	194.412110366	181.844238691	217.820589785	201.300148216	146.462173649
224.022937551	237.057683805	259.198954635	233.958631249	247.363085857	243.426815555	245.415686211	245.055579359	284.567897289	247.006238232	245.231201849	193.792416474	263.092264761	244.088139075	223.701409069	247.520793916	229.746144746	281.165607361	298.468116339	215.692276429	209.870206674	233.920156313	279.39862162	-222.784407451	251.009550241	271.846411784	267.211791761	220.769228121	234.189348326	241.508874375	207.888998978	324.073016144	179.963252556	213.508282169	217.205204504	230.921969245	-213.910901387	287.40423132	257.046500097	223.122482468	254.28894042	235.560598276	222.91798842	211.65190627	166.661631743	217.069699821	267.211828871	217.387642713	192.247124367	255.874221097	272.065710995	268.938668094	248.998250508	234.836567378
193.270316522	145.478796912	143.796021655	153.228492086	118.091604474	101.562108302	193.50319165	174.73306832	184.642703003	177.100517116	151.997452127	134.357113085	215.651370473	126.853293847	108.766052908	118.383514123	152.664140233	156.798372139	189.131525207	185.027188865	129.069202134	167.383484833	143.86874581	-155.911382853	158.504356483	162.665915475	174.899365059	117.254895974	177.201937365	147.072486422	100.180021862	179.963252556	324.073016144	98.7046070744	175.520912515	144.12721737	-128.209650566	183.11986998	139.945704778	152.434359124	161.962812693	151.213451969	98.7962068822	120.179201842	106.868804946	149.739168572	211.222972806	149.031687476	71.0430720894	146.634900662	160.400280564	195.848583266	189.438456874	164.549510483
148.636314013	153.300255289	167.509408607	130.163411224	205.923670396	190.554614186	180.10772488	203.449905403	173.138746451	182.216426656	210.986683816	134.71950699	184.517681013	229.796410624	171.869189252	238.220465571	175.615980511	158.592329568	223.138898022	141.125011538	192.439998526	212.949518042	236.236387535	-158.212520203	211.515923902	192.868851719	198.644475302	236.735212891	200.008489636	246.342815953	174.341690465	213.508282169	98.7046070744	324.073016144	165.649962916	159.134459958	-179.988242728	210.024865361	208.71566486	202.231696692	218.067871556	150.402161622	235.990331481	184.623556847	141.121208708	185.820847358	152.263976735	184.801319097	245.632044695	219.187699418	246.695755707	228.005125593	182.576642372	123.665458147
207.553714321	204.22898354	177.317878641	177.679714049	171.247937476	146.008598103	193.624904723	194.770202391	210.88030256	196.172017722	176.792907967	161.335400843	184.213312595	185.262677774	151.204855644	157.696103169	159.330129013	220.816962713	200.729462741	208.207716926	135.447702704	205.864841125	187.905678585	-184.097770379	188.897378375	200.204979349	193.783185091	167.325278728	182.906909288	164.107161074	172.730127391	217.205204504	175.520912515	165.649962916	324.073016144	172.801708248	-160.257177727	214.869089133	186.030139318	146.599608247	188.796747975	199.973074974	143.877447473	172.836027763	111.665880779	201.44836981	214.56982857	158.541011381	144.107933078	152.71619492	197.895578987	214.195221015	183.594683338	174.29218235
204.470859307	187.957001705	175.826584513	230.363953828	154.70670172	162.780563945	174.089774239	184.817373412	236.524762346	173.671828676	176.73415862	132.429343244	194.871536454	167.228153611	254.78134503	198.507499275	179.44996764	206.202466332	240.981413208	214.892221277	151.776482869	161.417807	206.159663839	-149.959702288	185.434369957	211.634042295	214.597054125	174.490395215	190.386818932	195.029356177	212.164024428	230.921969245	144.12721737	159.134459958	172.801708248	324.073016144	-136.75051636	216.592992317	196.778410985	164.955677863	164.244482182	173.822985555	166.355875808	180.671579319	109.104661886	172.69806897	250.916538764	130.516261083	111.172954369	200.077736941	171.147250805	220.798337877	187.445434726	198.553318831
-152.574564161	-153.105016113	-219.924092915	-136.855845539	-188.089249569	-147.24101094	-177.739797708	-208.2171791	-178.706759361	-217.942529987	-174.392105421	-175.875548057	-209.547680502	-193.783068232	-138.019595595	-196.841357784	-174.782167467	-164.425138065	-208.70186925	-160.656069761	-172.412823307	-191.227101553	-211.033153737	202.611307322	-174.740003263	-202.032645074	-209.498539429	-193.811158212	-125.885867716	-179.021700268	-140.64525648	-213.910901387	-128.209650566	-179.988242728	-160.257177727	-136.75051636	324.073016144	-215.159650377	-192.49833167	-157.62793923	-224.477855689	-195.718213655	-187.12498095	-155.534215104	-152.168671798	-199.160900249	-158.17774664	-201.09717086	-185.614625755	-213.427616814	-226.403364981	-209.388124816	-196.520216901	-144.26340939
221.848213553	228.705252878	242.270609122	227.621407076	235.069490098	230.59749007	220.999539745	253.220038125	267.182144552	260.445328476	252.045393162	204.248194374	281.562686283	255.424529084	213.238657521	246.768568812	236.87952787	256.217327634	289.833445903	222.561488982	226.97240911	225.089636935	285.516788656	-225.12072714	260.498185266	276.926919578	253.941981562	221.336852262	232.489906906	245.722630187	209.254764369	287.40423132	183.11986998	210.024865361	214.869089133	216.592992317	-215.159650377	324.073016144	252.95342633	248.71259035	276.655634169	220.595969286	228.091050035	206.929700122	189.755487775	206.70206826	253.636604285	222.384550443	217.369517948	260.103171603	278.583464856	278.708638066	270.814373877	222.576116776
183.34937111	211.71095929	205.317897446	216.450625469	226.651766888	243.803350661	194.37040638	216.196651791	246.548857354	208.786553172	241.698485257	160.597030207	233.438847897	233.503924759	224.005537464	251.594350174	206.264723602	214.372411201	267.172373134	177.746606528	201.697246315	188.476491305	267.714225616	-190.357385929	240.469951369	240.263891942	210.429342917	224.034895997	215.022592617	253.987213234	221.495291445	257.046500097	139.945704778	208.71566486	186.030139318	196.778410985	-192.49833167	252.95342633	324.073016144	234.078723537	239.680682016	155.843866219	245.19973755	203.74259931	185.917363771	186.435016171	217.069780971	191.82016171	214.152944735	243.931357525	254.289281148	243.870570295	237.803334099	195.982484682
139.292005301	210.584661519	173.31562414	181.700255817	182.849500323	231.532499415	146.708043985	184.459844835	198.74436352	220.685524673	289.607612375	169.496014898	229.171584962	195.26736161	175.443108338	226.099350463	213.679170706	182.136517005	245.966205578	172.778215504	212.813518402	146.642278854	253.101079671	-191.243101767	291.568362874	237.64145327	197.263405558	167.732723454	229.161183931	254.248658181	165.407537105	223.122482468	152.434359124	202.231696692	146.599608247	164.955677863	-157.62793923	248.71259035	234.078723537	324.073016144	250.107153655	143.376602181	218.702803141	162.106121895	139.375831976	136.191496673	201.251017824	191.242966586	203.888057207	233.713985245	255.134616206	218.749459599	231.002895242	170.663633196
171.899700359	189.75414732	212.754134674	160.363985449	220.311080156	224.525608997	200.679230396	220.979721982	216.072693745	260.840971132	250.138078247	205.033061671	265.612498496	252.302122633	164.371763379	241.571440749	233.035586943	206.723848904	268.717376474	177.569574757	234.037872057	211.754905768	292.632883283	-206.017859428	254.949323808	270.709991145	231.619667259	231.389473662	210.87632882	243.880639361	171.420981159	254.28894042	161.962812693	218.067871556	188.796747975	164.244482182	-224.477855689	276.655634169	239.680682016	250.107153655	324.073016144	201.547988618	230.24337922	176.115913718	194.870772077	189.913805384	198.949960826	239.051462309	239.692133738	270.17342229	291.621545496	270.287017901	258.117238699	165.965259582
187.192749027	163.60269304	200.992210728	145.599409903	185.682972152	133.348557228	206.427163612	185.086008581	212.206889683	198.317588348	154.929172585	175.959352882	182.527089291	193.826204867	145.218037296	150.671105113	147.092565951	221.165315344	215.970315783	194.773525295	138.607982308	197.528997179	202.532557986	-195.353265171	158.718879951	238.66347756	264.677755824	164.529741119	147.280820078	157.554949075	146.136734635	235.560598276	151.213451969	150.402161622	199.973074974	173.822985555	-195.718213655	220.595969286	155.843866219	143.376602181	201.547988618	324.073016144	130.984023403	141.900400496	103.400455372	214.876388849	202.861373456	183.776080765	122.724409914	195.271827367	191.820700216	213.852092686	198.748344847	172.532637836
148.430987405	174.859499654	182.020307983	192.575177683	212.691923359	211.427956523	160.130681133	212.432095797	202.071407904	207.231431191	225.512417644	142.655827825	222.60479197	247.87874478	187.356309101	288.02104715	200.053350988	170.311710198	236.498506394	172.257258676	209.686268135	182.284432938	253.599997774	-160.650175565	225.558474375	211.076891421	203.855046458	237.868737842	185.192588655	229.887424735	199.799536395	222.91798842	98.7962068822	235.990331481	143.877447473	166.355875808	-187.12498095	228.091050035	245.19973755	218.702803141	230.24337922	130.984023403	324.073016144	224.408722167	212.518279117	155.698202182	170.25517346	207.867052616	251.011501582	249.103926705	250.525747628	234.524012288	224.138334372	157.864041867
164.466720833	191.097807987	160.606753303	214.759681786	208.602709352	159.031597997	160.169443824	216.707165052	220.892248153	192.650628017	185.031202317	140.177986129	196.097605417	193.752448953	186.701453372	226.59543711	162.571139507	184.607650806	210.755476667	200.279261491	168.399205824	169.645615804	197.839505436	-169.88071154	191.337139175	175.621785899	209.591884453	196.981188914	190.027045728	174.492985354	190.366320773	211.65190627	120.179201842	184.623556847	172.836027763	180.671579319	-155.534215104	206.929700122	203.74259931	162.106121895	176.115913718	141.900400496	224.408722167	324.073016144	177.685948266	161.286738564	186.109425567	174.347680694	179.845038814	203.817620325	201.733863028	211.101851051	191.310530283	176.267359256
149.867642896	119.923009351	140.891202578	145.417565965	172.346793533	133.543706965	124.128569086	176.35315144	172.651894986	186.126960792	140.027957716	122.698229357	204.167378747	203.637372663	127.643218566	196.803889662	141.295786102	143.714843525	176.394031323	131.349986843	187.712782123	162.793310529	186.531427908	-148.875587769	141.140568372	155.350190318	145.874814989	220.686529639	123.56256674	157.430568701	161.395577552	166.661631743	106.868804946	141.121208708	111.665880779	109.104661886	-152.168671798	189.755487775	185.917363771	139.375831976	194.870772077	103.400455372	212.518279117	177.685948266	324.073016144	107.543557273	134.388102889	181.87743365	198.445336907	181.063564158	188.833653449	206.648914579	203.500823222	140.153742654
175.527252578	163.344315443	182.154428231	142.78617651	193.221801012	148.186452978	198.599389733	221.519507754	200.694191994	183.438340812	168.148402693	171.257152956	178.859704036	176.459053381	165.870910035	173.245211515	157.378685306	183.439701477	205.28375509	180.407515325	152.086770514	217.942848281	193.26011183	-204.982260059	169.921175832	196.428209804	226.280688555	190.808918036	163.463568668	171.566651856	162.991239367	217.069699821	149.739168572	185.820847358	201.44836981	172.69806897	-199.160900249	206.70206826	186.435016171	136.191496673	189.913805384	214.876388849	155.698202182	161.286738564	107.543557273	324.073016144	199.53193251	178.617543052	148.035051534	181.965917142	205.541084238	216.021478666	171.980176542	163.636404434
244.944238171	238.129964447	204.099347071	249.14078737	179.512138319	191.878282823	205.70319082	217.733847796	285.00147338	222.882314163	222.249403605	160.866062377	245.757149983	178.735148785	227.260937213	205.462269929	202.300368764	263.561293683	268.066892611	231.260258643	172.010728316	190.023984662	217.184809572	-200.666353993	222.94504709	230.943401294	236.73467294	163.959839815	225.748474462	197.617365079	194.389860145	267.211828871	211.222972806	152.263976735	214.56982857	250.916538764	-158.17774664	253.636604285	217.069780971	201.251017824	198.949960826	202.861373456	170.25517346	186.109425567	134.388102889	199.53193251	324.073016144	165.766607473	126.875182929	198.524591769	212.088051876	245.984789157	231.562163808	251.210743635
161.32473834	142.379874106	186.141147411	144.771957148	217.494589914	168.590224526	197.94084672	198.960290371	195.503808751	222.054725729	182.406975055	160.908300815	215.871339533	207.725681274	125.958683259	215.782813473	177.790964974	183.682051259	217.523618463	157.833560731	182.267479769	203.640257333	224.227197688	-182.924223431	188.621039218	209.614856042	220.111513399	193.850074687	158.814407572	196.15886292	128.359825128	217.387642713	149.031687476	184.801319097	158.541011381	130.516261083	-201.09717086	222.384550443	191.82016171	191.242966586	239.051462309	183.776080765	207.867052616	174.347680694	181.87743365	178.617543052	165.766607473	324.073016144	196.393714472	211.581538999	237.665841483	208.210880176	216.019355863	139.444697119
123.004802135	151.867064682	163.640997193	123.144688839	191.95242416	200.892910556	140.769009308	183.741577056	153.762312085	200.005266844	208.389272671	149.090534826	189.168761152	239.795323079	135.827939029	229.755630581	176.177839065	153.251931198	202.469137332	124.178990641	218.086035115	178.160565227	245.351285234	-157.246770953	207.79083647	188.144350819	175.231030832	242.316400593	170.057669891	229.159827472	171.531657649	192.247124367	71.0430720894	245.632044695	144.107933078	111.172954369	-185.614625755	217.369517948	214.152944735	203.888057207	239.692133738	122.724409914	251.011501582	179.845038814	198.445336907	148.035051534	126.875182929	196.393714472	324.073016144	224.370086258	242.720159447	224.421177248	189.798155228	113.939436606
172.91971089	189.1632407	207.995616329	183.047536424	208.075683752	218.516691828	199.575838879	214.46624952	214.999536973	229.228241091	240.11550335	184.120517972	254.787667711	242.972425806	198.732196357	258.576248128	225.737696904	192.540557361	273.230215245	187.909634062	227.628926624	194.817872904	289.660719332	-178.698575043	236.52705176	268.020374719	246.630294688	241.431541621	206.098230194	248.869892312	194.412110366	255.874221097	146.634900662	219.187699418	152.71619492	200.077736941	-213.427616814	260.103171603	243.931357525	233.713985245	270.17342229	195.271827367	249.103926705	203.817620325	181.063564158	181.965917142	198.524591769	211.581538999	224.370086258	324.073016144	264.565012735	264.869744588	252.546522465	174.607736882
197.220797375	207.268791847	216.28850267	182.202065483	237.866471493	245.794231232	216.47202263	237.076192393	237.02271965	244.811515703	267.227904832	197.676201368	268.207807142	247.216329619	172.843504333	260.999189422	236.207032862	221.678098274	277.150376723	183.556468302	229.708163177	226.909681907	284.319018463	-203.453129998	269.390173309	253.227040004	226.993871533	227.758930607	225.020028716	259.441450079	181.844238691	272.065710995	160.400280564	246.695755707	197.895578987	171.147250805	-226.403364981	278.583464856	254.289281148	255.134616206	291.621545496	191.820700216	250.525747628	201.733863028	188.833653449	205.541084238	212.088051876	237.665841483	242.720159447	264.565012735	324.073016144	270.272745627	253.483759506	194.990723052
