Tissue	wholeblood
N_samples	334
Chr	11
Gene	ENSG00000213934.5
SNP	rs3813727
Gene_list	ENSG00000244734.2	ENSG00000213934.5	ENSG00000196565.8	ENSG00000171552.8	ENSG00000124098.9	ENSG00000145335.11	ENSG00000143416.16	ENSG00000082146.8
Gene expression stats (Y^T * Y): 
324.073016144	214.787913278	201.128812771	251.352113469	260.445328476	260.840971132	244.811515703	256.748905837
214.787913278	324.073016144	291.096401556	200.018516802	204.248194374	205.033061671	197.676201368	201.39142278
201.128812771	291.096401556	324.073016144	189.888320921	190.604126963	196.113356274	181.441975839	186.864315552
251.352113469	200.018516802	189.888320921	324.073016144	285.516788656	292.632883283	284.319018463	275.273606547
260.445328476	204.248194374	190.604126963	285.516788656	324.073016144	276.655634169	278.583464856	278.708638066
260.840971132	205.033061671	196.113356274	292.632883283	276.655634169	324.073016144	291.621545496	270.287017901
244.811515703	197.676201368	181.441975839	284.319018463	278.583464856	291.621545496	324.073016144	270.272745627
256.748905837	201.39142278	186.864315552	275.273606547	278.708638066	270.287017901	270.272745627	324.073016144
Genotype stats (X^T * X): 	162.451102707
Gene expression - Genotype stats (Y^T * X): 
-21.2120987413	-49.9363390016	-59.9940312083	-22.9199274265	-11.5545711841	-18.1461753403	-20.2065963557	-14.391974376