Tissue	wholeblood
N_samples	334
Chr	1
Gene	ENSG00000135821.12
SNP	rs116040694
Gene_list	ENSG00000059804.11	ENSG00000204388.5	ENSG00000128016.4	ENSG00000011422.7	ENSG00000168209.4	ENSG00000170345.5	ENSG00000121966.6	ENSG00000203812.2	ENSG00000196154.7	ENSG00000120129.5	ENSG00000135821.12	ENSG00000123689.5
Gene expression stats (Y^T * Y): 
324.073016144	175.269092311	205.745842612	207.907406806	280.556615466	247.166719231	231.759521966	169.46637926	-169.17379967	210.274776575	253.940977332	218.943940308
175.269092311	324.073016144	119.827749901	156.704401896	120.750179174	138.190017229	161.669152925	140.34440276	-157.133325386	113.51597737	195.136210961	122.865691106
205.745842612	119.827749901	324.073016144	169.232760656	217.723394144	231.170126036	145.188933212	164.539934307	-175.758838152	217.283367823	215.707258231	170.108309258
207.907406806	156.704401896	169.232760656	324.073016144	197.329944522	201.931971489	196.875334723	155.489369956	-82.3255897635	172.497079278	229.389151907	221.232731301
280.556615466	120.750179174	217.723394144	197.329944522	324.073016144	267.737504559	198.620876499	177.862078193	-150.514228585	239.214605684	240.884404576	244.904991601
247.166719231	138.190017229	231.170126036	201.931971489	267.737504559	324.073016144	200.855884921	173.81325504	-155.806932993	289.189120357	253.690907457	238.866446423
231.759521966	161.669152925	145.188933212	196.875334723	198.620876499	200.855884921	324.073016144	96.6592791876	-146.258154163	203.2100823	211.116266048	195.378500499
169.46637926	140.34440276	164.539934307	155.489369956	177.862078193	173.81325504	96.6592791876	324.073016144	-101.992378012	154.929660334	196.059364957	146.763137912
-169.17379967	-157.133325386	-175.758838152	-82.3255897635	-150.514228585	-155.806932993	-146.258154163	-101.992378012	324.073016144	-146.634226336	-202.905991964	-108.238740204
210.274776575	113.51597737	217.283367823	172.497079278	239.214605684	289.189120357	203.2100823	154.929660334	-146.634226336	324.073016144	230.839266156	209.305796689
253.940977332	195.136210961	215.707258231	229.389151907	240.884404576	253.690907457	211.116266048	196.059364957	-202.905991964	230.839266156	324.073016144	219.266116774
218.943940308	122.865691106	170.108309258	221.232731301	244.904991601	238.866446423	195.378500499	146.763137912	-108.238740204	209.305796689	219.266116774	324.073016144
Genotype stats (X^T * X): 	81.852485991
Gene expression - Genotype stats (Y^T * X): 
29.6618201213	14.4440748521	24.5839207317	12.9330007743	33.4355742613	27.6985779668	5.8771983089	25.0199538019	-26.9210435856	24.7878926483	27.1626081531	18.9053455453