Tissue	wholeblood
N_samples	334
Chr	6
Gene	ENSG00000168394.9
SNP	rs3132131
Gene_list	ENSG00000204264.4	ENSG00000168394.9	ENSG00000240065.3	ENSG00000156587.11	ENSG00000117228.9	ENSG00000154451.10
Gene expression stats (Y^T * Y): 
324.073016144	217.602540788	212.272228563	143.876366304	142.565119571	160.447693088
217.602540788	324.073016144	196.551875075	203.204367466	197.609779044	208.146591803
212.272228563	196.551875075	324.073016144	224.779604349	188.533076839	179.235901588
143.876366304	203.204367466	224.779604349	324.073016144	223.192791724	201.869464545
142.565119571	197.609779044	188.533076839	223.192791724	324.073016144	265.864868544
160.447693088	208.146591803	179.235901588	201.869464545	265.864868544	324.073016144
Genotype stats (X^T * X): 	134.218562874
Gene expression - Genotype stats (Y^T * X): 
38.9884762127	45.4514575801	74.2507710372	31.5429538999	43.5768733199	46.0244043152