Tissue	wholeblood
N_samples	334
Chr	7
Gene	ENSG00000158457.4
SNP	rs12667978
Gene_list	ENSG00000108839.7	ENSG00000183785.10	ENSG00000204424.8	ENSG00000204420.4	ENSG00000100351.12	ENSG00000259207.3	ENSG00000107438.4	ENSG00000149564.7	ENSG00000095303.10	ENSG00000169704.4	ENSG00000158457.4
Gene expression stats (Y^T * Y): 
324.073016144	214.925028023	230.356570478	192.048135444	183.606671152	202.373478019	156.766690059	228.205248287	212.320142339	208.945182234	198.870579022
214.925028023	324.073016144	235.947347515	228.36846605	219.06084534	220.779677811	179.136117981	227.286223684	222.567465488	227.666504739	196.996074773
230.356570478	235.947347515	324.073016144	229.503274852	237.424213364	253.740249874	189.739831603	241.934224962	252.47861333	254.144083254	223.677245955
192.048135444	228.36846605	229.503274852	324.073016144	233.679567795	251.196787694	210.257286927	234.624848996	241.172095054	272.504847605	195.314795507
183.606671152	219.06084534	237.424213364	233.679567795	324.073016144	234.734160087	195.149524666	210.485396678	246.425951969	243.826928293	211.722473016
202.373478019	220.779677811	253.740249874	251.196787694	234.734160087	324.073016144	184.966861353	233.944294946	234.486492913	236.612857885	202.614976639
156.766690059	179.136117981	189.739831603	210.257286927	195.149524666	184.966861353	324.073016144	199.270415112	209.969120665	203.215721577	206.698867923
228.205248287	227.286223684	241.934224962	234.624848996	210.485396678	233.944294946	199.270415112	324.073016144	232.942371234	236.846638387	207.137872475
212.320142339	222.567465488	252.47861333	241.172095054	246.425951969	234.486492913	209.969120665	232.942371234	324.073016144	233.058817515	212.628812367
208.945182234	227.666504739	254.144083254	272.504847605	243.826928293	236.612857885	203.215721577	236.846638387	233.058817515	324.073016144	219.803927347
198.870579022	196.996074773	223.677245955	195.314795507	211.722473016	202.614976639	206.698867923	207.137872475	212.628812367	219.803927347	324.073016144
Genotype stats (X^T * X): 	170.934131737
Gene expression - Genotype stats (Y^T * X): 
3.16323934329	-4.81856879096	4.53411708289	11.5359162463	-14.9516473753	-3.57776024054	-1.47861478407	6.31905902524	10.0645924214	2.42617846328	-40.1391837017