Tissue	wholeblood
N_samples	334
Chr	1
Gene	ENSG00000174175.12
SNP	rs3917727
Gene_list	ENSG00000088726.11	ENSG00000166091.15	ENSG00000204420.4	ENSG00000149564.7	ENSG00000169704.4	ENSG00000174175.12
Gene expression stats (Y^T * Y): 
324.073016144	243.624921961	235.52559752	222.207796672	250.560913564	212.9633495
243.624921961	324.073016144	257.745961563	233.496428674	263.841071228	216.499937177
235.52559752	257.745961563	324.073016144	234.624848996	272.504847605	210.611505797
222.207796672	233.496428674	234.624848996	324.073016144	236.846638387	214.305292315
250.560913564	263.841071228	272.504847605	236.846638387	324.073016144	205.396711019
212.9633495	216.499937177	210.611505797	214.305292315	205.396711019	324.073016144
Genotype stats (X^T * X): 	151.404191617
Gene expression - Genotype stats (Y^T * X): 
-29.2086370445	-15.3203262056	-25.4659392275	-15.8138355509	-28.5114856097	-46.4138423406