Tissue	wholeblood
N_samples	334
Chr	16
Gene	ENSG00000187193.8
SNP	rs3794706
Gene_list	ENSG00000134339.4	ENSG00000173432.6	ENSG00000130208.5	ENSG00000125148.6	ENSG00000125144.9	ENSG00000187193.8	ENSG00000166741.3
Gene expression stats (Y^T * Y): 
324.073016144	307.402973425	223.159892677	153.518348673	252.510688221	199.219266	231.240592304
307.402973425	324.073016144	245.853609311	161.306105879	270.647558189	213.824008489	243.655311365
223.159892677	245.853609311	324.073016144	182.097458349	277.108117128	201.494184874	213.357669279
153.518348673	161.306105879	182.097458349	324.073016144	211.753389613	246.489585464	169.362580252
252.510688221	270.647558189	277.108117128	211.753389613	324.073016144	244.416518938	217.290889973
199.219266	213.824008489	201.494184874	246.489585464	244.416518938	324.073016144	217.157680934
231.240592304	243.655311365	213.357669279	169.362580252	217.290889973	217.157680934	324.073016144
Genotype stats (X^T * X): 	100.720934814
Gene expression - Genotype stats (Y^T * X): 
19.0047378928	21.3304922577	23.9125812635	21.4502458	22.0952020689	29.2494494815	27.0025293756