Tissue	wholeblood
N_samples	334
Chr	8
Gene	ENSG00000104529.13
SNP	rs4874154
Gene_list	ENSG00000124614.9	ENSG00000105193.4	ENSG00000142541.12	ENSG00000171858.13	ENSG00000149806.6	ENSG00000136942.10	ENSG00000104529.13
Gene expression stats (Y^T * Y): 
324.073016144	234.562492179	253.781651342	303.888373234	266.293511296	295.759963516	212.465890789
234.562492179	324.073016144	277.64196906	241.157538293	231.943628316	207.979220575	196.35579404
253.781651342	277.64196906	324.073016144	246.444482754	234.258331778	227.784134028	214.318104171
303.888373234	241.157538293	246.444482754	324.073016144	263.290359485	294.429202274	200.469590082
266.293511296	231.943628316	234.258331778	263.290359485	324.073016144	250.498976188	213.152711711
295.759963516	207.979220575	227.784134028	294.429202274	250.498976188	324.073016144	217.20675756
212.465890789	196.35579404	214.318104171	200.469590082	213.152711711	217.20675756	324.073016144
Genotype stats (X^T * X): 	118.53041156
Gene expression - Genotype stats (Y^T * X): 
-23.1302295849	-22.2195040173	-29.4293897938	-22.0222074322	-22.0930656642	-21.2831217749	-32.411483994