Tissue	wholeblood
N_samples	334
Chr	22
Gene	ENSG00000185340.11
SNP	rs4611747
Gene_list	ENSG00000111644.3	ENSG00000088726.11	ENSG00000183785.10	ENSG00000166091.15	ENSG00000185340.11	ENSG00000204424.8	ENSG00000204420.4	ENSG00000100351.12	ENSG00000161911.7	ENSG00000005961.13	ENSG00000171611.5	ENSG00000259207.3	ENSG00000101162.3	ENSG00000149564.7	ENSG00000095303.10	ENSG00000169704.4
Gene expression stats (Y^T * Y): 
324.073016144	234.75622851	215.603636353	240.863871713	219.733750328	192.307985832	248.974013569	225.748714413	243.034501792	200.938086756	234.088375962	193.156916733	245.366110434	192.188592057	211.148541766	238.46795422
234.75622851	324.073016144	254.061201761	243.624921961	225.930786257	233.942499553	235.52559752	218.306576867	208.668460156	195.250873932	249.425970752	229.218012222	218.894482661	222.207796672	206.474256702	250.560913564
215.603636353	254.061201761	324.073016144	232.18211198	238.696776105	235.947347515	228.36846605	219.06084534	196.234417305	181.824199633	236.12390903	220.779677811	212.943732201	227.286223684	222.567465488	227.666504739
240.863871713	243.624921961	232.18211198	324.073016144	222.206446488	243.806878159	257.745961563	218.41218696	261.04207335	244.650000972	229.934623152	220.144275137	205.79120804	233.496428674	254.452943368	263.841071228
219.733750328	225.930786257	238.696776105	222.206446488	324.073016144	227.815254825	241.277364424	209.906774973	220.052464134	202.154945685	259.551855059	218.644341993	220.731319471	213.501168742	206.313632864	248.864434915
192.307985832	233.942499553	235.947347515	243.806878159	227.815254825	324.073016144	229.503274852	237.424213364	225.7845168	201.111302996	244.899939626	253.740249874	215.066892022	241.934224962	252.47861333	254.144083254
248.974013569	235.52559752	228.36846605	257.745961563	241.277364424	229.503274852	324.073016144	233.679567795	260.080611249	261.690243779	246.838627859	251.196787694	257.863042991	234.624848996	241.172095054	272.504847605
225.748714413	218.306576867	219.06084534	218.41218696	209.906774973	237.424213364	233.679567795	324.073016144	217.358925317	206.773434715	226.141100746	234.734160087	254.21377407	210.485396678	246.425951969	243.826928293
243.034501792	208.668460156	196.234417305	261.04207335	220.052464134	225.7845168	260.080611249	217.358925317	324.073016144	281.28369063	216.199844276	230.651640201	226.158863187	205.514883543	232.058613148	263.478766442
200.938086756	195.250873932	181.824199633	244.650000972	202.154945685	201.111302996	261.690243779	206.773434715	281.28369063	324.073016144	210.746821685	214.790369827	198.043649914	193.945892581	212.427246741	260.772576556
234.088375962	249.425970752	236.12390903	229.934623152	259.551855059	244.899939626	246.838627859	226.141100746	216.199844276	210.746821685	324.073016144	212.453543896	223.82739943	219.048624094	211.996133621	275.410067325
193.156916733	229.218012222	220.779677811	220.144275137	218.644341993	253.740249874	251.196787694	234.734160087	230.651640201	214.790369827	212.453543896	324.073016144	243.262679034	233.944294946	234.486492913	236.612857885
245.366110434	218.894482661	212.943732201	205.79120804	220.731319471	215.066892022	257.863042991	254.21377407	226.158863187	198.043649914	223.82739943	243.262679034	324.073016144	199.189409939	234.009474278	240.887511711
192.188592057	222.207796672	227.286223684	233.496428674	213.501168742	241.934224962	234.624848996	210.485396678	205.514883543	193.945892581	219.048624094	233.944294946	199.189409939	324.073016144	232.942371234	236.846638387
211.148541766	206.474256702	222.567465488	254.452943368	206.313632864	252.47861333	241.172095054	246.425951969	232.058613148	212.427246741	211.996133621	234.486492913	234.009474278	232.942371234	324.073016144	233.058817515
238.46795422	250.560913564	227.666504739	263.841071228	248.864434915	254.144083254	272.504847605	243.826928293	263.478766442	260.772576556	275.410067325	236.612857885	240.887511711	236.846638387	233.058817515	324.073016144
Genotype stats (X^T * X): 	144.935626901
Gene expression - Genotype stats (Y^T * X): 
28.6341969158	17.4365084839	14.6405865487	29.6454747085	38.3840905746	11.2408871339	33.1356898829	22.2674602329	26.5544459134	27.6829421544	16.2400085204	21.68612828	18.0591369265	27.477790855	20.7232024221	20.4518894847