Tissue	wholeblood
N_samples	334
Chr	1
Gene	ENSG00000121769.3
SNP	rs12734617
Gene_list	ENSG00000109061.9	ENSG00000121769.3	ENSG00000161281.6	ENSG00000086967.9	ENSG00000101210.6	ENSG00000122367.15	ENSG00000196091.8	ENSG00000077522.8
Gene expression stats (Y^T * Y): 
324.073016144	199.348534865	255.232381728	211.899633726	266.52312011	213.135615824	277.997401515	125.034947217
199.348534865	324.073016144	213.54364031	199.350926673	198.11839569	221.296139062	210.113840893	203.46668875
255.232381728	213.54364031	324.073016144	221.721438118	277.474374788	212.260000924	265.659888435	121.824101616
211.899633726	199.350926673	221.721438118	324.073016144	227.659496076	246.914856691	199.922726148	186.837025877
266.52312011	198.11839569	277.474374788	227.659496076	324.073016144	201.921984786	289.63136335	110.373298074
213.135615824	221.296139062	212.260000924	246.914856691	201.921984786	324.073016144	210.377313914	211.420558053
277.997401515	210.113840893	265.659888435	199.922726148	289.63136335	210.377313914	324.073016144	104.854960233
125.034947217	203.46668875	121.824101616	186.837025877	110.373298074	211.420558053	104.854960233	324.073016144
Genotype stats (X^T * X): 	176.817365269
Gene expression - Genotype stats (Y^T * X): 
31.2635196257	42.2367789463	37.8894585891	28.0954394074	36.2510692841	32.2951075032	28.0119471454	13.3986833081