Tissue	wholeblood
N_samples	334
Chr	9
Gene	ENSG00000106927.7
SNP	rs10441747
Gene_list	ENSG00000104760.12	ENSG00000091583.6	ENSG00000145321.8	ENSG00000138207.8	ENSG00000136872.13	ENSG00000118137.5	ENSG00000106927.7	ENSG00000228278.2	ENSG00000130649.5	ENSG00000171560.10
Gene expression stats (Y^T * Y): 
324.073016144	146.935598647	162.230822778	169.120654139	162.802375991	104.927040664	197.244668837	180.835550783	154.772365975	252.415766495
146.935598647	324.073016144	185.176081548	220.990461724	230.367762574	138.621823392	220.670394053	154.240232249	177.469494009	169.463246379
162.230822778	185.176081548	324.073016144	218.953963456	179.576701843	141.369744956	207.614490208	105.817268007	123.497842806	217.810361584
169.120654139	220.990461724	218.953963456	324.073016144	224.061601162	160.43045216	238.450598705	170.89334891	177.95043607	211.608748611
162.802375991	230.367762574	179.576701843	224.061601162	324.073016144	141.933096688	235.061656855	163.811215744	252.680042727	170.490741028
104.927040664	138.621823392	141.369744956	160.43045216	141.933096688	324.073016144	218.135457947	100.504431653	145.865598191	106.259121497
197.244668837	220.670394053	207.614490208	238.450598705	235.061656855	218.135457947	324.073016144	208.466396719	260.69353661	201.648752252
180.835550783	154.240232249	105.817268007	170.89334891	163.811215744	100.504431653	208.466396719	324.073016144	179.729120327	154.156461612
154.772365975	177.469494009	123.497842806	177.95043607	252.680042727	145.865598191	260.69353661	179.729120327	324.073016144	137.813553151
252.415766495	169.463246379	217.810361584	211.608748611	170.490741028	106.259121497	201.648752252	154.156461612	137.813553151	324.073016144
Genotype stats (X^T * X): 	165.899046638
Gene expression - Genotype stats (Y^T * X): 
29.5230357644	22.171260105	36.613110895	31.3941525277	30.5971954415	11.2156277082	38.0484409496	23.0943500256	36.2750417658	34.5069877679