Tissue	wholeblood
N_samples	334
Chr	17
Gene	ENSG00000005381.6
SNP	rs11655239
Gene_list	ENSG00000172232.5	ENSG00000196415.5	ENSG00000197561.2	ENSG00000164821.4	ENSG00000240247.2	ENSG00000169397.3	ENSG00000100448.3	ENSG00000101425.8	ENSG00000086548.8	ENSG00000124469.6	ENSG00000012223.8	ENSG00000005381.6	ENSG00000149516.9
Gene expression stats (Y^T * Y): 
324.073016144	291.257652078	304.396001183	284.846065731	254.43054206	273.593627707	305.409677742	274.17903504	211.090305774	258.059027835	234.266646961	295.342742559	249.018050213
291.257652078	324.073016144	305.561721931	272.164337678	250.020643603	237.970484427	291.552878362	244.272135846	200.370493462	230.919764899	217.214309656	287.132759154	222.731319793
304.396001183	305.561721931	324.073016144	299.737354251	274.858924387	246.162689749	292.987784794	269.430117028	207.12551622	245.264924298	237.679821761	280.994045075	228.691000947
284.846065731	272.164337678	299.737354251	324.073016144	299.257644175	240.15177121	270.203327011	274.73889479	207.80091188	256.889550337	239.136061842	248.179978894	241.740291674
254.43054206	250.020643603	274.858924387	299.257644175	324.073016144	201.623795347	235.787377045	258.692845032	177.404704845	228.615498557	231.640516193	217.396709043	205.844420546
273.593627707	237.970484427	246.162689749	240.15177121	201.623795347	324.073016144	283.420276757	227.05337835	173.052127107	225.900846517	207.210260969	260.905931013	250.246613421
305.409677742	291.552878362	292.987784794	270.203327011	235.787377045	283.420276757	324.073016144	242.71888527	193.237113094	228.057950951	216.021421	305.436529835	262.542506043
274.17903504	244.272135846	269.430117028	274.73889479	258.692845032	227.05337835	242.71888527	324.073016144	197.829500983	267.242320196	272.070473437	233.33271404	210.48926044
211.090305774	200.370493462	207.12551622	207.80091188	177.404704845	173.052127107	193.237113094	197.829500983	324.073016144	282.075168683	133.35735263	204.363465349	228.014827285
258.059027835	230.919764899	245.264924298	256.889550337	228.615498557	225.900846517	228.057950951	267.242320196	282.075168683	324.073016144	216.864866169	231.281033741	236.071224139
234.266646961	217.214309656	237.679821761	239.136061842	231.640516193	207.210260969	216.021421	272.070473437	133.35735263	216.864866169	324.073016144	206.205234081	169.458048636
295.342742559	287.132759154	280.994045075	248.179978894	217.396709043	260.905931013	305.436529835	233.33271404	204.363465349	231.281033741	206.205234081	324.073016144	256.675043729
249.018050213	222.731319793	228.691000947	241.740291674	205.844420546	250.246613421	262.542506043	210.48926044	228.014827285	236.071224139	169.458048636	256.675043729	324.073016144
Genotype stats (X^T * X): 	63.5136012335
Gene expression - Genotype stats (Y^T * X): 
22.7145000709	13.820866484	18.629891818	17.303369238	16.48993861	20.678921286	25.748067585	19.5255714001	8.87369596482	13.0035225622	18.2770924978	26.075198537	20.4898261258