Tissue	wholeblood
N_samples	334
Chr	9
Gene	ENSG00000147872.5
SNP	rs35731643
Gene_list	ENSG00000111669.10	ENSG00000059804.11	ENSG00000074800.9	ENSG00000134333.9	ENSG00000147872.5	ENSG00000168209.4	ENSG00000135245.9	ENSG00000121966.6	ENSG00000123689.5
Gene expression stats (Y^T * Y): 
324.073016144	196.591387483	257.140375021	207.444599714	238.032540092	192.943513046	218.418285864	114.749309874	155.181102902
196.591387483	324.073016144	155.994611681	201.571466469	256.366730463	280.556615466	173.431473418	231.759521966	218.943940308
257.140375021	155.994611681	324.073016144	204.0079073	196.973503942	147.611026465	169.211137355	66.2234324575	95.1331363275
207.444599714	201.571466469	204.0079073	324.073016144	204.516793128	194.913224536	196.347205274	103.516852255	132.723458698
238.032540092	256.366730463	196.973503942	204.516793128	324.073016144	259.361083506	242.573092002	203.16049145	200.394702243
192.943513046	280.556615466	147.611026465	194.913224536	259.361083506	324.073016144	208.371615297	198.620876499	244.904991601
218.418285864	173.431473418	169.211137355	196.347205274	242.573092002	208.371615297	324.073016144	106.032966194	145.507448726
114.749309874	231.759521966	66.2234324575	103.516852255	203.16049145	198.620876499	106.032966194	324.073016144	195.378500499
155.181102902	218.943940308	95.1331363275	132.723458698	200.394702243	244.904991601	145.507448726	195.378500499	324.073016144
Genotype stats (X^T * X): 	106.325867629
Gene expression - Genotype stats (Y^T * X): 
25.0731672895	33.9001399148	30.120182534	23.3468319784	43.8144197756	25.3552837017	13.5531608562	17.5257685964	14.2889234146