Tissue	wholeblood
N_samples	334
Chr	1
Gene	ENSG00000081277.7
SNP	rs2296694
Gene_list	ENSG00000096696.9	ENSG00000178934.4	ENSG00000186847.5	ENSG00000186081.7	ENSG00000172867.3	ENSG00000137699.12	ENSG00000112378.11	ENSG00000081277.7
Gene expression stats (Y^T * Y): 
324.073016144	193.879100274	217.59338952	225.962525942	195.645829283	164.921483648	205.97266456	241.81824147
193.879100274	324.073016144	224.530805806	185.696607204	202.033769247	177.396146338	176.215281813	201.241451827
217.59338952	224.530805806	324.073016144	214.63006187	250.939586007	133.855685509	184.437050898	211.955630474
225.962525942	185.696607204	214.63006187	324.073016144	149.026710961	194.510554372	181.857320121	224.982499258
195.645829283	202.033769247	250.939586007	149.026710961	324.073016144	100.21016144	158.002191701	195.62462929
164.921483648	177.396146338	133.855685509	194.510554372	100.21016144	324.073016144	148.904368383	202.724307412
205.97266456	176.215281813	184.437050898	181.857320121	158.002191701	148.904368383	324.073016144	204.151458235
241.81824147	201.241451827	211.955630474	224.982499258	195.62462929	202.724307412	204.151458235	324.073016144
Genotype stats (X^T * X): 	149.870258434
Gene expression - Genotype stats (Y^T * X): 
-14.1627875351	-24.1519726812	-30.999894149	-25.6824580565	-33.4993007651	-16.0160315058	-12.029717868	-38.7342534265