Tissue	wholeblood
N_samples	334
Chr	1
Gene	ENSG00000133069.10
SNP	rs11240371
Gene_list	ENSG00000172270.14	ENSG00000223609.3	ENSG00000167815.7	ENSG00000137198.5	ENSG00000171552.8	ENSG00000169877.5	ENSG00000004939.9	ENSG00000117394.15	ENSG00000166947.7	ENSG00000132819.12	ENSG00000133742.9	ENSG00000182512.4	ENSG00000256269.2	ENSG00000172331.7	ENSG00000133606.6	ENSG00000133069.10
Gene expression stats (Y^T * Y): 
324.073016144	236.061998677	233.590715437	216.81208919	243.497454566	240.181490522	241.054931153	128.0579584	190.554614186	243.803350661	231.532499415	211.427956523	122.454819764	200.892910556	218.516691828	209.738587357
236.061998677	324.073016144	236.767118849	237.608618016	259.697781413	310.409148102	244.254108461	112.493442563	210.986683816	241.698485257	289.607612375	225.512417644	153.978236396	208.389272671	240.11550335	197.397910182
233.590715437	236.767118849	324.073016144	190.498434384	217.341474259	248.469756051	236.999250886	137.328167558	209.858741779	199.985332202	249.050561643	188.866005304	199.544044378	197.364445237	191.52889278	207.111869718
216.81208919	237.608618016	190.498434384	324.073016144	272.06667432	237.868341822	225.025696501	122.217811674	238.220465571	251.594350174	226.099350463	288.02104715	108.989708202	229.755630581	258.576248128	202.170562229
243.497454566	259.697781413	217.341474259	272.06667432	324.073016144	260.394421296	261.101728152	102.997169147	236.236387535	267.714225616	253.101079671	253.599997774	101.161957403	245.351285234	289.660719332	209.420067645
240.181490522	310.409148102	248.469756051	237.868341822	260.394421296	324.073016144	249.121820759	108.069757158	211.515923902	240.469951369	291.568362874	225.558474375	160.611624838	207.79083647	236.52705176	197.959675631
241.054931153	244.254108461	236.999250886	225.025696501	261.101728152	249.121820759	324.073016144	159.273139294	246.342815953	253.987213234	254.248658181	229.887424735	179.657817312	229.159827472	248.869892312	232.976628102
128.0579584	112.493442563	137.328167558	122.217811674	102.997169147	108.069757158	159.273139294	324.073016144	147.380298536	143.592217915	128.889600414	151.374180534	204.272200893	135.264969587	106.701719644	237.818864297
190.554614186	210.986683816	209.858741779	238.220465571	236.236387535	211.515923902	246.342815953	147.380298536	324.073016144	208.71566486	202.231696692	235.990331481	202.765251475	245.632044695	219.187699418	202.049865221
243.803350661	241.698485257	199.985332202	251.594350174	267.714225616	240.469951369	253.987213234	143.592217915	208.71566486	324.073016144	234.078723537	245.19973755	110.130277604	214.152944735	243.931357525	206.69926122
231.532499415	289.607612375	249.050561643	226.099350463	253.101079671	291.568362874	254.248658181	128.889600414	202.231696692	234.078723537	324.073016144	218.702803141	169.527741866	203.888057207	233.713985245	222.481322432
211.427956523	225.512417644	188.866005304	288.02104715	253.599997774	225.558474375	229.887424735	151.374180534	235.990331481	245.19973755	218.702803141	324.073016144	133.453437157	251.011501582	249.103926705	221.459370197
122.454819764	153.978236396	199.544044378	108.989708202	101.161957403	160.611624838	179.657817312	204.272200893	202.765251475	110.130277604	169.527741866	133.453437157	324.073016144	150.345807659	99.864010767	211.697960543
200.892910556	208.389272671	197.364445237	229.755630581	245.351285234	207.79083647	229.159827472	135.264969587	245.632044695	214.152944735	203.888057207	251.011501582	150.345807659	324.073016144	224.370086258	203.553997108
218.516691828	240.11550335	191.52889278	258.576248128	289.660719332	236.52705176	248.869892312	106.701719644	219.187699418	243.931357525	233.713985245	249.103926705	99.864010767	224.370086258	324.073016144	201.460562087
209.738587357	197.397910182	207.111869718	202.170562229	209.420067645	197.959675631	232.976628102	237.818864297	202.049865221	206.69926122	222.481322432	221.459370197	211.697960543	203.553997108	201.460562087	324.073016144
Genotype stats (X^T * X): 	105.366807437
Gene expression - Genotype stats (Y^T * X): 
40.3720992714	40.6873003259	42.3850051417	20.511035687	34.0126053171	37.55678381	44.9145750246	14.2188455339	16.6343587873	35.4440584668	39.4676470997	21.0377747939	23.1088256436	22.266976557	37.8594828006	30.4529449459