Tissue	wholeblood
N_samples	334
Chr	10
Gene	ENSG00000138207.8
SNP	rs10882275
Gene_list	ENSG00000118271.5	ENSG00000091583.6	ENSG00000145321.8	ENSG00000138207.8	ENSG00000136872.13	ENSG00000106927.7	ENSG00000171560.10
Gene expression stats (Y^T * Y): 
324.073016144	262.666679777	201.6477051	251.375068661	199.651484036	191.560128998	165.38810416
262.666679777	324.073016144	185.176081548	220.990461724	230.367762574	220.670394053	169.463246379
201.6477051	185.176081548	324.073016144	218.953963456	179.576701843	207.614490208	217.810361584
251.375068661	220.990461724	218.953963456	324.073016144	224.061601162	238.450598705	211.608748611
199.651484036	230.367762574	179.576701843	224.061601162	324.073016144	235.061656855	170.490741028
191.560128998	220.670394053	207.614490208	238.450598705	235.061656855	324.073016144	201.648752252
165.38810416	169.463246379	217.810361584	211.608748611	170.490741028	201.648752252	324.073016144
Genotype stats (X^T * X): 	84.4580838323
Gene expression - Genotype stats (Y^T * X): 
-10.1420424061	-8.23357805849	-17.9189178501	-29.3078100024	-21.6135865602	-19.763913879	-23.9770255917