Tissue	wholeblood
N_samples	334
Chr	11
Gene	ENSG00000186652.5
SNP	rs71484443
Gene_list	ENSG00000172232.5	ENSG00000196415.5	ENSG00000197561.2	ENSG00000169397.3	ENSG00000100448.3	ENSG00000101425.8	ENSG00000012223.8	ENSG00000164047.3	ENSG00000121053.5	ENSG00000156575.2	ENSG00000186652.5
Gene expression stats (Y^T * Y): 
324.073016144	291.257652078	304.396001183	273.593627707	305.409677742	274.17903504	234.266646961	221.446455973	125.67141324	172.348486037	217.937805104
291.257652078	324.073016144	305.561721931	237.970484427	291.552878362	244.272135846	217.214309656	187.767821934	120.652167143	169.716460741	211.374382355
304.396001183	305.561721931	324.073016144	246.162689749	292.987784794	269.430117028	237.679821761	205.44507163	103.61541122	148.519809673	203.417357793
273.593627707	237.970484427	246.162689749	324.073016144	283.420276757	227.05337835	207.210260969	211.248683671	136.664416788	183.347708373	213.705511474
305.409677742	291.552878362	292.987784794	283.420276757	324.073016144	242.71888527	216.021421	198.674284461	116.834305464	167.689196184	209.95404636
274.17903504	244.272135846	269.430117028	227.05337835	242.71888527	324.073016144	272.070473437	243.262841228	89.3454982936	141.793741203	195.150679782
234.266646961	217.214309656	237.679821761	207.210260969	216.021421	272.070473437	324.073016144	242.256199069	73.0225375148	139.063916469	205.552464183
221.446455973	187.767821934	205.44507163	211.248683671	198.674284461	243.262841228	242.256199069	324.073016144	94.5338660855	162.24658668	201.171215201
125.67141324	120.652167143	103.61541122	136.664416788	116.834305464	89.3454982936	73.0225375148	94.5338660855	324.073016144	283.971495934	240.596793554
172.348486037	169.716460741	148.519809673	183.347708373	167.689196184	141.793741203	139.063916469	162.24658668	283.971495934	324.073016144	297.231842614
217.937805104	211.374382355	203.417357793	213.705511474	209.95404636	195.150679782	205.552464183	201.171215201	240.596793554	297.231842614	324.073016144
Genotype stats (X^T * X): 	52.6107784431
Gene expression - Genotype stats (Y^T * X): 
-16.483681292	-17.531056068	-16.0950335966	-10.5520120515	-11.3847016974	-15.9801937234	-16.7710122983	-16.6425769709	-11.8327119242	-21.5026327148	-23.7889030651