Tissue	wholeblood
N_samples	334
Chr	15
Gene	ENSG00000140519.8
SNP	rs8033101
Gene_list	ENSG00000171401.10	ENSG00000105427.5	ENSG00000205420.6	ENSG00000170477.8	ENSG00000140519.8	ENSG00000137699.12	ENSG00000197191.3	ENSG00000180155.14	ENSG00000143536.7	ENSG00000169474.3	ENSG00000163209.10	ENSG00000203785.4	ENSG00000189334.4
Gene expression stats (Y^T * Y): 
324.073016144	224.84305807	244.547370047	261.743332646	246.658628588	154.945984287	131.902318866	149.430449423	261.772619738	242.17886399	302.411628197	187.514746761	226.149543903
224.84305807	324.073016144	283.202251479	203.196892942	297.679572414	192.273353006	194.480266928	227.795478821	287.900777109	288.271201313	264.673457145	281.737770724	261.202766441
244.547370047	283.202251479	324.073016144	234.96396993	310.780631785	225.365844149	214.799529943	233.782324029	304.886872796	302.632359922	276.669978021	287.8167855	290.602825778
261.743332646	203.196892942	234.96396993	324.073016144	239.371218524	168.438080567	148.708175233	149.12236189	271.441331995	221.655218505	270.883061052	166.333359451	251.417208411
246.658628588	297.679572414	310.780631785	239.371218524	324.073016144	220.409739369	226.577979266	243.739915017	316.719598203	307.839652297	281.923133069	295.171170293	294.263265707
154.945984287	192.273353006	225.365844149	168.438080567	220.409739369	324.073016144	254.281465415	234.108344751	216.781643736	210.136234407	173.776070289	230.580050727	254.795962612
131.902318866	194.480266928	214.799529943	148.708175233	226.577979266	254.281465415	324.073016144	238.321161941	218.619170326	206.379228228	163.055834028	229.156733697	246.201966499
149.430449423	227.795478821	233.782324029	149.12236189	243.739915017	234.108344751	238.321161941	324.073016144	231.559143189	233.923265666	181.352517108	257.677892333	237.760889031
261.772619738	287.900777109	304.886872796	271.441331995	316.719598203	216.781643736	218.619170326	231.559143189	324.073016144	300.38487267	294.936610423	275.425395023	300.120960108
242.17886399	288.271201313	302.632359922	221.655218505	307.839652297	210.136234407	206.379228228	233.923265666	300.38487267	324.073016144	276.809516216	288.063321934	273.661842624
302.411628197	264.673457145	276.669978021	270.883061052	281.923133069	173.776070289	163.055834028	181.352517108	294.936610423	276.809516216	324.073016144	230.470851837	254.06835047
187.514746761	281.737770724	287.8167855	166.333359451	295.171170293	230.580050727	229.156733697	257.677892333	275.425395023	288.063321934	230.470851837	324.073016144	266.296213332
226.149543903	261.202766441	290.602825778	251.417208411	294.263265707	254.795962612	246.201966499	237.760889031	300.120960108	273.661842624	254.06835047	266.296213332	324.073016144
Genotype stats (X^T * X): 	77.8760966377
Gene expression - Genotype stats (Y^T * X): 
22.5249544792	28.5447759263	25.5809563192	20.000420111	28.5477130523	15.2299127352	12.2196733984	20.4795261275	27.2423600779	23.2292344348	26.969696646	26.8985732359	19.5846798034