Tissue	wholeblood
N_samples	334
Chr	6
Gene	ENSG00000096696.9
SNP	rs113742346
Gene_list	ENSG00000096696.9	ENSG00000171346.9	ENSG00000186847.5	ENSG00000186081.7	ENSG00000172867.3	ENSG00000112378.11	ENSG00000081277.7
Gene expression stats (Y^T * Y): 
324.073016144	213.926039582	217.59338952	225.962525942	195.645829283	205.97266456	241.81824147
213.926039582	324.073016144	145.784618073	221.076863836	77.770883894	156.794322953	190.311314602
217.59338952	145.784618073	324.073016144	214.63006187	250.939586007	184.437050898	211.955630474
225.962525942	221.076863836	214.63006187	324.073016144	149.026710961	181.857320121	224.982499258
195.645829283	77.770883894	250.939586007	149.026710961	324.073016144	158.002191701	195.62462929
205.97266456	156.794322953	184.437050898	181.857320121	158.002191701	324.073016144	204.151458235
241.81824147	190.311314602	211.955630474	224.982499258	195.62462929	204.151458235	324.073016144
Genotype stats (X^T * X): 	178.892103305
Gene expression - Genotype stats (Y^T * X): 
56.5733936856	6.08919981193	7.86546610186	1.08963624785	0.14519390651	-6.29997257232	4.45936113171