Tissue	wholeblood
N_samples	334
Chr	14
Gene	ENSG00000211967.2
SNP	rs2073672
Gene_list	ENSG00000211640.3	ENSG00000243264.1	ENSG00000211625.2	ENSG00000211933.2	ENSG00000211945.2	ENSG00000211962.2	ENSG00000211964.2	ENSG00000211967.2	ENSG00000211970.2	ENSG00000211973.2
Gene expression stats (Y^T * Y): 
324.073016144	170.067848826	203.800828811	226.73407085	214.263624682	188.467367937	202.629675041	195.626595914	175.153506596	199.505871531
170.067848826	324.073016144	157.942707876	172.985627296	201.279154419	174.875814026	220.091677686	194.777670565	139.859616302	211.233451562
203.800828811	157.942707876	324.073016144	209.69130981	154.423600787	216.981187214	142.513556999	208.915620916	185.201735137	175.225265138
226.73407085	172.985627296	209.69130981	324.073016144	237.857968518	211.398667556	220.504562078	227.941550364	221.566223916	212.033718462
214.263624682	201.279154419	154.423600787	237.857968518	324.073016144	199.366379356	259.279526186	215.371507615	214.915554678	261.538647319
188.467367937	174.875814026	216.981187214	211.398667556	199.366379356	324.073016144	161.692036783	237.657866966	227.965798265	220.213984461
202.629675041	220.091677686	142.513556999	220.504562078	259.279526186	161.692036783	324.073016144	201.649742984	160.821320347	232.330020841
195.626595914	194.777670565	208.915620916	227.941550364	215.371507615	237.657866966	201.649742984	324.073016144	198.004457245	242.899934466
175.153506596	139.859616302	185.201735137	221.566223916	214.915554678	227.965798265	160.821320347	198.004457245	324.073016144	215.48000538
199.505871531	211.233451562	175.225265138	212.033718462	261.538647319	220.213984461	232.330020841	242.899934466	215.48000538	324.073016144
Genotype stats (X^T * X): 	101.638483153
Gene expression - Genotype stats (Y^T * X): 
-19.2402306034	-14.1237000048	-30.1668050952	-28.0633539378	-13.8308039951	-24.9295582711	-18.1656389023	-53.7856018305	-16.4576339027	-36.7124767327