Tissue	wholeblood
N_samples	334
Chr	11
Gene	ENSG00000177105.9
SNP	rs4910814
Gene_list	ENSG00000177105.9	ENSG00000219200.6	ENSG00000149925.12	ENSG00000213654.5	ENSG00000066336.7	ENSG00000172354.5	ENSG00000159840.11
Gene expression stats (Y^T * Y): 
324.073016144	206.298720426	200.462854639	195.266661108	264.636427768	194.74352898	209.491422063
206.298720426	324.073016144	157.765620465	176.387136814	166.023355497	97.020288256	131.111837471
200.462854639	157.765620465	324.073016144	143.862010377	187.021215151	171.909532781	218.113328642
195.266661108	176.387136814	143.862010377	324.073016144	197.817815111	161.86902987	170.891909061
264.636427768	166.023355497	187.021215151	197.817815111	324.073016144	213.584936928	233.164461792
194.74352898	97.020288256	171.909532781	161.86902987	213.584936928	324.073016144	186.082319705
209.491422063	131.111837471	218.113328642	170.891909061	233.164461792	186.082319705	324.073016144
Genotype stats (X^T * X): 	66.4790419162
Gene expression - Genotype stats (Y^T * X): 
-24.4328038351	-1.19462478234	-14.595215853	-3.91966634698	-28.2394397194	-12.5032672166	-13.8642937711