Tissue	wholeblood
N_samples	334
Chr	12
Gene	ENSG00000059804.11
SNP	rs7962823
Gene_list	ENSG00000111669.10	ENSG00000059804.11	ENSG00000134333.9	ENSG00000147872.5	ENSG00000128016.4	ENSG00000105427.5	ENSG00000011422.7	ENSG00000059728.6	ENSG00000168209.4	ENSG00000170345.5	ENSG00000121966.6	ENSG00000163209.10	ENSG00000120129.5	ENSG00000135821.12	ENSG00000123689.5
Gene expression stats (Y^T * Y): 
324.073016144	196.591387483	207.444599714	238.032540092	46.3764714121	-139.985181314	140.718285203	125.077634222	192.943513046	122.372510273	114.749309874	-126.050699069	94.7981220383	122.702537916	155.181102902
196.591387483	324.073016144	201.571466469	256.366730463	205.745842612	-194.803460664	207.907406806	203.360425303	280.556615466	247.166719231	231.759521966	-200.854139646	210.274776575	253.940977332	218.943940308
207.444599714	201.571466469	324.073016144	204.516793128	128.327394429	-92.4466504106	102.538084328	107.179533148	194.913224536	148.45183246	103.516852255	-69.8577600185	119.264343461	127.469096966	132.723458698
238.032540092	256.366730463	204.516793128	324.073016144	129.578854756	-179.55834407	180.798657156	172.342780316	259.361083506	192.96649703	203.16049145	-179.645696291	164.725668622	188.698829568	200.394702243
46.3764714121	205.745842612	128.327394429	129.578854756	324.073016144	-115.920098296	169.232760656	127.50938368	217.723394144	231.170126036	145.188933212	-126.093038181	217.283367823	215.707258231	170.108309258
-139.985181314	-194.803460664	-92.4466504106	-179.55834407	-115.920098296	324.073016144	-161.233300511	-153.93687835	-199.789720318	-161.825496508	-150.661770758	264.673457145	-141.569141771	-177.540668509	-177.017305892
140.718285203	207.907406806	102.538084328	180.798657156	169.232760656	-161.233300511	324.073016144	194.638582293	197.329944522	201.931971489	196.875334723	-157.680566525	172.497079278	229.389151907	221.232731301
125.077634222	203.360425303	107.179533148	172.342780316	127.50938368	-153.93687835	194.638582293	324.073016144	195.162582706	215.513902948	229.24465385	-148.172563572	213.939229022	192.340156022	201.641166982
192.943513046	280.556615466	194.913224536	259.361083506	217.723394144	-199.789720318	197.329944522	195.162582706	324.073016144	267.737504559	198.620876499	-201.515359957	239.214605684	240.884404576	244.904991601
122.372510273	247.166719231	148.45183246	192.96649703	231.170126036	-161.825496508	201.931971489	215.513902948	267.737504559	324.073016144	200.855884921	-176.024585565	289.189120357	253.690907457	238.866446423
114.749309874	231.759521966	103.516852255	203.16049145	145.188933212	-150.661770758	196.875334723	229.24465385	198.620876499	200.855884921	324.073016144	-166.402463199	203.2100823	211.116266048	195.378500499
-126.050699069	-200.854139646	-69.8577600185	-179.645696291	-126.093038181	264.673457145	-157.680566525	-148.172563572	-201.515359957	-176.024585565	-166.402463199	324.073016144	-164.767992869	-182.562711692	-178.51183192
94.7981220383	210.274776575	119.264343461	164.725668622	217.283367823	-141.569141771	172.497079278	213.939229022	239.214605684	289.189120357	203.2100823	-164.767992869	324.073016144	230.839266156	209.305796689
122.702537916	253.940977332	127.469096966	188.698829568	215.707258231	-177.540668509	229.389151907	192.340156022	240.884404576	253.690907457	211.116266048	-182.562711692	230.839266156	324.073016144	219.266116774
155.181102902	218.943940308	132.723458698	200.394702243	170.108309258	-177.017305892	221.232731301	201.641166982	244.904991601	238.866446423	195.378500499	-178.51183192	209.305796689	219.266116774	324.073016144
Genotype stats (X^T * X): 	59.2125748503
Gene expression - Genotype stats (Y^T * X): 
19.9934396052	29.9217310406	14.8442338629	28.5685768356	17.3720874736	-33.6292584692	26.7691232869	26.3147439636	27.9499731466	27.3543817899	22.9953841487	-30.5629035362	28.7889109344	21.9281213401	25.7442988554