Tissue	wholeblood
N_samples	334
Chr	5
Gene	ENSG00000113140.6
SNP	rs2881558
Gene_list	ENSG00000111644.3	ENSG00000166091.15	ENSG00000120885.15	ENSG00000204420.4	ENSG00000101335.5	ENSG00000161911.7	ENSG00000005961.13	ENSG00000101162.3	ENSG00000163737.3	ENSG00000163736.3	ENSG00000107438.4	ENSG00000154146.8	ENSG00000095303.10	ENSG00000169704.4	ENSG00000113140.6
Gene expression stats (Y^T * Y): 
324.073016144	240.863871713	124.703597594	248.974013569	205.411598411	243.034501792	200.938086756	245.366110434	221.128629517	202.492745316	168.367536051	206.803736004	211.148541766	238.46795422	219.726926399
240.863871713	324.073016144	161.571748676	257.745961563	248.039130097	261.04207335	244.650000972	205.79120804	244.298329512	220.72193624	198.973489999	224.160221851	254.452943368	263.841071228	225.324173147
124.703597594	161.571748676	324.073016144	150.61596962	171.705421408	185.813455268	201.047189734	120.029518977	179.252360277	176.875805667	117.931329181	202.63791495	140.505520691	156.635216282	202.910415427
248.974013569	257.745961563	150.61596962	324.073016144	231.01417243	260.080611249	261.690243779	257.863042991	231.197713846	213.196388654	210.257286927	217.01053163	241.172095054	272.504847605	239.965705316
205.411598411	248.039130097	171.705421408	231.01417243	324.073016144	255.288556812	247.98269405	182.786903565	251.335297622	240.795581046	192.378826748	229.061330712	198.780959338	225.481250461	256.459972094
243.034501792	261.04207335	185.813455268	260.080611249	255.288556812	324.073016144	281.28369063	226.158863187	259.815047293	262.380651134	199.962888689	244.456232103	232.058613148	263.478766442	280.121617722
200.938086756	244.650000972	201.047189734	261.690243779	247.98269405	281.28369063	324.073016144	198.043649914	235.144786558	238.579518444	181.802379149	226.104716772	212.427246741	260.772576556	254.740800147
245.366110434	205.79120804	120.029518977	257.863042991	182.786903565	226.158863187	198.043649914	324.073016144	215.06754997	193.760980661	184.227390917	192.871273481	234.009474278	240.887511711	211.636493873
221.128629517	244.298329512	179.252360277	231.197713846	251.335297622	259.815047293	235.144786558	215.06754997	324.073016144	287.130060933	200.683291483	269.999581907	216.144843622	257.82879075	253.543062892
202.492745316	220.72193624	176.875805667	213.196388654	240.795581046	262.380651134	238.579518444	193.760980661	287.130060933	324.073016144	174.95428031	243.435720775	192.193243518	228.069604789	251.014773345
168.367536051	198.973489999	117.931329181	210.257286927	192.378826748	199.962888689	181.802379149	184.227390917	200.683291483	174.95428031	324.073016144	174.385766958	209.969120665	203.215721577	198.286279281
206.803736004	224.160221851	202.63791495	217.01053163	229.061330712	244.456232103	226.104716772	192.871273481	269.999581907	243.435720775	174.385766958	324.073016144	214.423822179	223.474369497	264.898847566
211.148541766	254.452943368	140.505520691	241.172095054	198.780959338	232.058613148	212.427246741	234.009474278	216.144843622	192.193243518	209.969120665	214.423822179	324.073016144	233.058817515	211.092880018
238.46795422	263.841071228	156.635216282	272.504847605	225.481250461	263.478766442	260.772576556	240.887511711	257.82879075	228.069604789	203.215721577	223.474369497	233.058817515	324.073016144	219.71213288
219.726926399	225.324173147	202.910415427	239.965705316	256.459972094	280.121617722	254.740800147	211.636493873	253.543062892	251.014773345	198.286279281	264.898847566	211.092880018	219.71213288	324.073016144
Genotype stats (X^T * X): 	144.769461078
Gene expression - Genotype stats (Y^T * X): 
-27.4331061969	-29.8485628171	-14.454290667	-30.9553894685	-33.3007693888	-40.2464720534	-31.6308636999	-39.1526289962	-40.5504874903	-27.5945099295	-34.7192268666	-29.687729035	-40.4711668792	-32.854470341	-36.3997340549