Tissue	wholeblood
N_samples	334
Chr	16
Gene	ENSG00000172382.5
SNP	rs113013804
Gene_list	ENSG00000172382.5	ENSG00000137699.12	ENSG00000197191.3	ENSG00000180155.14	ENSG00000167656.4	ENSG00000203785.4	ENSG00000189334.4
Gene expression stats (Y^T * Y): 
324.073016144	200.232102562	232.196160628	198.659284025	198.264367118	194.470944883	205.844916714
200.232102562	324.073016144	254.281465415	234.108344751	266.065347367	230.580050727	254.795962612
232.196160628	254.281465415	324.073016144	238.321161941	255.545160121	229.156733697	246.201966499
198.659284025	234.108344751	238.321161941	324.073016144	203.083639971	257.677892333	237.760889031
198.264367118	266.065347367	255.545160121	203.083639971	324.073016144	185.862963217	236.320622934
194.470944883	230.580050727	229.156733697	257.677892333	185.862963217	324.073016144	266.296213332
205.844916714	254.795962612	246.201966499	237.760889031	236.320622934	266.296213332	324.073016144
Genotype stats (X^T * X): 	41.4752466228
Gene expression - Genotype stats (Y^T * X): 
19.3817645191	8.34866177427	9.50136287206	10.1918594637	-0.469212564416	18.1033737791	9.52922007523