Tissue	wholeblood
N_samples	334
Chr	11
Gene	ENSG00000156738.13
SNP	rs12281084
Gene_list	ENSG00000083454.17	ENSG00000167483.13	ENSG00000012124.10	ENSG00000105369.5	ENSG00000156738.13	ENSG00000007312.8
Gene expression stats (Y^T * Y): 
324.073016144	174.932457761	209.853425904	238.569495333	210.922996745	222.454636274
174.932457761	324.073016144	230.512257755	191.104801978	209.61274928	187.698653996
209.853425904	230.512257755	324.073016144	220.703183253	234.384425092	216.610948931
238.569495333	191.104801978	220.703183253	324.073016144	206.396408184	262.046194259
210.922996745	209.61274928	234.384425092	206.396408184	324.073016144	196.327757698
222.454636274	187.698653996	216.610948931	262.046194259	196.327757698	324.073016144
Genotype stats (X^T * X): 	72.4869237126
Gene expression - Genotype stats (Y^T * X): 
-25.8715819479	-18.3006381659	-23.1759016456	-20.7178463727	-30.10065911	-12.7705524556