Tissue	wholeblood
N_samples	334
Chr	7
Gene	ENSG00000127920.5
SNP	rs2519629
Gene_list	ENSG00000088726.11	ENSG00000204424.8	ENSG00000204420.4	ENSG00000259207.3	ENSG00000127920.5	ENSG00000005249.8	ENSG00000169704.4
Gene expression stats (Y^T * Y): 
324.073016144	233.942499553	235.52559752	229.218012222	214.141301899	222.165766602	250.560913564
233.942499553	324.073016144	229.503274852	253.740249874	213.402581539	199.793061574	254.144083254
235.52559752	229.503274852	324.073016144	251.196787694	199.345929364	212.747379135	272.504847605
229.218012222	253.740249874	251.196787694	324.073016144	223.417961892	240.844391206	236.612857885
214.141301899	213.402581539	199.345929364	223.417961892	324.073016144	239.743974279	198.921883405
222.165766602	199.793061574	212.747379135	240.844391206	239.743974279	324.073016144	190.198916604
250.560913564	254.144083254	272.504847605	236.612857885	198.921883405	190.198916604	324.073016144
Genotype stats (X^T * X): 	60.5778443114
Gene expression - Genotype stats (Y^T * X): 
14.5372830358	9.90299146022	8.03478232936	12.2284776089	23.2733148035	8.8200668669	1.35455488245