Tissue	wholeblood
N_samples	334
Chr	17
Gene	ENSG00000161905.8
SNP	rs56170457
Gene_list	ENSG00000103355.8	ENSG00000091181.15	ENSG00000182557.3	ENSG00000161905.8	ENSG00000174083.13	ENSG00000103056.7
Gene expression stats (Y^T * Y): 
324.073016144	158.446679429	213.231261233	253.714585067	205.1929486	226.325980468
158.446679429	324.073016144	189.171801074	212.087146148	212.172235338	214.440027321
213.231261233	189.171801074	324.073016144	224.286387906	193.152220637	200.671322771
253.714585067	212.087146148	224.286387906	324.073016144	216.697280009	236.227096706
205.1929486	212.172235338	193.152220637	216.697280009	324.073016144	223.622629395
226.325980468	214.440027321	200.671322771	236.227096706	223.622629395	324.073016144
Genotype stats (X^T * X): 	126.628312458
Gene expression - Genotype stats (Y^T * X): 
-17.0583359278	-18.2926043382	-11.6248450433	-47.3583009862	-11.5226419557	-3.38834155986