Tissue	wholeblood
N_samples	334
Chr	3
Gene	ENSG00000173193.9
SNP	rs9881460
Gene_list	ENSG00000134321.7	ENSG00000133106.10	ENSG00000140464.15	ENSG00000138646.4	ENSG00000119922.7	ENSG00000177409.7	ENSG00000111331.8	ENSG00000173193.9	ENSG00000059378.8
Gene expression stats (Y^T * Y): 
324.073016144	214.711843439	158.146411368	263.636683628	222.582145752	150.140710836	293.671538775	213.343415934	240.034273685
214.711843439	324.073016144	201.089864599	216.232857227	215.063669956	183.4071292	211.305769388	229.731024665	197.610487495
158.146411368	201.089864599	324.073016144	181.496804438	196.287348833	130.488522464	147.353541043	205.923677033	175.544234589
263.636683628	216.232857227	181.496804438	324.073016144	207.086530459	167.648351204	279.552109933	222.091075173	221.56703127
222.582145752	215.063669956	196.287348833	207.086530459	324.073016144	181.712609181	202.451824031	218.265143917	208.169391128
150.140710836	183.4071292	130.488522464	167.648351204	181.712609181	324.073016144	148.160194292	205.448424712	132.845114253
293.671538775	211.305769388	147.353541043	279.552109933	202.451824031	148.160194292	324.073016144	203.217966105	239.998272152
213.343415934	229.731024665	205.923677033	222.091075173	218.265143917	205.448424712	203.217966105	324.073016144	205.337004596
240.034273685	197.610487495	175.544234589	221.56703127	208.169391128	132.845114253	239.998272152	205.337004596	324.073016144
Genotype stats (X^T * X): 	132.461899979
Gene expression - Genotype stats (Y^T * X): 
31.8844375297	25.9955313121	23.1240388043	29.5839536608	31.3039501197	11.335151954	30.5089162622	40.8970979288	33.4765361971