Tissue	wholeblood
N_samples	334
Chr	22
Gene	ENSG00000211669.2
SNP	rs2066997
Gene_list	ENSG00000211640.3	ENSG00000211652.2	ENSG00000211659.2	ENSG00000211660.3	ENSG00000211662.2	ENSG00000211669.2	ENSG00000211670.2	ENSG00000211671.2	ENSG00000099958.10	ENSG00000211937.2	ENSG00000211941.2	ENSG00000211966.2
Gene expression stats (Y^T * Y): 
324.073016144	234.8084573	229.303380378	239.133400835	227.355162968	212.818285361	193.222420604	203.547909005	230.70198285	202.815048892	231.388802704	197.311240902
234.8084573	324.073016144	212.350294892	246.159328048	226.693417455	207.373768844	204.261041805	230.996999764	228.099430019	218.1664713	242.46079144	225.284280602
229.303380378	212.350294892	324.073016144	272.417282784	263.494026583	203.780960612	224.048143905	228.374986815	160.719219754	229.045443537	234.952822498	245.314620848
239.133400835	246.159328048	272.417282784	324.073016144	263.934118903	206.234787961	216.273114611	280.794759298	198.85297994	224.289376533	243.76830225	248.355847762
227.355162968	226.693417455	263.494026583	263.934118903	324.073016144	201.742281087	234.585709935	221.198348848	179.038708803	239.340777011	248.637331837	245.264356114
212.818285361	207.373768844	203.780960612	206.234787961	201.742281087	324.073016144	227.107931848	214.663107764	202.326072805	212.94142214	224.731530361	203.389401342
193.222420604	204.261041805	224.048143905	216.273114611	234.585709935	227.107931848	324.073016144	229.568707174	160.780498557	219.518112818	223.878801945	216.60956959
203.547909005	230.996999764	228.374986815	280.794759298	221.198348848	214.663107764	229.568707174	324.073016144	187.965066573	212.046654692	229.407093298	228.005960256
230.70198285	228.099430019	160.719219754	198.85297994	179.038708803	202.326072805	160.780498557	187.965066573	324.073016144	185.109238932	213.116032088	167.338382508
202.815048892	218.1664713	229.045443537	224.289376533	239.340777011	212.94142214	219.518112818	212.046654692	185.109238932	324.073016144	245.796544292	261.110239025
231.388802704	242.46079144	234.952822498	243.76830225	248.637331837	224.731530361	223.878801945	229.407093298	213.116032088	245.796544292	324.073016144	259.300408977
197.311240902	225.284280602	245.314620848	248.355847762	245.264356114	203.389401342	216.60956959	228.005960256	167.338382508	261.110239025	259.300408977	324.073016144
Genotype stats (X^T * X): 	70.8388217485
Gene expression - Genotype stats (Y^T * X): 
-8.42888383341	-18.5915175196	-10.4208321634	-12.1618513712	-11.2289845627	-25.4267078284	-22.6393881061	-23.6664846122	-13.0311629984	-11.9669172906	-11.9647058517	-15.1815962328