Tissue	wholeblood
N_samples	334
Chr	2
Gene	ENSG00000211611.2
SNP	rs112520068
Gene_list	ENSG00000211650.2	ENSG00000099958.10	ENSG00000211611.2	ENSG00000244575.1	ENSG00000211625.2	ENSG00000211630.2	ENSG00000211965.2	ENSG00000211976.2
Gene expression stats (Y^T * Y): 
324.073016144	203.252459346	224.403610675	235.17862549	175.134560681	163.213736252	184.365194299	265.363673788
203.252459346	324.073016144	211.57038844	208.439920215	232.409930743	162.690068272	205.688593577	206.481881128
224.403610675	211.57038844	324.073016144	205.467197096	226.10165263	199.20880667	217.585737657	235.193712152
235.17862549	208.439920215	205.467197096	324.073016144	205.140481661	129.286735165	221.281555555	181.457600483
175.134560681	232.409930743	226.10165263	205.140481661	324.073016144	163.950358993	229.883516141	188.146398909
163.213736252	162.690068272	199.20880667	129.286735165	163.950358993	324.073016144	152.823149608	172.549177509
184.365194299	205.688593577	217.585737657	221.281555555	229.883516141	152.823149608	324.073016144	199.055678624
265.363673788	206.481881128	235.193712152	181.457600483	188.146398909	172.549177509	199.055678624	324.073016144
Genotype stats (X^T * X): 	42.9306758084
Gene expression - Genotype stats (Y^T * X): 
10.2077635108	2.99760616263	18.7947128769	6.51057579857	5.04470475661	27.4159778522	7.54216877045	12.4511734692