Tissue	wholeblood
N_samples	334
Chr	5
Gene	ENSG00000120129.5
SNP	rs112372162
Gene_list	ENSG00000059804.11	ENSG00000128016.4	ENSG00000059728.6	ENSG00000168209.4	ENSG00000170345.5	ENSG00000121966.6	ENSG00000120129.5	ENSG00000135821.12	ENSG00000151726.9	ENSG00000123689.5
Gene expression stats (Y^T * Y): 
324.073016144	205.745842612	203.360425303	280.556615466	247.166719231	231.759521966	210.274776575	253.940977332	193.352843214	218.943940308
205.745842612	324.073016144	127.50938368	217.723394144	231.170126036	145.188933212	217.283367823	215.707258231	152.478297911	170.108309258
203.360425303	127.50938368	324.073016144	195.162582706	215.513902948	229.24465385	213.939229022	192.340156022	212.485140845	201.641166982
280.556615466	217.723394144	195.162582706	324.073016144	267.737504559	198.620876499	239.214605684	240.884404576	184.325162911	244.904991601
247.166719231	231.170126036	215.513902948	267.737504559	324.073016144	200.855884921	289.189120357	253.690907457	187.551216055	238.866446423
231.759521966	145.188933212	229.24465385	198.620876499	200.855884921	324.073016144	203.2100823	211.116266048	180.511574623	195.378500499
210.274776575	217.283367823	213.939229022	239.214605684	289.189120357	203.2100823	324.073016144	230.839266156	198.617735188	209.305796689
253.940977332	215.707258231	192.340156022	240.884404576	253.690907457	211.116266048	230.839266156	324.073016144	156.4415441	219.266116774
193.352843214	152.478297911	212.485140845	184.325162911	187.551216055	180.511574623	198.617735188	156.4415441	324.073016144	173.483669438
218.943940308	170.108309258	201.641166982	244.904991601	238.866446423	195.378500499	209.305796689	219.266116774	173.483669438	324.073016144
Genotype stats (X^T * X): 	44.0097261198
Gene expression - Genotype stats (Y^T * X): 
-32.8495108348	-26.7370680368	-24.4862417061	-35.1117891558	-33.4127339182	-25.9093963674	-33.1897061971	-21.4328188359	-26.9920979434	-25.8349597345