Tissue	skinsunexposedlowerleg
N_samples	299
Chr	11
Gene	ENSG00000134824.9
SNP	rs509360
Gene_list	ENSG00000179593.11	ENSG00000101474.7	ENSG00000130208.5	ENSG00000185640.5	ENSG00000149485.12	ENSG00000134824.9	ENSG00000069482.6	ENSG00000151365.2	ENSG00000103740.5	ENSG00000119915.4	ENSG00000162877.8
Gene expression stats (Y^T * Y): 
289.277195889	137.169727386	152.378762051	157.122322982	148.553504293	187.160205346	169.135004292	163.835519019	135.179949386	183.893401132	180.422657588
137.169727386	289.277195889	166.232617075	176.875982992	191.811084225	197.051020205	177.417249448	196.470930038	181.994280562	201.5341977	205.202300782
152.378762051	166.232617075	289.277195889	200.116591963	149.21768951	194.646615961	189.017834731	168.051927129	164.731003191	188.086543787	185.061319479
157.122322982	176.875982992	200.116591963	289.277195889	153.771857703	239.221776905	188.443137913	195.255470768	169.488086883	198.396257556	221.466143281
148.553504293	191.811084225	149.21768951	153.771857703	289.277195889	193.275737215	189.152216692	225.492436721	148.586052485	205.341552293	211.060991445
187.160205346	197.051020205	194.646615961	239.221776905	193.275737215	289.277195889	201.709978441	220.494526305	176.717742351	215.160198732	241.66452476
169.135004292	177.417249448	189.017834731	188.443137913	189.152216692	201.709978441	289.277195889	189.053871034	175.211146098	231.292347181	202.471454139
163.835519019	196.470930038	168.051927129	195.255470768	225.492436721	220.494526305	189.053871034	289.277195889	162.79357765	208.104018338	229.371045187
135.179949386	181.994280562	164.731003191	169.488086883	148.586052485	176.717742351	175.211146098	162.79357765	289.277195889	182.476469501	190.445224495
183.893401132	201.5341977	188.086543787	198.396257556	205.341552293	215.160198732	231.292347181	208.104018338	182.476469501	289.277195889	243.254800829
180.422657588	205.202300782	185.061319479	221.466143281	211.060991445	241.66452476	202.471454139	229.371045187	190.445224495	243.254800829	289.277195889
Genotype stats (X^T * X): 	149.652173913
Gene expression - Genotype stats (Y^T * X): 
9.55250398309	17.1141893163	22.6588927329	23.6740409967	1.66146132518	35.5551211426	1.00653353167	3.43205876231	3.42428537719	12.154618998	13.4149077687