Tissue	skinsunexposedlowerleg
N_samples	299
Chr	22
Gene	ENSG00000214491.4
SNP	rs1807515
Gene_list	ENSG00000188984.7	ENSG00000064763.6	ENSG00000214491.4	ENSG00000204310.6	ENSG00000149485.12	ENSG00000119915.4	ENSG00000116882.10	ENSG00000057252.8	ENSG00000162877.8
Gene expression stats (Y^T * Y): 
289.277195889	179.892568581	190.651591238	125.202537557	137.122873498	136.730175343	177.532926615	203.957288651	113.047578425
179.892568581	289.277195889	197.975029372	153.59851528	192.842100779	192.335707296	207.639658784	185.942973785	186.706417903
190.651591238	197.975029372	289.277195889	174.692209177	181.478365417	205.681253411	183.57297202	181.398909522	184.109429762
125.202537557	153.59851528	174.692209177	289.277195889	130.369186796	156.715136216	151.432924961	121.881286556	132.3082369
137.122873498	192.842100779	181.478365417	130.369186796	289.277195889	205.341552293	177.18026471	161.840109121	211.060991445
136.730175343	192.335707296	205.681253411	156.715136216	205.341552293	289.277195889	182.041014863	143.972735987	243.254800829
177.532926615	207.639658784	183.57297202	151.432924961	177.18026471	182.041014863	289.277195889	163.850673823	163.74594304
203.957288651	185.942973785	181.398909522	121.881286556	161.840109121	143.972735987	163.850673823	289.277195889	131.265082223
113.047578425	186.706417903	184.109429762	132.3082369	211.060991445	243.254800829	163.74594304	131.265082223	289.277195889
Genotype stats (X^T * X): 	95.5995777258
Gene expression - Genotype stats (Y^T * X): 
25.8115229734	23.7659597445	29.7032685058	17.8578122693	13.8660955729	26.7069217613	27.0862363516	24.0147887316	21.5139503593