Tissue	skinsunexposedlowerleg
N_samples	299
Chr	5
Gene	ENSG00000204628.7
SNP	rs76492548
Gene_list	ENSG00000140988.11	ENSG00000167658.11	ENSG00000105640.8	ENSG00000105373.14	ENSG00000063177.8	ENSG00000162244.6	ENSG00000083845.4	ENSG00000149273.10	ENSG00000148303.12	ENSG00000161016.11	ENSG00000204628.7
Gene expression stats (Y^T * Y): 
289.277195889	176.205031533	241.960277326	185.987517849	232.8373894	215.194743355	246.545117414	235.089831748	209.197474919	229.743848077	195.394577899
176.205031533	289.277195889	165.589588744	175.339154471	139.276824389	139.336401049	166.669268002	151.784389656	113.306172309	134.165985331	204.310834992
241.960277326	165.589588744	289.277195889	199.92358311	257.650886078	222.319241465	261.779394717	228.382857506	176.848442402	218.968904104	187.444530377
185.987517849	175.339154471	199.92358311	289.277195889	209.117295988	190.168745404	202.875998247	172.105942286	141.692091462	189.068803193	182.485656599
232.8373894	139.276824389	257.650886078	209.117295988	289.277195889	227.866697243	259.832999243	231.634698071	198.359723183	224.350222809	185.900821391
215.194743355	139.336401049	222.319241465	190.168745404	227.866697243	289.277195889	227.861014738	212.007840554	230.410204188	227.068823091	215.969741615
246.545117414	166.669268002	261.779394717	202.875998247	259.832999243	227.861014738	289.277195889	231.094813466	197.859619142	227.683472241	211.331105734
235.089831748	151.784389656	228.382857506	172.105942286	231.634698071	212.007840554	231.094813466	289.277195889	233.56281087	209.898731956	181.619387965
209.197474919	113.306172309	176.848442402	141.692091462	198.359723183	230.410204188	197.859619142	233.56281087	289.277195889	221.07500786	195.244293242
229.743848077	134.165985331	218.968904104	189.068803193	224.350222809	227.068823091	227.683472241	209.898731956	221.07500786	289.277195889	201.287532663
195.394577899	204.310834992	187.444530377	182.485656599	185.900821391	215.969741615	211.331105734	181.619387965	195.244293242	201.287532663	289.277195889
Genotype stats (X^T * X): 	24.2129055184
Gene expression - Genotype stats (Y^T * X): 
5.22670567364	4.18284016954	7.93824554934	9.45462711746	3.79801096029	8.17690507146	8.18892234692	1.33641837016	2.71345572801	7.11687783556	14.6267567978