Tissue	skinsunexposedlowerleg
N_samples	299
Chr	10
Gene	ENSG00000107796.8
SNP	rs17446483
Gene_list	ENSG00000133392.12	ENSG00000101335.5	ENSG00000198467.9	ENSG00000163017.9	ENSG00000107796.8	ENSG00000149591.12	ENSG00000159176.9
Gene expression stats (Y^T * Y): 
289.277195889	219.606434429	238.468904365	236.140286462	197.658613666	176.350859077	218.713367646
219.606434429	289.277195889	217.933049118	184.356040395	249.94265186	261.960589641	218.441745129
238.468904365	217.933049118	289.277195889	236.966641216	212.725814743	204.528384386	220.211058579
236.140286462	184.356040395	236.966641216	289.277195889	187.840135039	149.664917797	218.182386701
197.658613666	249.94265186	212.725814743	187.840135039	289.277195889	251.933437183	239.950794548
176.350859077	261.960589641	204.528384386	149.664917797	251.933437183	289.277195889	201.676851052
218.713367646	218.441745129	220.211058579	218.182386701	239.950794548	201.676851052	289.277195889
Genotype stats (X^T * X): 	61.6856187291
Gene expression - Genotype stats (Y^T * X): 
14.6595335273	22.9900288309	19.2969745902	8.01161963058	22.365434468	24.655486503	7.35494940258