Tissue	skinsunexposedlowerleg
N_samples	299
Chr	3
Gene	ENSG00000091986.11
SNP	rs62262927
Gene_list	ENSG00000166482.7	ENSG00000164530.9	ENSG00000107562.12	ENSG00000163815.5	ENSG00000108821.9	ENSG00000164692.13	ENSG00000106333.8	ENSG00000145730.16	ENSG00000091986.11	ENSG00000154096.9	ENSG00000163430.5	ENSG00000145824.8	ENSG00000107317.7	ENSG00000145423.4	ENSG00000168542.8	ENSG00000115414.14
Gene expression stats (Y^T * Y): 
289.277195889	221.292753411	125.864069045	200.944261686	182.202206464	184.585886131	178.796078042	166.334021566	188.313572493	70.7649406523	160.257747476	183.113472062	165.059136251	195.560677585	178.918289902	162.984836642
221.292753411	289.277195889	122.388172467	204.143912721	150.147432236	157.843599888	217.711608038	195.482399046	236.471631265	131.703804941	198.30184601	179.003121456	144.857840434	206.548205022	173.500945562	166.559408324
125.864069045	122.388172467	289.277195889	157.736241538	155.487400945	163.323245655	173.408215721	133.303050746	174.05222446	119.945739365	78.8683818126	174.085570884	126.890162888	189.482301819	165.587943628	123.366280737
200.944261686	204.143912721	157.736241538	289.277195889	174.856781528	199.359393389	194.547831446	169.417186341	201.677685155	72.847473669	166.370343001	200.650859846	127.312157321	173.766311984	192.346164759	166.493775706
182.202206464	150.147432236	155.487400945	174.856781528	289.277195889	275.516336034	173.269348341	101.53979292	187.550493201	87.46024142	97.9752753266	190.377232652	177.589772818	185.488748879	265.904836296	161.349108456
184.585886131	157.843599888	163.323245655	199.359393389	275.516336034	289.277195889	177.394583147	121.811802308	196.394026568	75.7216170612	111.288096937	198.722687516	176.012773909	177.459848559	270.991778117	178.040309736
178.796078042	217.711608038	173.408215721	194.547831446	173.269348341	177.394583147	289.277195889	194.687569337	258.191369315	180.190870572	187.923128275	174.293560371	187.477880667	212.065898615	199.530042245	178.577261647
166.334021566	195.482399046	133.303050746	169.417186341	101.53979292	121.811802308	194.687569337	289.277195889	188.459441461	122.432109755	186.914515066	121.378805884	111.308726702	177.570916678	129.503018656	133.98343969
188.313572493	236.471631265	174.05222446	201.677685155	187.550493201	196.394026568	258.191369315	188.459441461	289.277195889	174.68689013	186.710500505	188.915586421	179.841375775	216.570595437	216.042391353	174.589213116
70.7649406523	131.703804941	119.945739365	72.847473669	87.46024142	75.7216170612	180.190870572	122.432109755	174.68689013	289.277195889	139.954490634	71.1853740977	99.4098532789	148.18998257	113.590419293	99.431667819
160.257747476	198.30184601	78.8683818126	166.370343001	97.9752753266	111.288096937	187.923128275	186.914515066	186.710500505	139.954490634	289.277195889	96.6218576779	89.4784320331	139.641159091	132.568157664	141.381012312
183.113472062	179.003121456	174.085570884	200.650859846	190.377232652	198.722687516	174.293560371	121.378805884	188.915586421	71.1853740977	96.6218576779	289.277195889	174.020576877	204.18064547	204.082012665	159.209183991
165.059136251	144.857840434	126.890162888	127.312157321	177.589772818	176.012773909	187.477880667	111.308726702	179.841375775	99.4098532789	89.4784320331	174.020576877	289.277195889	191.546643623	186.112774784	153.306603347
195.560677585	206.548205022	189.482301819	173.766311984	185.488748879	177.459848559	212.065898615	177.570916678	216.570595437	148.18998257	139.641159091	204.18064547	191.546643623	289.277195889	193.317617213	157.410856493
178.918289902	173.500945562	165.587943628	192.346164759	265.904836296	270.991778117	199.530042245	129.503018656	216.042391353	113.590419293	132.568157664	204.082012665	186.112774784	193.317617213	289.277195889	191.096947443
162.984836642	166.559408324	123.366280737	166.493775706	161.349108456	178.040309736	178.577261647	133.98343969	174.589213116	99.431667819	141.381012312	159.209183991	153.306603347	157.410856493	191.096947443	289.277195889
Genotype stats (X^T * X): 	23.8387205084
Gene expression - Genotype stats (Y^T * X): 
-10.9812896882	-12.3253454632	-1.9081689972	-11.6504397268	-9.91132648066	-11.6369257732	-15.1572009022	-12.0953373218	-15.6317146125	-10.5324754409	-9.67381020088	-7.84915981264	-11.5885727201	-11.0703669066	-13.53956839	-13.3621707069