Tissue	skinsunexposedlowerleg
N_samples	299
Chr	19
Gene	ENSG00000130208.5
SNP	rs3826688
Gene_list	ENSG00000130208.5	ENSG00000185640.5	ENSG00000134824.9	ENSG00000069482.6	ENSG00000119915.4	ENSG00000162877.8
Gene expression stats (Y^T * Y): 
289.277195889	200.116591963	194.646615961	189.017834731	188.086543787	185.061319479
200.116591963	289.277195889	239.221776905	188.443137913	198.396257556	221.466143281
194.646615961	239.221776905	289.277195889	201.709978441	215.160198732	241.66452476
189.017834731	188.443137913	201.709978441	289.277195889	231.292347181	202.471454139
188.086543787	198.396257556	215.160198732	231.292347181	289.277195889	243.254800829
185.061319479	221.466143281	241.66452476	202.471454139	243.254800829	289.277195889
Genotype stats (X^T * X): 	139.007546997
Gene expression - Genotype stats (Y^T * X): 
-47.0054685781	-14.4209465351	-25.736969013	-17.1073125559	-16.9081848405	-15.3653418163