Tissue	skinsunexposedlowerleg
N_samples	299
Chr	19
Gene	ENSG00000105202.3
SNP	rs1053686
Gene_list	ENSG00000140988.11	ENSG00000144713.8	ENSG00000100316.11	ENSG00000105202.3	ENSG00000188846.9	ENSG00000174444.10	ENSG00000149273.10
Gene expression stats (Y^T * Y): 
289.277195889	185.26360592	224.580958353	176.436742982	117.37723789	134.433627534	235.089831748
185.26360592	289.277195889	209.764780659	174.190781511	222.165147647	203.034724763	203.092245307
224.580958353	209.764780659	289.277195889	202.618629686	170.846457135	211.458131787	221.72883373
176.436742982	174.190781511	202.618629686	289.277195889	174.649963243	179.410631988	174.250430917
117.37723789	222.165147647	170.846457135	174.649963243	289.277195889	193.728644566	158.327274755
134.433627534	203.034724763	211.458131787	179.410631988	193.728644566	289.277195889	150.681485651
235.089831748	203.092245307	221.72883373	174.250430917	158.327274755	150.681485651	289.277195889
Genotype stats (X^T * X): 	76.4481605351
Gene expression - Genotype stats (Y^T * X): 
-13.6949025652	-14.2066160783	-10.0960104885	-26.4884256393	-13.0975399594	-4.26959769628	-4.95446898743