Tissue	skinsunexposedlowerleg
N_samples	299
Chr	17
Gene	ENSG00000131746.8
SNP	rs535058
Gene_list	ENSG00000116285.8	ENSG00000131746.8	ENSG00000124145.5	ENSG00000132470.9	ENSG00000117289.7	ENSG00000135821.12
Gene expression stats (Y^T * Y): 
289.277195889	186.658784887	105.863533132	96.0492905318	187.272844452	181.983119186
186.658784887	289.277195889	175.052677156	186.759388533	197.127352096	176.773058918
105.863533132	175.052677156	289.277195889	119.400691258	135.362048401	91.205364639
96.0492905318	186.759388533	119.400691258	289.277195889	135.507862713	129.404143424
187.272844452	197.127352096	135.362048401	135.507862713	289.277195889	196.445954283
181.983119186	176.773058918	91.205364639	129.404143424	196.445954283	289.277195889
Genotype stats (X^T * X): 	104.781613666
Gene expression - Genotype stats (Y^T * X): 
-23.3074854764	-35.1736959736	-23.9385000478	-28.0861571074	-20.0524763883	-10.6670918136