Tissue	skinsunexposedlowerleg
N_samples	299
Chr	2
Gene	ENSG00000168542.8
SNP	rs56915376
Gene_list	ENSG00000166482.7	ENSG00000163815.5	ENSG00000142156.10	ENSG00000142173.10	ENSG00000108821.9	ENSG00000139329.4	ENSG00000164692.13	ENSG00000106333.8	ENSG00000091986.11	ENSG00000145824.8	ENSG00000107317.7	ENSG00000113140.6	ENSG00000145423.4	ENSG00000168542.8	ENSG00000115414.14
Gene expression stats (Y^T * Y): 
289.277195889	200.944261686	198.67551868	202.203562996	182.202206464	180.874633568	184.585886131	178.796078042	188.313572493	183.113472062	165.059136251	174.723787371	195.560677585	178.918289902	162.984836642
200.944261686	289.277195889	180.780321731	174.513186447	174.856781528	151.066312581	199.359393389	194.547831446	201.677685155	200.650859846	127.312157321	163.555598088	173.766311984	192.346164759	166.493775706
198.67551868	180.780321731	289.277195889	266.446542005	259.193135296	188.810102157	255.81279263	149.151017638	156.389099341	182.956138897	171.177561775	229.548503041	177.133285599	234.548340838	161.486652914
202.203562996	174.513186447	266.446542005	289.277195889	229.990189147	181.235017251	231.281382794	121.035543296	130.364017175	136.702161475	136.111833985	226.543040614	138.615659404	198.331065513	149.492559442
182.202206464	174.856781528	259.193135296	229.990189147	289.277195889	189.312527637	275.516336034	173.269348341	187.550493201	190.377232652	177.589772818	248.220387069	185.488748879	265.904836296	161.349108456
180.874633568	151.066312581	188.810102157	181.235017251	189.312527637	289.277195889	192.429841869	146.906783103	173.059655032	125.565284836	101.02404033	159.965728272	176.118815307	184.778248084	125.03693261
184.585886131	199.359393389	255.81279263	231.281382794	275.516336034	192.429841869	289.277195889	177.394583147	196.394026568	198.722687516	176.012773909	254.787029094	177.459848559	270.991778117	178.040309736
178.796078042	194.547831446	149.151017638	121.035543296	173.269348341	146.906783103	177.394583147	289.277195889	258.191369315	174.293560371	187.477880667	149.651583991	212.065898615	199.530042245	178.577261647
188.313572493	201.677685155	156.389099341	130.364017175	187.550493201	173.059655032	196.394026568	258.191369315	289.277195889	188.915586421	179.841375775	168.933209895	216.570595437	216.042391353	174.589213116
183.113472062	200.650859846	182.956138897	136.702161475	190.377232652	125.565284836	198.722687516	174.293560371	188.915586421	289.277195889	174.020576877	155.506390232	204.18064547	204.082012665	159.209183991
165.059136251	127.312157321	171.177561775	136.111833985	177.589772818	101.02404033	176.012773909	187.477880667	179.841375775	174.020576877	289.277195889	166.530724578	191.546643623	186.112774784	153.306603347
174.723787371	163.555598088	229.548503041	226.543040614	248.220387069	159.965728272	254.787029094	149.651583991	168.933209895	155.506390232	166.530724578	289.277195889	146.008845437	239.134978875	178.3362129
195.560677585	173.766311984	177.133285599	138.615659404	185.488748879	176.118815307	177.459848559	212.065898615	216.570595437	204.18064547	191.546643623	146.008845437	289.277195889	193.317617213	157.410856493
178.918289902	192.346164759	234.548340838	198.331065513	265.904836296	184.778248084	270.991778117	199.530042245	216.042391353	204.082012665	186.112774784	239.134978875	193.317617213	289.277195889	191.096947443
162.984836642	166.493775706	161.486652914	149.492559442	161.349108456	125.03693261	178.040309736	178.577261647	174.589213116	159.209183991	153.306603347	178.3362129	157.410856493	191.096947443	289.277195889
Genotype stats (X^T * X): 	38.009890709
Gene expression - Genotype stats (Y^T * X): 
-5.37474453342	-11.8221742853	-11.4539458618	-10.3909868036	-19.0035975616	-14.6804535144	-16.332891505	-14.175546326	-13.448869171	-2.23999650083	-5.76288390835	-21.1889421166	-11.239643591	-18.5622661886	-9.38851227611