Tissue	skinsunexposedlowerleg
N_samples	299
Chr	17
Gene	ENSG00000141753.5
SNP	rs1668339
Gene_list	ENSG00000185201.12	ENSG00000142089.11	ENSG00000132386.6	ENSG00000159403.11	ENSG00000141753.5	ENSG00000142173.10	ENSG00000087086.9	ENSG00000087245.8	ENSG00000135404.7	ENSG00000034510.4
Gene expression stats (Y^T * Y): 
289.277195889	253.090506146	135.985268796	174.828755527	173.594059059	100.74753597	180.581616123	134.080807686	167.76203905	181.81771833
253.090506146	289.277195889	157.040843313	207.141113594	205.552227028	145.210326481	190.952803209	150.341770521	197.118585212	211.325159522
135.985268796	157.040843313	289.277195889	243.949655183	175.124375433	186.802484949	203.733015187	184.894140298	179.587247462	156.638238419
174.828755527	207.141113594	243.949655183	289.277195889	198.895871216	228.821126291	207.620989561	192.948662513	217.717627229	179.49352312
173.594059059	205.552227028	175.124375433	198.895871216	289.277195889	176.40254126	180.73496044	177.937531953	208.114556994	173.952604136
100.74753597	145.210326481	186.802484949	228.821126291	176.40254126	289.277195889	173.706918634	202.965249449	215.507503496	185.380180675
180.581616123	190.952803209	203.733015187	207.620989561	180.73496044	173.706918634	289.277195889	225.5072648	224.338606281	209.158166222
134.080807686	150.341770521	184.894140298	192.948662513	177.937531953	202.965249449	225.5072648	289.277195889	240.930953929	198.823889611
167.76203905	197.118585212	179.587247462	217.717627229	208.114556994	215.507503496	224.338606281	240.930953929	289.277195889	217.832496857
181.81771833	211.325159522	156.638238419	179.49352312	173.952604136	185.380180675	209.158166222	198.823889611	217.832496857	289.277195889
Genotype stats (X^T * X): 	115.168691692
Gene expression - Genotype stats (Y^T * X): 
14.6684588531	23.307277711	11.492794653	13.0624678876	30.4121832577	16.663992712	12.6895592943	18.8093671692	20.3480771281	18.7282632262