Tissue	skinsunexposedlowerleg
N_samples	299
Chr	19
Gene	ENSG00000125730.12
SNP	rs235774
Gene_list	ENSG00000197766.3	ENSG00000132386.6	ENSG00000125730.12	ENSG00000182326.10	ENSG00000159403.11	ENSG00000101439.4	ENSG00000142173.10	ENSG00000011465.12
Gene expression stats (Y^T * Y): 
289.277195889	189.870660291	188.205785773	171.188014427	204.242390919	223.4243121	213.112934755	221.884455796
189.870660291	289.277195889	219.24238102	220.067107526	243.949655183	194.502281295	186.802484949	211.224503554
188.205785773	219.24238102	289.277195889	207.210851766	227.565876793	177.453197858	179.2410747	175.935695631
171.188014427	220.067107526	207.210851766	289.277195889	246.37099814	169.107038169	203.765970755	218.716052682
204.242390919	243.949655183	227.565876793	246.37099814	289.277195889	203.07983471	228.821126291	229.29421887
223.4243121	194.502281295	177.453197858	169.107038169	203.07983471	289.277195889	219.35993329	185.65633389
213.112934755	186.802484949	179.2410747	203.765970755	228.821126291	219.35993329	289.277195889	224.549203035
221.884455796	211.224503554	175.935695631	218.716052682	229.29421887	185.65633389	224.549203035	289.277195889
Genotype stats (X^T * X): 	130.734560301
Gene expression - Genotype stats (Y^T * X): 
35.5423815718	25.5871855796	41.8801845605	22.4239778419	29.7677605907	20.3703896955	30.4400111796	37.4346416629