Tissue	skinsunexposedlowerleg
N_samples	299
Chr	1
Gene	ENSG00000122406.8
SNP	rs7536227
Gene_list	ENSG00000171863.8	ENSG00000116251.5	ENSG00000161970.8	ENSG00000110700.2	ENSG00000134419.11	ENSG00000137154.8	ENSG00000142676.8	ENSG00000125691.8	ENSG00000188846.9	ENSG00000145592.9	ENSG00000142937.7	ENSG00000133112.12	ENSG00000265681.2	ENSG00000123349.9	ENSG00000143947.8	ENSG00000008988.5	ENSG00000196531.6	ENSG00000147604.9	ENSG00000156508.13	ENSG00000138326.14	ENSG00000122406.8	ENSG00000156482.6	ENSG00000114391.8	ENSG00000071082.6	ENSG00000104408.5	ENSG00000109475.12	ENSG00000089009.11	ENSG00000118181.6	ENSG00000145425.5	ENSG00000181163.9	ENSG00000182899.10	ENSG00000114942.9
Gene expression stats (Y^T * Y): 
289.277195889	200.837831729	226.46168582	219.307258872	221.295815305	259.122419716	244.655965841	220.581924991	178.642085691	234.517825968	257.532017985	200.690402803	239.231629507	189.501409221	244.980025654	228.563411627	149.369653714	193.88108807	174.952751081	237.456489833	237.77936106	211.796777356	233.795122469	250.929432156	186.503545593	234.818299813	212.931148514	210.212817742	247.06439184	127.778134121	247.501093963	245.594067374
200.837831729	289.277195889	178.808130884	139.741805491	139.443563614	201.266478318	178.8173946	210.500291182	153.358022527	228.827639504	210.45440103	190.921976234	206.224826406	110.066438156	226.267910867	161.617002825	184.790510641	174.050406383	132.281588052	202.148533541	203.730162567	162.253379885	174.594711229	210.562180438	190.768057052	194.664357624	146.426859364	161.773973211	178.855627818	155.371070776	190.985931244	201.595917984
226.46168582	178.808130884	289.277195889	188.050550016	214.394988154	239.400105488	217.131232925	247.104425798	162.06099917	189.186896134	242.885198172	250.115136875	265.375070365	218.553412734	236.917136438	218.29871657	194.227628568	200.160020498	156.757368517	258.385069001	253.800588143	170.601085273	214.335852917	233.722716201	199.509218835	254.729660507	241.508288448	258.590423952	249.405150871	148.696715627	236.337057853	227.20522301
219.307258872	139.741805491	188.050550016	289.277195889	233.902499467	214.916850182	221.024872534	180.652559171	195.6581676	173.057796807	210.103967017	165.636369951	181.554329506	186.136213361	208.500301795	225.803481933	145.168157597	209.165992291	163.062661772	184.30676627	193.769590457	238.128473109	222.139715177	199.221446154	181.551455529	189.1524633	200.794381267	204.741751951	212.664116728	96.7061448985	225.188743486	182.214165794
221.295815305	139.443563614	214.394988154	233.902499467	289.277195889	212.405744903	233.006451546	222.451680504	199.616490357	187.174165172	213.886636386	179.073175557	207.69357652	229.360524452	205.837763291	229.837123617	148.981397704	189.304957758	129.443342868	180.946576059	180.370703998	225.70303136	225.538531618	202.395086925	170.971084517	189.078905984	209.739697934	233.561754436	205.322948841	63.9811880909	228.447027863	178.39599855
259.122419716	201.266478318	239.400105488	214.916850182	212.405744903	289.277195889	251.963760031	232.376607721	197.304403418	218.869807842	264.657386873	211.762239031	247.566987314	191.208380068	250.305500576	236.563953558	157.04685734	225.797435614	191.903777095	252.53157645	250.521091	204.659624191	234.283012714	253.845914417	194.451093347	243.443334806	229.21815903	225.133623106	264.427062736	142.655387534	246.179193869	249.187769368
244.655965841	178.8173946	217.131232925	221.024872534	233.006451546	251.963760031	289.277195889	218.518645334	214.52582812	227.436953021	243.60872218	180.200315899	232.091505285	229.309226278	235.383398665	257.753265654	137.933987167	215.158165419	163.362309801	220.149425963	226.991845659	236.813217213	254.78172482	237.221380692	167.153445489	222.969314764	213.755801497	220.91497072	234.479983726	102.064218037	249.797098947	209.669010801
220.581924991	210.500291182	247.104425798	180.652559171	222.451680504	232.376607721	218.518645334	289.277195889	188.515339471	213.199744204	240.947566027	224.251628594	257.140606597	195.269155862	234.7579197	220.067311096	168.828002033	200.818614957	137.114658596	230.795818985	219.228213788	166.446920315	216.014710452	239.247565426	199.517629099	225.670032357	217.278696929	245.381973335	216.958684012	122.13622013	225.367476742	206.641321746
178.642085691	153.358022527	162.06099917	195.6581676	199.616490357	197.304403418	214.52582812	188.515339471	289.277195889	168.718034265	180.438683044	132.576092335	174.729121983	161.336333889	183.456970204	211.870152101	133.136061057	223.413523326	160.051198538	158.966749963	173.922842274	206.054541927	205.970320792	178.201429972	176.202025862	150.171170218	186.670057267	184.102245411	165.589786759	121.876351191	189.349153351	162.719949158
234.517825968	228.827639504	189.186896134	173.057796807	187.174165172	218.869807842	227.436953021	213.199744204	168.718034265	289.277195889	225.373328808	167.596199442	213.989056482	166.07031439	233.560845669	205.123026896	116.835564577	154.687296545	122.431414973	194.342217919	192.63207069	192.650208676	214.162867939	224.32185006	154.951591521	192.303637503	151.730476838	171.027853184	180.315786283	91.3034215822	201.971649455	204.234693637
257.532017985	210.45440103	242.885198172	210.103967017	213.886636386	264.657386873	243.60872218	240.947566027	180.438683044	225.373328808	289.277195889	210.554158343	253.059885679	192.986386559	250.553577999	235.935237985	153.479165624	193.032938494	159.175615152	253.967129558	245.582841785	183.252806502	237.39965871	264.491286758	202.569256364	255.790458624	212.828716923	232.255173931	256.730187331	129.241056699	254.675726988	232.067523078
200.690402803	190.921976234	250.115136875	165.636369951	179.073175557	211.762239031	180.200315899	224.251628594	132.576092335	167.596199442	210.554158343	289.277195889	236.495122003	177.896318231	222.116365114	176.415710985	193.370030933	188.944640937	186.800758071	237.935745215	248.386227721	154.172815889	186.40334817	218.3247961	200.161204687	228.267985846	210.742616831	223.626545488	235.246854686	181.231423766	213.32227371	224.331331943
239.231629507	206.224826406	265.375070365	181.554329506	207.69357652	247.566987314	232.091505285	257.140606597	174.729121983	213.989056482	253.059885679	236.495122003	289.277195889	214.265535161	256.667857846	233.851892106	169.49184767	203.297226008	159.240206535	250.827592035	252.675902849	168.611421242	229.044624803	245.710771099	194.203579064	254.062620502	227.904491133	246.804659451	242.528375771	147.372460617	242.720737451	230.85491216
189.501409221	110.066438156	218.553412734	186.136213361	229.360524452	191.208380068	229.309226278	195.269155862	161.336333889	166.07031439	192.986386559	177.896318231	214.265535161	289.277195889	196.052481191	234.804337484	124.323382867	156.398737523	98.7099906886	183.758704137	187.69285353	180.463745245	227.376494804	184.30254027	130.410579379	205.74760498	199.547563951	235.67974658	197.511690095	60.9250383759	227.441278848	151.963064325
244.980025654	226.267910867	236.917136438	208.500301795	205.837763291	250.305500576	235.383398665	234.7579197	183.456970204	233.560845669	250.553577999	222.116365114	256.667857846	196.052481191	289.277195889	237.637578599	166.522161174	213.526330452	165.311877969	240.620173152	246.110369495	193.339008238	240.668800097	239.021825193	194.312590092	244.063099889	207.202860057	229.317099925	238.872736535	150.871594699	242.594755818	239.30210563
228.563411627	161.617002825	218.29871657	225.803481933	229.837123617	236.563953558	257.753265654	220.067311096	211.870152101	205.123026896	235.935237985	176.415710985	233.851892106	234.804337484	237.637578599	289.277195889	124.615318032	208.627918165	149.677143204	210.99311683	219.431202808	214.184153606	258.2534257	229.973211919	169.833152244	229.329782611	210.227513428	233.985409493	226.680462686	95.5513024451	255.144674884	188.835544095
149.369653714	184.790510641	194.227628568	145.168157597	148.981397704	157.04685734	137.933987167	168.828002033	133.136061057	116.835564577	153.479165624	193.370030933	169.49184767	124.323382867	166.522161174	124.615318032	289.277195889	188.591785077	115.72373338	169.415216966	188.728770237	170.584431437	138.382902227	131.772318466	186.645186262	162.304369691	181.200000444	194.266249175	161.651591944	161.349597757	154.258666674	149.602710214
193.88108807	174.050406383	200.160020498	209.165992291	189.304957758	225.797435614	215.158165419	200.818614957	223.413523326	154.687296545	193.032938494	188.944640937	203.297226008	156.398737523	213.526330452	208.627918165	188.591785077	289.277195889	205.712999902	207.252383476	221.368065776	211.178461256	201.963142746	189.194343139	210.556160539	183.952102329	219.401648445	201.739775477	216.137467859	165.646619406	194.412432239	201.774641207
174.952751081	132.281588052	156.757368517	163.062661772	129.443342868	191.903777095	163.362309801	137.114658596	160.051198538	122.431414973	159.175615152	186.800758071	159.240206535	98.7099906886	165.311877969	149.677143204	115.72373338	205.712999902	289.277195889	174.493939832	207.049542444	163.255726966	156.094806174	180.489046553	194.295110323	145.122773121	189.269721267	125.549374019	199.872760139	188.349135079	156.01957538	197.784114195
237.456489833	202.148533541	258.385069001	184.30676627	180.946576059	252.53157645	220.149425963	230.795818985	158.966749963	194.342217919	253.967129558	237.935745215	250.827592035	183.758704137	240.620173152	210.99311683	169.415216966	207.252383476	174.493939832	289.277195889	264.885589611	164.087307715	212.810426708	253.45089876	196.316068159	265.237932869	218.519224773	226.331741893	266.957948509	176.128006005	243.282351693	248.897539693
237.77936106	203.730162567	253.800588143	193.769590457	180.370703998	250.521091	226.991845659	219.228213788	173.922842274	192.63207069	245.582841785	248.386227721	252.675902849	187.69285353	246.110369495	219.431202808	188.728770237	221.368065776	207.049542444	264.885589611	289.277195889	189.557800901	224.174162737	244.88487219	213.254597411	258.545896499	223.368872773	226.188260331	262.595360445	202.837934359	246.748251179	243.047896681
211.796777356	162.253379885	170.601085273	238.128473109	225.70303136	204.659624191	236.813217213	166.446920315	206.054541927	192.650208676	183.252806502	154.172815889	168.611421242	180.463745245	193.339008238	214.184153606	170.584431437	211.178461256	163.255726966	164.087307715	189.557800901	289.277195889	216.978727866	181.465607603	168.247556675	166.229898011	190.121035044	180.929131106	189.473149063	102.091964615	209.93227946	175.336327716
233.795122469	174.594711229	214.335852917	222.139715177	225.538531618	234.283012714	254.78172482	216.014710452	205.970320792	214.162867939	237.39965871	186.40334817	229.044624803	227.376494804	240.668800097	258.2534257	138.382902227	201.963142746	156.094806174	212.810426708	224.174162737	216.978727866	289.277195889	235.571697088	182.328514467	223.1929608	207.365154807	230.885454803	223.641587949	130.690230986	251.625583992	192.210693573
250.929432156	210.562180438	233.722716201	199.221446154	202.395086925	253.845914417	237.221380692	239.247565426	178.201429972	224.32185006	264.491286758	218.3247961	245.710771099	184.30254027	239.021825193	229.973211919	131.772318466	189.194343139	180.489046553	253.45089876	244.88487219	181.465607603	235.571697088	289.277195889	199.198429718	251.712219979	205.070366165	213.816113717	252.371780758	148.301083288	254.341970129	234.244878957
186.503545593	190.768057052	199.509218835	181.551455529	170.971084517	194.451093347	167.153445489	199.517629099	176.202025862	154.951591521	202.569256364	200.161204687	194.203579064	130.410579379	194.312590092	169.833152244	186.645186262	210.556160539	194.295110323	196.316068159	213.254597411	168.247556675	182.328514467	199.198429718	289.277195889	189.509573822	195.212378935	190.171515351	200.576029185	171.518812493	190.468239392	182.686161303
234.818299813	194.664357624	254.729660507	189.1524633	189.078905984	243.443334806	222.969314764	225.670032357	150.171170218	192.303637503	255.790458624	228.267985846	254.062620502	205.74760498	244.063099889	229.329782611	162.304369691	183.952102329	145.122773121	265.237932869	258.545896499	166.229898011	223.1929608	251.712219979	189.509573822	289.277195889	204.814570068	236.980370351	260.303275305	143.806763849	263.917629684	226.369805847
212.931148514	146.426859364	241.508288448	200.794381267	209.739697934	229.21815903	213.755801497	217.278696929	186.670057267	151.730476838	212.828716923	210.742616831	227.904491133	199.547563951	207.202860057	210.227513428	181.200000444	219.401648445	189.269721267	218.519224773	223.368872773	190.121035044	207.365154807	205.070366165	195.212378935	204.814570068	289.277195889	232.580935332	231.31385134	140.513789484	211.915305794	197.856480168
210.212817742	161.773973211	258.590423952	204.741751951	233.561754436	225.133623106	220.91497072	245.381973335	184.102245411	171.027853184	232.255173931	223.626545488	246.804659451	235.67974658	229.317099925	233.985409493	194.266249175	201.739775477	125.549374019	226.331741893	226.188260331	180.929131106	230.885454803	213.816113717	190.171515351	236.980370351	232.580935332	289.277195889	228.787402178	119.158569215	243.072025783	190.435730898
247.06439184	178.855627818	249.405150871	212.664116728	205.322948841	264.427062736	234.479983726	216.958684012	165.589786759	180.315786283	256.730187331	235.246854686	242.528375771	197.511690095	238.872736535	226.680462686	161.651591944	216.137467859	199.872760139	266.957948509	262.595360445	189.473149063	223.641587949	252.371780758	200.576029185	260.303275305	231.31385134	228.787402178	289.277195889	161.284531673	254.885797456	251.68457517
127.778134121	155.371070776	148.696715627	96.7061448985	63.9811880909	142.655387534	102.064218037	122.13622013	121.876351191	91.3034215822	129.241056699	181.231423766	147.372460617	60.9250383759	150.871594699	95.5513024451	161.349597757	165.646619406	188.349135079	176.128006005	202.837934359	102.091964615	130.690230986	148.301083288	171.518812493	143.806763849	140.513789484	119.158569215	161.284531673	289.277195889	131.235360925	173.372717525
247.501093963	190.985931244	236.337057853	225.188743486	228.447027863	246.179193869	249.797098947	225.367476742	189.349153351	201.971649455	254.675726988	213.32227371	242.720737451	227.441278848	242.594755818	255.144674884	154.258666674	194.412432239	156.01957538	243.282351693	246.748251179	209.93227946	251.625583992	254.341970129	190.468239392	263.917629684	211.915305794	243.072025783	254.885797456	131.235360925	289.277195889	219.010182574
245.594067374	201.595917984	227.20522301	182.214165794	178.39599855	249.187769368	209.669010801	206.641321746	162.719949158	204.234693637	232.067523078	224.331331943	230.85491216	151.963064325	239.30210563	188.835544095	149.602710214	201.774641207	197.784114195	248.897539693	243.047896681	175.336327716	192.210693573	234.244878957	182.686161303	226.369805847	197.856480168	190.435730898	251.68457517	173.372717525	219.010182574	289.277195889
Genotype stats (X^T * X): 	62.957936903
Gene expression - Genotype stats (Y^T * X): 
-19.5997524836	-19.1057915478	-16.950609793	-9.7077202961	-7.23081524535	-18.5001209647	-15.8246820037	-8.99821328943	-5.69259898258	-13.6187070466	-16.9671262191	-17.9851633427	-17.8473428239	-14.7437713967	-20.2937027794	-15.5400623573	-15.7678241719	-13.0285951133	-16.9816179029	-18.0981597501	-22.4144047933	-13.6663425379	-17.1248278221	-15.7032706327	-14.9651850187	-23.895231993	-16.3177903927	-11.6470744916	-19.5611278521	-17.973665368	-20.7520173428	-17.792061812