Tissue	skinsunexposedlowerleg
N_samples	299
Chr	19
Gene	ENSG00000105373.14
SNP	rs17625418
Gene_list	ENSG00000115268.5	ENSG00000140988.11	ENSG00000167658.11	ENSG00000130255.8	ENSG00000105640.8	ENSG00000100316.11	ENSG00000105193.4	ENSG00000105373.14	ENSG00000063177.8	ENSG00000162244.6	ENSG00000170889.9	ENSG00000083845.4	ENSG00000167526.9	ENSG00000161016.11	ENSG00000204628.7
Gene expression stats (Y^T * Y): 
289.277195889	217.172212688	131.664932015	248.617875973	258.147591907	168.663185355	235.046359519	198.571163433	247.893211237	206.409066962	242.114564278	234.519465729	258.68519633	207.253455928	140.602602051
217.172212688	289.277195889	176.205031533	206.954789969	241.960277326	224.580958353	212.141817274	185.987517849	232.8373894	215.194743355	240.15727076	246.545117414	207.602410524	229.743848077	195.394577899
131.664932015	176.205031533	289.277195889	92.0465046342	165.589588744	138.509166269	138.966100932	175.339154471	139.276824389	139.336401049	143.069950345	166.669268002	132.714250628	134.165985331	204.310834992
248.617875973	206.954789969	92.0465046342	289.277195889	223.93204011	181.814521616	228.461317263	178.322384223	215.875079633	184.12261713	216.418916999	197.889278196	229.223400661	201.174977976	104.949589686
258.147591907	241.960277326	165.589588744	223.93204011	289.277195889	180.002497767	231.118939046	199.92358311	257.650886078	222.319241465	245.158207483	261.779394717	247.937739128	218.968904104	187.444530377
168.663185355	224.580958353	138.509166269	181.814521616	180.002497767	289.277195889	178.26846401	190.500988645	195.12152137	199.964668636	194.959859784	199.380748923	171.173041517	203.493444866	173.506082093
235.046359519	212.141817274	138.966100932	228.461317263	231.118939046	178.26846401	289.277195889	179.233778459	217.745012234	189.184450911	223.882264375	210.917203187	219.737218999	212.016540981	153.363147225
198.571163433	185.987517849	175.339154471	178.322384223	199.92358311	190.500988645	179.233778459	289.277195889	209.117295988	190.168745404	187.377664058	202.875998247	202.345003889	189.068803193	182.485656599
247.893211237	232.8373894	139.276824389	215.875079633	257.650886078	195.12152137	217.745012234	209.117295988	289.277195889	227.866697243	230.099799292	259.832999243	238.459897798	224.350222809	185.900821391
206.409066962	215.194743355	139.336401049	184.12261713	222.319241465	199.964668636	189.184450911	190.168745404	227.866697243	289.277195889	196.607547695	227.861014738	202.475197964	227.068823091	215.969741615
242.114564278	240.15727076	143.069950345	216.418916999	245.158207483	194.959859784	223.882264375	187.377664058	230.099799292	196.607547695	289.277195889	239.861158493	227.752373379	213.706971499	157.081940775
234.519465729	246.545117414	166.669268002	197.889278196	261.779394717	199.380748923	210.917203187	202.875998247	259.832999243	227.861014738	239.861158493	289.277195889	226.76627274	227.683472241	211.331105734
258.68519633	207.602410524	132.714250628	229.223400661	247.937739128	171.173041517	219.737218999	202.345003889	238.459897798	202.475197964	227.752373379	226.76627274	289.277195889	196.051175963	145.345161249
207.253455928	229.743848077	134.165985331	201.174977976	218.968904104	203.493444866	212.016540981	189.068803193	224.350222809	227.068823091	213.706971499	227.683472241	196.051175963	289.277195889	201.287532663
140.602602051	195.394577899	204.310834992	104.949589686	187.444530377	173.506082093	153.363147225	182.485656599	185.900821391	215.969741615	157.081940775	211.331105734	145.345161249	201.287532663	289.277195889
Genotype stats (X^T * X): 	79.2642140468
Gene expression - Genotype stats (Y^T * X): 
-11.3003293769	-16.9383798048	-17.1604864297	-11.573854971	-14.921614163	-17.9824962329	-11.3705629491	-28.7929947773	-10.405405466	-9.90287335805	-16.1083266875	-14.0618141314	-9.6134508872	-12.5649132963	-9.23616095652