Tissue	skinsunexposedlowerleg
N_samples	299
Chr	8
Gene	ENSG00000205186.2
SNP	rs62513557
Gene_list	ENSG00000205867.2	ENSG00000196224.7	ENSG00000244355.3	ENSG00000204897.6	ENSG00000171446.6	ENSG00000173908.8	ENSG00000186860.3	ENSG00000108759.3	ENSG00000161850.2	ENSG00000139648.6	ENSG00000170484.5	ENSG00000241233.1	ENSG00000205186.2	ENSG00000185674.5	ENSG00000159450.8	ENSG00000203783.4
Gene expression stats (Y^T * Y): 
289.277195889	284.886843846	207.625682566	123.6941668	156.06305887	212.812645254	244.606596254	209.683263168	234.538320232	137.672538257	199.148468345	286.107789682	182.084841027	234.810171621	192.134173803	173.765749615
284.886843846	289.277195889	200.674821535	126.412936198	155.907151387	222.336568892	241.964649697	215.440573657	242.255293064	139.253337801	213.103746163	282.370825717	189.767786512	247.924665761	197.415677942	169.280988755
207.625682566	200.674821535	289.277195889	210.261093649	243.150733666	211.84183696	267.41277385	241.653415431	223.300479541	226.700759273	177.092915014	199.376850707	181.201937985	180.522400451	227.55461391	264.030332447
123.6941668	126.412936198	210.261093649	289.277195889	275.98469689	199.77989712	198.719115364	196.470187486	169.25669731	283.582879353	174.30882729	112.046441258	196.916869753	137.653829991	235.254997569	253.168634003
156.06305887	155.907151387	243.150733666	275.98469689	289.277195889	214.332318695	229.165451408	222.231760227	193.115500992	284.439758256	186.60815304	145.561682949	201.07407213	156.21626678	250.04294438	272.645900498
212.812645254	222.336568892	211.84183696	199.77989712	214.332318695	289.277195889	216.974223011	258.103583314	267.297854939	209.646525282	263.166862874	206.927497212	247.495254065	249.192206343	264.768675571	206.41022823
244.606596254	241.964649697	267.41277385	198.719115364	229.165451408	216.974223011	289.277195889	242.858715973	237.595909963	213.084370119	199.023747816	236.553852538	201.827891149	217.085192603	228.21921609	246.58871167
209.683263168	215.440573657	241.653415431	196.470187486	222.231760227	258.103583314	242.858715973	289.277195889	276.743482	214.086449905	240.584668018	203.584810483	231.594303827	240.623898926	252.456819329	220.559191878
234.538320232	242.255293064	223.300479541	169.25669731	193.115500992	267.297854939	237.595909963	276.743482	289.277195889	184.492639768	255.728262093	227.567904905	241.174526094	267.854291589	247.290473642	195.767550516
137.672538257	139.253337801	226.700759273	283.582879353	284.439758256	209.646525282	213.084370119	214.086449905	184.492639768	289.277195889	183.964654942	126.1217967	200.831165756	149.301797337	246.206464775	262.504607291
199.148468345	213.103746163	177.092915014	174.30882729	186.60815304	263.166862874	199.023747816	240.584668018	255.728262093	183.964654942	289.277195889	193.497266671	252.455125021	261.331184635	244.791988078	176.0374302
286.107789682	282.370825717	199.376850707	112.046441258	145.561682949	206.927497212	236.553852538	203.584810483	227.567904905	126.1217967	193.497266671	289.277195889	174.682990989	229.609491165	181.931647712	163.639568369
182.084841027	189.767786512	181.201937985	196.916869753	201.07407213	247.495254065	201.827891149	231.594303827	241.174526094	200.831165756	252.455125021	174.682990989	289.277195889	233.812437478	259.228206194	188.222671371
234.810171621	247.924665761	180.522400451	137.653829991	156.21626678	249.192206343	217.085192603	240.623898926	267.854291589	149.301797337	261.331184635	229.609491165	233.812437478	289.277195889	218.117036193	155.368107752
192.134173803	197.415677942	227.55461391	235.254997569	250.04294438	264.768675571	228.21921609	252.456819329	247.290473642	246.206464775	244.791988078	181.931647712	259.228206194	218.117036193	289.277195889	238.367685258
173.765749615	169.280988755	264.030332447	253.168634003	272.645900498	206.41022823	246.58871167	220.559191878	195.767550516	262.504607291	176.0374302	163.639568369	188.222671371	155.368107752	238.367685258	289.277195889
Genotype stats (X^T * X): 	59.8083321271
Gene expression - Genotype stats (Y^T * X): 
-10.2067617353	-12.3148355103	-17.7774194632	-20.9864747662	-19.4711328259	-24.9427402576	-18.5090148022	-25.2178563728	-24.9991226218	-20.8383288545	-31.2275889958	-8.41119515903	-31.1627022625	-24.2410160625	-27.1374381184	-22.0495411066