Tissue	skinsunexposedlowerleg
N_samples	299
Chr	12
Gene	ENSG00000089157.11
SNP	rs9651912
Gene_list	ENSG00000140988.11	ENSG00000105640.8	ENSG00000198755.6	ENSG00000168028.9	ENSG00000100316.11	ENSG00000105372.2	ENSG00000063177.8	ENSG00000162244.6	ENSG00000083845.4	ENSG00000137818.7	ENSG00000149273.10	ENSG00000089157.11	ENSG00000148303.12
Gene expression stats (Y^T * Y): 
289.277195889	241.960277326	186.885999579	202.15277287	224.580958353	216.336265509	232.8373894	215.194743355	246.545117414	191.057817566	235.089831748	208.422763153	209.197474919
241.960277326	289.277195889	158.520161214	171.309479915	180.002497767	235.301978629	257.650886078	222.319241465	261.779394717	225.908124697	228.382857506	186.858510611	176.848442402
186.885999579	158.520161214	289.277195889	199.565635783	222.989433513	151.784879862	183.485198656	216.662688943	178.733096548	136.321649755	210.403572004	180.490741011	245.352920396
202.15277287	171.309479915	199.565635783	289.277195889	191.957491937	164.668018406	178.400980657	169.233499765	202.545536728	119.969214307	211.626485231	199.849063988	206.814418938
224.580958353	180.002497767	222.989433513	191.957491937	289.277195889	180.694016433	195.12152137	199.964668636	199.380748923	162.557370534	221.72883373	202.288761277	230.989660414
216.336265509	235.301978629	151.784879862	164.668018406	180.694016433	289.277195889	223.972613632	181.538953159	215.67894135	222.892263432	205.716514224	189.208309018	177.92314579
232.8373894	257.650886078	183.485198656	178.400980657	195.12152137	223.972613632	289.277195889	227.866697243	259.832999243	221.052355615	231.634698071	196.777306549	198.359723183
215.194743355	222.319241465	216.662688943	169.233499765	199.964668636	181.538953159	227.866697243	289.277195889	227.861014738	189.462697272	212.007840554	188.015080995	230.410204188
246.545117414	261.779394717	178.733096548	202.545536728	199.380748923	215.67894135	259.832999243	227.861014738	289.277195889	199.035491528	231.094813466	205.686688145	197.859619142
191.057817566	225.908124697	136.321649755	119.969214307	162.557370534	222.892263432	221.052355615	189.462697272	199.035491528	289.277195889	202.725622431	184.000151097	157.429644949
235.089831748	228.382857506	210.403572004	211.626485231	221.72883373	205.716514224	231.634698071	212.007840554	231.094813466	202.725622431	289.277195889	215.773050307	233.56281087
208.422763153	186.858510611	180.490741011	199.849063988	202.288761277	189.208309018	196.777306549	188.015080995	205.686688145	184.000151097	215.773050307	289.277195889	206.032201871
209.197474919	176.848442402	245.352920396	206.814418938	230.989660414	177.92314579	198.359723183	230.410204188	197.859619142	157.429644949	233.56281087	206.032201871	289.277195889
Genotype stats (X^T * X): 	82.9096989967
Gene expression - Genotype stats (Y^T * X): 
28.1913223688	20.7820921406	22.3731551773	32.8527171611	15.9450276463	31.4167700463	22.5321035637	10.8401794757	23.1254178234	22.397636711	31.5644412528	36.9590329085	28.6107660943