Tissue	skinsunexposedlowerleg
N_samples	299
Chr	6
Gene	ENSG00000120437.7
SNP	rs6940182
Gene_list	ENSG00000079459.8	ENSG00000133935.6	ENSG00000167508.6	ENSG00000160752.10	ENSG00000120437.7	ENSG00000052802.8
Gene expression stats (Y^T * Y): 
289.277195889	188.835912159	203.957669819	180.006192104	186.813255038	186.596567806
188.835912159	289.277195889	188.964954343	151.785487391	174.941217397	152.384091927
203.957669819	188.964954343	289.277195889	217.43227495	208.316159602	201.103950755
180.006192104	151.785487391	217.43227495	289.277195889	192.807831831	171.41696474
186.813255038	174.941217397	208.316159602	192.807831831	289.277195889	194.000472337
186.596567806	152.384091927	201.103950755	171.41696474	194.000472337	289.277195889
Genotype stats (X^T * X): 	107.420746729
Gene expression - Genotype stats (Y^T * X): 
9.75505452656	3.00419659387	6.1966150542	16.1078947913	32.2164424339	9.50148610265