Tissue	skinsunexposedlowerleg
N_samples	299
Chr	1
Gene	ENSG00000123689.5
SNP	rs12120642
Gene_list	ENSG00000167676.3	ENSG00000187288.6	ENSG00000175445.10	ENSG00000079435.5	ENSG00000167588.8	ENSG00000135447.12	ENSG00000176485.6	ENSG00000166819.7	ENSG00000138207.8	ENSG00000181092.5	ENSG00000123689.5
Gene expression stats (Y^T * Y): 
289.277195889	265.742271335	218.578281534	253.66618381	268.031194144	240.869588313	222.481758842	265.151175135	257.451636811	243.309424215	219.235900004
265.742271335	289.277195889	225.150566686	256.713659512	260.558768541	243.987619027	223.14895394	265.538894361	273.310962339	248.877166287	194.724550508
218.578281534	225.150566686	289.277195889	218.61769274	242.08064889	232.850707017	213.603974266	230.592801589	238.438532406	259.814562654	176.640027619
253.66618381	256.713659512	218.61769274	289.277195889	253.376506381	235.59957834	237.930587062	257.041541126	258.610865459	247.646337535	197.36342013
268.031194144	260.558768541	242.08064889	253.376506381	289.277195889	244.210749081	230.328067893	265.507675533	261.351219406	261.876165113	201.469288822
240.869588313	243.987619027	232.850707017	235.59957834	244.210749081	289.277195889	232.384130864	250.346904792	247.116965144	246.888348718	185.427150589
222.481758842	223.14895394	213.603974266	237.930587062	230.328067893	232.384130864	289.277195889	237.187242589	232.519145076	235.23148178	174.239571824
265.151175135	265.538894361	230.592801589	257.041541126	265.507675533	250.346904792	237.187242589	289.277195889	265.790704455	256.90161366	204.168076985
257.451636811	273.310962339	238.438532406	258.610865459	261.351219406	247.116965144	232.519145076	265.790704455	289.277195889	259.378991375	195.440783
243.309424215	248.877166287	259.814562654	247.646337535	261.876165113	246.888348718	235.23148178	256.90161366	259.378991375	289.277195889	191.206339742
219.235900004	194.724550508	176.640027619	197.36342013	201.469288822	185.427150589	174.239571824	204.168076985	195.440783	191.206339742	289.277195889
Genotype stats (X^T * X): 	74.0198321271
Gene expression - Genotype stats (Y^T * X): 
-21.6498945772	-22.3292606803	-20.3662499514	-22.0135148288	-19.8161847	-13.8707414639	-15.2232906273	-15.757406958	-22.2866052526	-21.496627609	-24.8213525376