Tissue	skinsunexposedlowerleg
N_samples	299
Chr	1
Gene	ENSG00000188984.7
SNP	rs3000895
Gene_list	ENSG00000188984.7	ENSG00000064763.6	ENSG00000214491.4	ENSG00000116882.10	ENSG00000174827.9	ENSG00000057252.8
Gene expression stats (Y^T * Y): 
289.277195889	179.892568581	190.651591238	177.532926615	175.353035041	203.957288651
179.892568581	289.277195889	197.975029372	207.639658784	116.81862871	185.942973785
190.651591238	197.975029372	289.277195889	183.57297202	130.279626369	181.398909522
177.532926615	207.639658784	183.57297202	289.277195889	144.738575661	163.850673823
175.353035041	116.81862871	130.279626369	144.738575661	289.277195889	145.313086901
203.957288651	185.942973785	181.398909522	163.850673823	145.313086901	289.277195889
Genotype stats (X^T * X): 	51.6387959866
Gene expression - Genotype stats (Y^T * X): 
21.0168820403	14.252637647	13.791468389	11.4422319531	9.99472155118	18.3479116863