Tissue	skinsunexposedlowerleg
N_samples	299
Chr	11
Gene	ENSG00000077498.8
SNP	rs78675764
Gene_list	ENSG00000161091.8	ENSG00000120215.5	ENSG00000069424.10	ENSG00000107165.8	ENSG00000125851.5	ENSG00000168481.4	ENSG00000134160.9	ENSG00000092529.18	ENSG00000188467.6	ENSG00000185664.10	ENSG00000077498.8	ENSG00000080166.11	ENSG00000132692.14
Gene expression stats (Y^T * Y): 
289.277195889	179.830747552	138.815029377	143.587168922	137.760878683	195.906044731	144.272272398	160.561138679	81.8805170679	134.277414369	174.146511488	184.023187529	164.351788476
179.830747552	289.277195889	172.226717657	225.434784818	207.952758919	211.642770249	191.508615738	198.352335407	165.60037077	212.987159073	240.995632824	242.983430693	198.757409763
138.815029377	172.226717657	289.277195889	127.86771538	138.568314958	168.74340889	173.319200079	117.060050004	136.345145125	141.08156073	175.570076525	154.587352726	128.620321754
143.587168922	225.434784818	127.86771538	289.277195889	137.138473813	149.880481002	124.530022623	142.812279813	133.982008488	240.129953526	188.504912925	224.638112207	139.166435123
137.760878683	207.952758919	138.568314958	137.138473813	289.277195889	197.456059093	162.397565197	165.236100656	154.705660699	131.997718625	198.736629638	164.554463263	203.990102313
195.906044731	211.642770249	168.74340889	149.880481002	197.456059093	289.277195889	190.604869674	152.263962717	137.1638717	151.075247694	219.560878136	194.569810141	216.97770565
144.272272398	191.508615738	173.319200079	124.530022623	162.397565197	190.604869674	289.277195889	137.957886562	141.664843303	141.713003435	188.212880417	163.989752463	179.996188713
160.561138679	198.352335407	117.060050004	142.812279813	165.236100656	152.263962717	137.957886562	289.277195889	103.058685905	125.786651097	174.518262138	170.692696479	179.475896811
81.8805170679	165.60037077	136.345145125	133.982008488	154.705660699	137.1638717	141.664843303	103.058685905	289.277195889	129.809032844	185.26603304	151.582983857	119.89169071
134.277414369	212.987159073	141.08156073	240.129953526	131.997718625	151.075247694	141.713003435	125.786651097	129.809032844	289.277195889	178.604170805	198.659122561	142.91934117
174.146511488	240.995632824	175.570076525	188.504912925	198.736629638	219.560878136	188.212880417	174.518262138	185.26603304	178.604170805	289.277195889	224.406953388	190.212580731
184.023187529	242.983430693	154.587352726	224.638112207	164.554463263	194.569810141	163.989752463	170.692696479	151.582983857	198.659122561	224.406953388	289.277195889	170.69006285
164.351788476	198.757409763	128.620321754	139.166435123	203.990102313	216.97770565	179.996188713	179.475896811	119.89169071	142.91934117	190.212580731	170.69006285	289.277195889
Genotype stats (X^T * X): 	22.381270903
Gene expression - Genotype stats (Y^T * X): 
-16.20159471	-17.5475245887	-6.48647233874	-9.9825992454	-10.0077635834	-14.3018197085	-13.2332616508	-14.2352634786	-0.937270013024	-12.6589706413	-16.2277137153	-21.0679823908	-14.9629091641