Tissue	skinsunexposedlowerleg
N_samples	299
Chr	1
Gene	ENSG00000198754.5
SNP	rs4660999
Gene_list	ENSG00000205869.2	ENSG00000175065.7	ENSG00000095739.7	ENSG00000204889.6	ENSG00000126337.9	ENSG00000198754.5	ENSG00000181333.11	ENSG00000222001.2
Gene expression stats (Y^T * Y): 
289.277195889	184.121860746	145.427919907	228.264830337	122.393294769	209.206589677	207.678300916	202.370037166
184.121860746	289.277195889	188.792992171	172.328613673	184.079506804	214.406199455	246.137722293	181.990099939
145.427919907	188.792992171	289.277195889	126.994442182	159.3304443	185.31968479	195.805596328	187.335316977
228.264830337	172.328613673	126.994442182	289.277195889	105.761790374	173.714974374	183.808913275	201.349617857
122.393294769	184.079506804	159.3304443	105.761790374	289.277195889	207.590693482	154.198452054	152.512736645
209.206589677	214.406199455	185.31968479	173.714974374	207.590693482	289.277195889	224.231780495	218.722919554
207.678300916	246.137722293	195.805596328	183.808913275	154.198452054	224.231780495	289.277195889	213.714951012
202.370037166	181.990099939	187.335316977	201.349617857	152.512736645	218.722919554	213.714951012	289.277195889
Genotype stats (X^T * X): 	98.7693495184
Gene expression - Genotype stats (Y^T * X): 
9.50793775637	13.5043000492	6.45487725398	8.89285224746	19.3543195611	29.0226414895	7.83109293109	16.1331375135