Tissue	skinsunexposedlowerleg
N_samples	299
Chr	2
Gene	ENSG00000163092.15
SNP	rs12105767
Gene_list	ENSG00000140986.7	ENSG00000129170.4	ENSG00000138100.9	ENSG00000101306.6	ENSG00000157119.11	ENSG00000086967.9	ENSG00000163380.11	ENSG00000197893.9	ENSG00000170807.11	ENSG00000143318.8	ENSG00000163092.15	ENSG00000155657.19
Gene expression stats (Y^T * Y): 
289.277195889	170.382932023	148.69756738	163.313940487	181.826222744	168.642032775	194.656371608	174.172582215	136.272633994	151.016965355	187.383535257	176.982732168
170.382932023	289.277195889	144.09129609	127.329088528	158.011305705	175.972382115	183.300424191	210.899805722	187.856701885	161.598504894	205.898918194	177.24968017
148.69756738	144.09129609	289.277195889	116.535082512	160.621138412	138.79389369	160.592247056	190.397699283	169.811963769	136.03582533	178.583297554	158.765805833
163.313940487	127.329088528	116.535082512	289.277195889	175.076092631	182.158226953	159.972012754	168.61657311	106.582859807	150.395603966	176.635062526	158.39935764
181.826222744	158.011305705	160.621138412	175.076092631	289.277195889	176.55980206	198.215633273	192.092782665	146.366520449	143.155770115	200.051775479	177.589111886
168.642032775	175.972382115	138.79389369	182.158226953	176.55980206	289.277195889	178.371974495	229.072005966	133.160781499	225.984455561	211.301092988	202.847039441
194.656371608	183.300424191	160.592247056	159.972012754	198.215633273	178.371974495	289.277195889	198.348894326	164.413296079	141.949156541	217.219857893	189.780834302
174.172582215	210.899805722	190.397699283	168.61657311	192.092782665	229.072005966	198.348894326	289.277195889	190.740328537	210.85001144	236.497320295	217.157452899
136.272633994	187.856701885	169.811963769	106.582859807	146.366520449	133.160781499	164.413296079	190.740328537	289.277195889	120.875714743	182.023759846	161.361789274
151.016965355	161.598504894	136.03582533	150.395603966	143.155770115	225.984455561	141.949156541	210.85001144	120.875714743	289.277195889	173.987420797	179.177425349
187.383535257	205.898918194	178.583297554	176.635062526	200.051775479	211.301092988	217.219857893	236.497320295	182.023759846	173.987420797	289.277195889	211.037103939
176.982732168	177.24968017	158.765805833	158.39935764	177.589111886	202.847039441	189.780834302	217.157452899	161.361789274	179.177425349	211.037103939	289.277195889
Genotype stats (X^T * X): 	67.5474201271
Gene expression - Genotype stats (Y^T * X): 
-16.2425091026	-24.7829676021	-12.393423052	-11.7034090297	-19.1042993706	-14.4771933579	-20.6168108134	-18.959560787	-15.3158634385	-17.0989706767	-24.1887414139	-19.9376132367