Tissue	skinsunexposedlowerleg
N_samples	299
Chr	12
Gene	ENSG00000197614.6
SNP	rs68141503
Gene_list	ENSG00000197614.6	ENSG00000163520.9	ENSG00000164530.9	ENSG00000166147.9	ENSG00000145730.16	ENSG00000163430.5
Gene expression stats (Y^T * Y): 
289.277195889	191.104113542	174.185945011	185.578956002	173.924102817	219.399765368
191.104113542	289.277195889	191.312278429	196.190187102	193.254363207	198.928245438
174.185945011	191.312278429	289.277195889	180.147988791	195.482399046	198.30184601
185.578956002	196.190187102	180.147988791	289.277195889	166.244935447	227.198565324
173.924102817	193.254363207	195.482399046	166.244935447	289.277195889	186.914515066
219.399765368	198.928245438	198.30184601	227.198565324	186.914515066	289.277195889
Genotype stats (X^T * X): 	45.5511126622
Gene expression - Genotype stats (Y^T * X): 
-19.354996716	-21.8746002722	-20.4908775924	-21.9520977963	-12.919412541	-18.7407999187