Tissue	skinsunexposedlowerleg
N_samples	299
Chr	20
Gene	ENSG00000101474.7
SNP	rs6083672
Gene_list	ENSG00000101474.7	ENSG00000185640.5	ENSG00000149485.12	ENSG00000134824.9	ENSG00000069482.6	ENSG00000151365.2	ENSG00000103740.5	ENSG00000119915.4	ENSG00000162877.8
Gene expression stats (Y^T * Y): 
289.277195889	176.875982992	191.811084225	197.051020205	177.417249448	196.470930038	181.994280562	201.5341977	205.202300782
176.875982992	289.277195889	153.771857703	239.221776905	188.443137913	195.255470768	169.488086883	198.396257556	221.466143281
191.811084225	153.771857703	289.277195889	193.275737215	189.152216692	225.492436721	148.586052485	205.341552293	211.060991445
197.051020205	239.221776905	193.275737215	289.277195889	201.709978441	220.494526305	176.717742351	215.160198732	241.66452476
177.417249448	188.443137913	189.152216692	201.709978441	289.277195889	189.053871034	175.211146098	231.292347181	202.471454139
196.470930038	195.255470768	225.492436721	220.494526305	189.053871034	289.277195889	162.79357765	208.104018338	229.371045187
181.994280562	169.488086883	148.586052485	176.717742351	175.211146098	162.79357765	289.277195889	182.476469501	190.445224495
201.5341977	198.396257556	205.341552293	215.160198732	231.292347181	208.104018338	182.476469501	289.277195889	243.254800829
205.202300782	221.466143281	211.060991445	241.66452476	202.471454139	229.371045187	190.445224495	243.254800829	289.277195889
Genotype stats (X^T * X): 	131.194227358
Gene expression - Genotype stats (Y^T * X): 
-39.4496936932	-27.774883442	-20.1424936438	-21.0166680519	-5.65314366204	-16.1288237029	-20.1575000789	-23.2858667458	-17.8349368753