Tissue	skinsunexposedlowerleg
N_samples	299
Chr	1
Gene	ENSG00000137965.6
SNP	rs1937020
Gene_list	ENSG00000187608.5	ENSG00000132530.12	ENSG00000126709.10	ENSG00000157601.9	ENSG00000137959.11	ENSG00000137965.6
Gene expression stats (Y^T * Y): 
289.277195889	164.372079203	199.425869975	205.056206841	169.140338395	206.533650157
164.372079203	289.277195889	179.385747863	185.733737137	147.32856832	201.891859048
199.425869975	179.385747863	289.277195889	200.918965826	146.130739985	207.547562579
205.056206841	185.733737137	200.918965826	289.277195889	182.361252987	211.368137297
169.140338395	147.32856832	146.130739985	182.361252987	289.277195889	199.572674091
206.533650157	201.891859048	207.547562579	211.368137297	199.572674091	289.277195889
Genotype stats (X^T * X): 	129.518394649
Gene expression - Genotype stats (Y^T * X): 
-21.2190462199	-8.63265694767	-27.4047676079	-13.3399915977	-15.9212757153	-39.1167163305