Tissue	skinsunexposedlowerleg
N_samples	299
Chr	9
Gene	ENSG00000165269.8
SNP	rs11791640
Gene_list	ENSG00000184811.3	ENSG00000167676.3	ENSG00000187288.6	ENSG00000175445.10	ENSG00000165269.8	ENSG00000079435.5	ENSG00000167588.8	ENSG00000135447.12	ENSG00000176485.6	ENSG00000166819.7	ENSG00000138207.8	ENSG00000181092.5
Gene expression stats (Y^T * Y): 
289.277195889	213.683395882	216.172769348	225.906053466	194.867253212	222.977507846	226.288593205	235.279657396	211.1610875	224.523903809	221.804014892	238.183144835
213.683395882	289.277195889	265.742271335	218.578281534	191.857707695	253.66618381	268.031194144	240.869588313	222.481758842	265.151175135	257.451636811	243.309424215
216.172769348	265.742271335	289.277195889	225.150566686	185.663457992	256.713659512	260.558768541	243.987619027	223.14895394	265.538894361	273.310962339	248.877166287
225.906053466	218.578281534	225.150566686	289.277195889	186.987317463	218.61769274	242.08064889	232.850707017	213.603974266	230.592801589	238.438532406	259.814562654
194.867253212	191.857707695	185.663457992	186.987317463	289.277195889	199.487732992	203.075262805	194.907975618	188.308968722	197.758271917	197.463042837	207.07136058
222.977507846	253.66618381	256.713659512	218.61769274	199.487732992	289.277195889	253.376506381	235.59957834	237.930587062	257.041541126	258.610865459	247.646337535
226.288593205	268.031194144	260.558768541	242.08064889	203.075262805	253.376506381	289.277195889	244.210749081	230.328067893	265.507675533	261.351219406	261.876165113
235.279657396	240.869588313	243.987619027	232.850707017	194.907975618	235.59957834	244.210749081	289.277195889	232.384130864	250.346904792	247.116965144	246.888348718
211.1610875	222.481758842	223.14895394	213.603974266	188.308968722	237.930587062	230.328067893	232.384130864	289.277195889	237.187242589	232.519145076	235.23148178
224.523903809	265.151175135	265.538894361	230.592801589	197.758271917	257.041541126	265.507675533	250.346904792	237.187242589	289.277195889	265.790704455	256.90161366
221.804014892	257.451636811	273.310962339	238.438532406	197.463042837	258.610865459	261.351219406	247.116965144	232.519145076	265.790704455	289.277195889	259.378991375
238.183144835	243.309424215	248.877166287	259.814562654	207.07136058	247.646337535	261.876165113	246.888348718	235.23148178	256.90161366	259.378991375	289.277195889
Genotype stats (X^T * X): 	145.151942401
Gene expression - Genotype stats (Y^T * X): 
10.5963982112	16.9289683619	18.2282153513	13.9221603877	71.1390248269	4.87131259786	15.5631051659	6.80409365703	6.32583146527	13.2292907477	15.8637478103	8.82688993716