Tissue	skinsunexposedlowerleg
N_samples	299
Chr	11
Gene	ENSG00000110484.6
SNP	rs2266151
Gene_list	ENSG00000171345.9	ENSG00000161798.6	ENSG00000135480.10	ENSG00000170421.7	ENSG00000111057.6	ENSG00000161634.7	ENSG00000172551.6	ENSG00000124935.3	ENSG00000110484.6	ENSG00000159763.3	ENSG00000143153.8
Gene expression stats (Y^T * Y): 
289.277195889	216.921740111	228.147525248	212.618494187	204.291484711	179.241937603	174.628483944	179.989051704	185.5790375	172.218955781	208.157889501
216.921740111	289.277195889	204.618785418	205.63435899	220.276949421	200.634558561	183.919177498	184.381568709	185.377043159	188.987410756	223.341630139
228.147525248	204.618785418	289.277195889	249.210205716	232.380439101	185.746888143	184.155907926	179.106094776	190.735436864	177.773695863	216.721312431
212.618494187	205.63435899	249.210205716	289.277195889	266.143430054	158.318467531	154.604279971	164.447421256	174.574392475	162.811679594	228.026380371
204.291484711	220.276949421	232.380439101	266.143430054	289.277195889	161.787194796	160.225417403	167.131587057	180.387780954	163.899731787	226.741993424
179.241937603	200.634558561	185.746888143	158.318467531	161.787194796	289.277195889	245.809597056	222.333924501	227.810289155	253.000506588	181.824277133
174.628483944	183.919177498	184.155907926	154.604279971	160.225417403	245.809597056	289.277195889	208.879668171	224.48163062	235.404544953	169.613115507
179.989051704	184.381568709	179.106094776	164.447421256	167.131587057	222.333924501	208.879668171	289.277195889	273.103790415	231.895746531	185.136377344
185.5790375	185.377043159	190.735436864	174.574392475	180.387780954	227.810289155	224.48163062	273.103790415	289.277195889	233.677611405	190.722098082
172.218955781	188.987410756	177.773695863	162.811679594	163.899731787	253.000506588	235.404544953	231.895746531	233.677611405	289.277195889	192.949399972
208.157889501	223.341630139	216.721312431	228.026380371	226.741993424	181.824277133	169.613115507	185.136377344	190.722098082	192.949399972	289.277195889
Genotype stats (X^T * X): 	112.030660836
Gene expression - Genotype stats (Y^T * X): 
-5.31505751532	-9.22515274288	-14.5478056919	-15.490503075	-16.5013184697	-10.5160013555	-12.9245822638	-28.6429619085	-30.4508444981	-8.49844088378	-9.02318567801