Tissue	skinsunexposedlowerleg
N_samples	299
Chr	19
Gene	ENSG00000128016.4
SNP	rs12608604
Gene_list	ENSG00000099860.4	ENSG00000171223.4	ENSG00000160888.6	ENSG00000124762.9	ENSG00000128016.4	ENSG00000087074.7	ENSG00000123358.15	ENSG00000177606.5	ENSG00000170345.5	ENSG00000136997.10	ENSG00000120738.7	ENSG00000120129.5	ENSG00000162772.12
Gene expression stats (Y^T * Y): 
289.277195889	141.148716898	114.497875367	154.037890744	190.804624781	132.121024845	152.136584755	121.271462901	83.491050829	131.799742101	78.8094902467	90.6635914554	93.6896913772
141.148716898	289.277195889	242.928625958	167.038928599	219.927594158	180.726485574	171.722484057	192.035968655	201.177647549	117.674991119	199.03240703	191.346620422	179.89855273
114.497875367	242.928625958	289.277195889	161.806555037	183.120113242	182.382725909	179.326521785	219.06162889	212.846440027	75.4280016277	233.057012521	158.617843552	211.008452007
154.037890744	167.038928599	161.806555037	289.277195889	183.705361572	162.950688395	140.813995419	152.581170843	113.327725582	107.954172895	146.46282745	123.326379092	159.308885562
190.804624781	219.927594158	183.120113242	183.705361572	289.277195889	201.849687156	178.566062308	183.814222953	180.935469267	173.875776287	175.740032066	197.202644862	177.310339082
132.121024845	180.726485574	182.382725909	162.950688395	201.849687156	289.277195889	136.55626961	184.20466973	163.055543415	123.06002321	148.341807652	165.307643169	209.762986165
152.136584755	171.722484057	179.326521785	140.813995419	178.566062308	136.55626961	289.277195889	164.23819847	157.507932846	94.7873494277	162.930911507	159.747246287	181.09789891
121.271462901	192.035968655	219.06162889	152.581170843	183.814222953	184.20466973	164.23819847	289.277195889	204.24001829	123.231466022	186.125798261	199.162483178	219.529049092
83.491050829	201.177647549	212.846440027	113.327725582	180.935469267	163.055543415	157.507932846	204.24001829	289.277195889	95.0597190227	186.13137684	211.310067014	197.865952434
131.799742101	117.674991119	75.4280016277	107.954172895	173.875776287	123.06002321	94.7873494277	123.231466022	95.0597190227	289.277195889	64.3433769392	170.090782691	113.647283806
78.8094902467	199.03240703	233.057012521	146.46282745	175.740032066	148.341807652	162.930911507	186.125798261	186.13137684	64.3433769392	289.277195889	139.147668053	187.142504232
90.6635914554	191.346620422	158.617843552	123.326379092	197.202644862	165.307643169	159.747246287	199.162483178	211.310067014	170.090782691	139.147668053	289.277195889	176.073411051
93.6896913772	179.89855273	211.008452007	159.308885562	177.310339082	209.762986165	181.09789891	219.529049092	197.865952434	113.647283806	187.142504232	176.073411051	289.277195889
Genotype stats (X^T * X): 	40.2166856388
Gene expression - Genotype stats (Y^T * X): 
10.4777558157	13.0585316741	12.9477854533	25.1553218795	17.8081799599	15.0823105728	10.75332916	10.936848826	2.01541307485	15.6694917461	9.03478250821	9.08047733601	13.4481800006