Tissue	skinsunexposedlowerleg
N_samples	299
Chr	4
Gene	ENSG00000163682.11
SNP	rs1458255
Gene_list	ENSG00000161970.8	ENSG00000137154.8	ENSG00000163682.11	ENSG00000142937.7	ENSG00000265681.2	ENSG00000071082.6	ENSG00000109475.12	ENSG00000145425.5	ENSG00000182899.10
Gene expression stats (Y^T * Y): 
289.277195889	239.400105488	174.751033156	242.885198172	265.375070365	233.722716201	254.729660507	249.405150871	236.337057853
239.400105488	289.277195889	175.242310754	264.657386873	247.566987314	253.845914417	243.443334806	264.427062736	246.179193869
174.751033156	175.242310754	289.277195889	181.064912724	180.064775038	181.621495466	180.527864218	180.12973602	186.228543228
242.885198172	264.657386873	181.064912724	289.277195889	253.059885679	264.491286758	255.790458624	256.730187331	254.675726988
265.375070365	247.566987314	180.064775038	253.059885679	289.277195889	245.710771099	254.062620502	242.528375771	242.720737451
233.722716201	253.845914417	181.621495466	264.491286758	245.710771099	289.277195889	251.712219979	252.371780758	254.341970129
254.729660507	243.443334806	180.527864218	255.790458624	254.062620502	251.712219979	289.277195889	260.303275305	263.917629684
249.405150871	264.427062736	180.12973602	256.730187331	242.528375771	252.371780758	260.303275305	289.277195889	254.885797456
236.337057853	246.179193869	186.228543228	254.675726988	242.720737451	254.341970129	263.917629684	254.885797456	289.277195889
Genotype stats (X^T * X): 	135.139577987
Gene expression - Genotype stats (Y^T * X): 
3.03319660756	2.38127281824	-133.871193277	-7.01941319904	-0.392166903006	-10.3699980053	-4.96325403781	6.51352724054	-8.58388021376