Tissue	skinsunexposedlowerleg
N_samples	299
Chr	19
Gene	ENSG00000130522.4
SNP	rs12460909
Gene_list	ENSG00000171223.4	ENSG00000160888.6	ENSG00000130522.4	ENSG00000125740.9	ENSG00000087074.7	ENSG00000177606.5	ENSG00000170345.5	ENSG00000162772.12
Gene expression stats (Y^T * Y): 
289.277195889	242.928625958	199.351631797	147.070859339	180.726485574	192.035968655	201.177647549	179.89855273
242.928625958	289.277195889	209.621199188	200.356920761	182.382725909	219.06162889	212.846440027	211.008452007
199.351631797	209.621199188	289.277195889	191.984489673	174.101250926	206.947231892	187.969013752	213.142471446
147.070859339	200.356920761	191.984489673	289.277195889	161.257143292	162.562333595	205.845258868	214.658044832
180.726485574	182.382725909	174.101250926	161.257143292	289.277195889	184.20466973	163.055543415	209.762986165
192.035968655	219.06162889	206.947231892	162.562333595	184.20466973	289.277195889	204.24001829	219.529049092
201.177647549	212.846440027	187.969013752	205.845258868	163.055543415	204.24001829	289.277195889	197.865952434
179.89855273	211.008452007	213.142471446	214.658044832	209.762986165	219.529049092	197.865952434	289.277195889
Genotype stats (X^T * X): 	143.832784187
Gene expression - Genotype stats (Y^T * X): 
-26.0068988137	-29.7821977704	-38.3940464751	-30.1127161148	-12.0347600561	-25.436796507	-19.1767108115	-28.924047697