Tissue	skinsunexposedlowerleg
N_samples	299
Chr	9
Gene	ENSG00000198467.9
SNP	rs10814266
Gene_list	ENSG00000130176.3	ENSG00000133392.12	ENSG00000101335.5	ENSG00000198467.9	ENSG00000167641.6	ENSG00000140416.15	ENSG00000163017.9	ENSG00000107796.8	ENSG00000149591.12	ENSG00000076706.10	ENSG00000065534.14	ENSG00000159176.9	ENSG00000163431.11	ENSG00000175084.7
Gene expression stats (Y^T * Y): 
289.277195889	255.323203761	183.299402723	225.502128854	217.457970727	172.510832462	256.846131037	167.829032064	144.845481414	191.975312936	221.805068387	212.421587727	182.601489596	226.120126192
255.323203761	289.277195889	219.606434429	238.468904365	193.953498662	184.015499668	236.140286462	197.658613666	176.350859077	187.368530868	211.056266001	218.713367646	189.206424818	220.066315732
183.299402723	219.606434429	289.277195889	217.933049118	139.272706824	162.682079724	184.356040395	249.94265186	261.960589641	137.836551329	130.584606695	218.441745129	131.959657072	186.256299303
225.502128854	238.468904365	217.933049118	289.277195889	192.36566044	185.840913208	236.966641216	212.725814743	204.528384386	188.21295935	190.572976603	220.211058579	180.73725397	235.927080366
217.457970727	193.953498662	139.272706824	192.36566044	289.277195889	138.570410806	189.492531113	127.6275947	125.059308303	195.930268669	175.171697152	135.016469937	189.056667766	188.885704827
172.510832462	184.015499668	162.682079724	185.840913208	138.570410806	289.277195889	174.467435464	156.231204489	149.262199466	136.03857158	140.180978541	172.435543357	103.218884672	164.04595644
256.846131037	236.140286462	184.356040395	236.966641216	189.492531113	174.467435464	289.277195889	187.840135039	149.664917797	162.068737945	211.586211011	218.182386701	150.530805489	236.788491874
167.829032064	197.658613666	249.94265186	212.725814743	127.6275947	156.231204489	187.840135039	289.277195889	251.933437183	144.769232591	127.412947973	239.950794548	123.321287741	155.917083189
144.845481414	176.350859077	261.960589641	204.528384386	125.059308303	149.262199466	149.664917797	251.933437183	289.277195889	135.394886865	91.28602443	201.676851052	109.139411341	154.281439705
191.975312936	187.368530868	137.836551329	188.21295935	195.930268669	136.03857158	162.068737945	144.769232591	135.394886865	289.277195889	179.247229157	155.860486615	200.112146644	136.543793624
221.805068387	211.056266001	130.584606695	190.572976603	175.171697152	140.180978541	211.586211011	127.412947973	91.28602443	179.247229157	289.277195889	169.588503171	188.43789995	166.946301368
212.421587727	218.713367646	218.441745129	220.211058579	135.016469937	172.435543357	218.182386701	239.950794548	201.676851052	155.860486615	169.588503171	289.277195889	145.283032667	172.539403458
182.601489596	189.206424818	131.959657072	180.73725397	189.056667766	103.218884672	150.530805489	123.321287741	109.139411341	200.112146644	188.43789995	145.283032667	289.277195889	142.825187426
226.120126192	220.066315732	186.256299303	235.927080366	188.885704827	164.04595644	236.788491874	155.917083189	154.281439705	136.543793624	166.946301368	172.539403458	142.825187426	289.277195889
Genotype stats (X^T * X): 	134.989966555
Gene expression - Genotype stats (Y^T * X): 
25.5498922948	25.8675219881	25.990383663	35.4905506956	20.5191523621	35.9304641882	28.3601481325	25.8312229047	21.6410676082	28.0482616778	26.6151798744	31.0633438282	10.1162694687	21.4568006126