Tissue	skinsunexposedlowerleg
N_samples	299
Chr	1
Gene	ENSG00000178585.10
SNP	rs3120822
Gene_list	ENSG00000178585.10	ENSG00000189001.6	ENSG00000244617.1	ENSG00000143520.6	ENSG00000159455.7	ENSG00000203786.5	ENSG00000197084.4	ENSG00000186844.4
Gene expression stats (Y^T * Y): 
289.277195889	180.430568659	186.601173407	175.192951167	178.41923123	182.096749971	174.094856854	178.624527384
180.430568659	289.277195889	214.465258371	169.835887563	193.862818684	196.427124625	197.435799085	188.856969257
186.601173407	214.465258371	289.277195889	223.728282317	242.253653761	256.338784146	256.078847946	246.091152523
175.192951167	169.835887563	223.728282317	289.277195889	201.96451893	218.002185678	212.405272497	202.192957063
178.41923123	193.862818684	242.253653761	201.96451893	289.277195889	263.42535033	272.926498932	275.809676842
182.096749971	196.427124625	256.338784146	218.002185678	263.42535033	289.277195889	259.776449932	262.925939801
174.094856854	197.435799085	256.078847946	212.405272497	272.926498932	259.776449932	289.277195889	277.15462463
178.624527384	188.856969257	246.091152523	202.192957063	275.809676842	262.925939801	277.15462463	289.277195889
Genotype stats (X^T * X): 	79.3093785953
Gene expression - Genotype stats (Y^T * X): 
-26.5128221944	12.0737587969	12.2687415854	9.25255009007	5.40496985625	10.457531205	7.56445244039	6.05189738254