Tissue	skinsunexposedlowerleg
N_samples	299
Chr	10
Gene	ENSG00000178372.6
SNP	rs12412562
Gene_list	ENSG00000178372.6	ENSG00000204539.3	ENSG00000204421.2	ENSG00000188508.6	ENSG00000161249.16	ENSG00000189001.6	ENSG00000105427.5	ENSG00000124466.8	ENSG00000244617.1	ENSG00000126233.1	ENSG00000180155.14	ENSG00000169509.5	ENSG00000197084.4	ENSG00000203782.5	ENSG00000175416.8
Gene expression stats (Y^T * Y): 
289.277195889	203.501514713	209.713134705	193.042181631	208.530079323	183.715644055	227.002268615	183.88815957	192.947971614	209.773538767	177.473364606	179.597220342	178.867147261	212.950868095	181.335829859
203.501514713	289.277195889	234.05885528	183.457647598	214.85636712	220.886853883	220.78201869	176.910180311	228.220207339	193.919363687	153.106624144	196.470844016	218.664639978	214.691760404	119.846289153
209.713134705	234.05885528	289.277195889	226.308640988	216.723547636	231.265283556	237.90696038	182.309498646	215.600102479	176.646860144	128.571815074	189.573605964	205.670683621	223.10391956	131.112788897
193.042181631	183.457647598	226.308640988	289.277195889	221.11550822	244.542596298	221.731289771	153.900818239	192.947392106	168.399317376	115.46720759	179.898952439	182.962107491	205.869144997	147.250259958
208.530079323	214.85636712	216.723547636	221.11550822	289.277195889	231.133193892	219.827237683	214.798083953	169.030103962	214.393529046	162.339912394	156.382803484	159.819698317	206.990722514	138.159611004
183.715644055	220.886853883	231.265283556	244.542596298	231.133193892	289.277195889	226.832009355	166.579369755	214.465258371	162.048815973	122.311660851	183.275761703	197.435799085	225.375282792	145.509625423
227.002268615	220.78201869	237.90696038	221.731289771	219.827237683	226.832009355	289.277195889	179.709695352	207.041077143	196.031254822	162.358415801	205.484455935	192.2353794	215.897128018	145.79818248
183.88815957	176.910180311	182.309498646	153.900818239	214.798083953	166.579369755	179.709695352	289.277195889	136.463493883	167.487639016	115.921459121	103.532110453	126.191265539	145.046603344	79.3429329341
192.947971614	228.220207339	215.600102479	192.947392106	169.030103962	214.465258371	207.041077143	136.463493883	289.277195889	149.677931004	85.5276205652	242.258763846	256.078847946	239.288289931	133.816523485
209.773538767	193.919363687	176.646860144	168.399317376	214.393529046	162.048815973	196.031254822	167.487639016	149.677931004	289.277195889	229.79724578	132.661269252	131.09655072	166.588440311	128.984930285
177.473364606	153.106624144	128.571815074	115.46720759	162.339912394	122.311660851	162.358415801	115.921459121	85.5276205652	229.79724578	289.277195889	100.534044499	83.8584500726	122.429664249	130.490062392
179.597220342	196.470844016	189.573605964	179.898952439	156.382803484	183.275761703	205.484455935	103.532110453	242.258763846	132.661269252	100.534044499	289.277195889	250.798828291	236.108665041	142.305441181
178.867147261	218.664639978	205.670683621	182.962107491	159.819698317	197.435799085	192.2353794	126.191265539	256.078847946	131.09655072	83.8584500726	250.798828291	289.277195889	234.117258055	131.970128884
212.950868095	214.691760404	223.10391956	205.869144997	206.990722514	225.375282792	215.897128018	145.046603344	239.288289931	166.588440311	122.429664249	236.108665041	234.117258055	289.277195889	172.165234142
181.335829859	119.846289153	131.112788897	147.250259958	138.159611004	145.509625423	145.79818248	79.3429329341	133.816523485	128.984930285	130.490062392	142.305441181	131.970128884	172.165234142	289.277195889
Genotype stats (X^T * X): 	89.8394648829
Gene expression - Genotype stats (Y^T * X): 
-30.9313195055	-7.59368271081	-3.71491561759	2.10844865109	-0.188771847785	0.910118795738	-6.40789297391	-5.08811569199	1.41343177389	-5.30392694689	-13.6254420636	-1.79938640911	0.528220244585	-1.726209349	1.06282878385