Tissue	skinsunexposedlowerleg
N_samples	299
Chr	7
Gene	ENSG00000174697.4
SNP	rs1421309
Gene_list	ENSG00000184811.3	ENSG00000167676.3	ENSG00000187288.6	ENSG00000175445.10	ENSG00000167588.8	ENSG00000135447.12	ENSG00000166819.7	ENSG00000138207.8	ENSG00000174697.4	ENSG00000181092.5	ENSG00000186205.8
Gene expression stats (Y^T * Y): 
289.277195889	213.683395882	216.172769348	225.906053466	226.288593205	235.279657396	224.523903809	221.804014892	181.717836817	238.183144835	214.97117649
213.683395882	289.277195889	265.742271335	218.578281534	268.031194144	240.869588313	265.151175135	257.451636811	180.757589313	243.309424215	158.589013855
216.172769348	265.742271335	289.277195889	225.150566686	260.558768541	243.987619027	265.538894361	273.310962339	199.297643599	248.877166287	171.386981273
225.906053466	218.578281534	225.150566686	289.277195889	242.08064889	232.850707017	230.592801589	238.438532406	188.208688075	259.814562654	204.102428357
226.288593205	268.031194144	260.558768541	242.08064889	289.277195889	244.210749081	265.507675533	261.351219406	189.218454408	261.876165113	188.964697167
235.279657396	240.869588313	243.987619027	232.850707017	244.210749081	289.277195889	250.346904792	247.116965144	187.152088799	246.888348718	196.887447852
224.523903809	265.151175135	265.538894361	230.592801589	265.507675533	250.346904792	289.277195889	265.790704455	180.840331239	256.90161366	178.73592355
221.804014892	257.451636811	273.310962339	238.438532406	261.351219406	247.116965144	265.790704455	289.277195889	195.002295387	259.378991375	187.503539404
181.717836817	180.757589313	199.297643599	188.208688075	189.218454408	187.152088799	180.840331239	195.002295387	289.277195889	199.714359148	174.281891316
238.183144835	243.309424215	248.877166287	259.814562654	261.876165113	246.888348718	256.90161366	259.378991375	199.714359148	289.277195889	209.156023373
214.97117649	158.589013855	171.386981273	204.102428357	188.964697167	196.887447852	178.73592355	187.503539404	174.281891316	209.156023373	289.277195889
Genotype stats (X^T * X): 	101.217391304
Gene expression - Genotype stats (Y^T * X): 
-25.7794176954	-20.2527748116	-23.0238371405	-23.1546986269	-21.4594005971	-18.8089579393	-23.9695446588	-25.4936981527	-30.5249454721	-22.4988556202	-9.37552724556