Tissue	skinsunexposedlowerleg
N_samples	299
Chr	15
Gene	ENSG00000134160.9
SNP	rs28441327
Gene_list	ENSG00000120215.5	ENSG00000168481.4	ENSG00000134160.9	ENSG00000077498.8	ENSG00000197106.6	ENSG00000132692.14
Gene expression stats (Y^T * Y): 
289.277195889	211.642770249	191.508615738	240.995632824	168.415359501	198.757409763
211.642770249	289.277195889	190.604869674	219.560878136	180.391446628	216.97770565
191.508615738	190.604869674	289.277195889	188.212880417	199.07394679	179.996188713
240.995632824	219.560878136	188.212880417	289.277195889	168.756137633	190.212580731
168.415359501	180.391446628	199.07394679	168.756137633	289.277195889	172.761328847
198.757409763	216.97770565	179.996188713	190.212580731	172.761328847	289.277195889
Genotype stats (X^T * X): 	106.6694681
Gene expression - Genotype stats (Y^T * X): 
-16.5487542492	-15.613977993	-48.0405396912	-12.3042021959	-10.4995618404	-33.9714628213