Tissue	skinsunexposedlowerleg
N_samples	299
Chr	2
Gene	ENSG00000135917.9
SNP	rs34020562
Gene_list	ENSG00000184811.3	ENSG00000185818.7	ENSG00000175445.10	ENSG00000079435.5	ENSG00000167588.8	ENSG00000135447.12	ENSG00000176485.6	ENSG00000166819.7	ENSG00000138207.8	ENSG00000181092.5	ENSG00000186205.8	ENSG00000135917.9
Gene expression stats (Y^T * Y): 
289.277195889	171.21150775	225.906053466	222.977507846	226.288593205	235.279657396	211.1610875	224.523903809	221.804014892	238.183144835	214.97117649	203.237161306
171.21150775	289.277195889	132.173506113	124.498639521	115.474998257	134.993386835	133.890287893	121.958190348	139.731475867	140.14263595	167.311969095	177.908349994
225.906053466	132.173506113	289.277195889	218.61769274	242.08064889	232.850707017	213.603974266	230.592801589	238.438532406	259.814562654	204.102428357	197.04250685
222.977507846	124.498639521	218.61769274	289.277195889	253.376506381	235.59957834	237.930587062	257.041541126	258.610865459	247.646337535	172.454752975	186.313995667
226.288593205	115.474998257	242.08064889	253.376506381	289.277195889	244.210749081	230.328067893	265.507675533	261.351219406	261.876165113	188.964697167	178.436398019
235.279657396	134.993386835	232.850707017	235.59957834	244.210749081	289.277195889	232.384130864	250.346904792	247.116965144	246.888348718	196.887447852	194.670418682
211.1610875	133.890287893	213.603974266	237.930587062	230.328067893	232.384130864	289.277195889	237.187242589	232.519145076	235.23148178	178.291134478	176.907045324
224.523903809	121.958190348	230.592801589	257.041541126	265.507675533	250.346904792	237.187242589	289.277195889	265.790704455	256.90161366	178.73592355	179.93527622
221.804014892	139.731475867	238.438532406	258.610865459	261.351219406	247.116965144	232.519145076	265.790704455	289.277195889	259.378991375	187.503539404	180.873510336
238.183144835	140.14263595	259.814562654	247.646337535	261.876165113	246.888348718	235.23148178	256.90161366	259.378991375	289.277195889	209.156023373	199.834796576
214.97117649	167.311969095	204.102428357	172.454752975	188.964697167	196.887447852	178.291134478	178.73592355	187.503539404	209.156023373	289.277195889	204.534224538
203.237161306	177.908349994	197.04250685	186.313995667	178.436398019	194.670418682	176.907045324	179.93527622	180.873510336	199.834796576	204.534224538	289.277195889
Genotype stats (X^T * X): 	160.32154497
Gene expression - Genotype stats (Y^T * X): 
-12.8830739037	-16.0089048274	-4.02972231964	-18.1748710007	-6.17924189734	-11.6465786362	-11.2735260575	-10.9075879696	-21.9903203102	-7.6618124342	1.6431742688	-36.5678881729