Tissue	skinsunexposedlowerleg
N_samples	299
Chr	20
Gene	ENSG00000100994.7
SNP	rs11698745
Gene_list	ENSG00000074370.13	ENSG00000100994.7	ENSG00000131771.9	ENSG00000161798.6	ENSG00000170421.7	ENSG00000111057.6	ENSG00000176387.6	ENSG00000143153.8
Gene expression stats (Y^T * Y): 
289.277195889	177.058059895	222.501453229	229.641191428	206.293478749	223.517747229	138.955747663	213.744536646
177.058059895	289.277195889	184.645185195	185.012355852	175.725553433	182.983996962	179.592280994	209.939356775
222.501453229	184.645185195	289.277195889	256.144500389	204.384206461	228.611441539	160.415297084	222.108234087
229.641191428	185.012355852	256.144500389	289.277195889	205.63435899	220.276949421	149.430701317	223.341630139
206.293478749	175.725553433	204.384206461	205.63435899	289.277195889	266.143430054	143.791742641	228.026380371
223.517747229	182.983996962	228.611441539	220.276949421	266.143430054	289.277195889	129.742167628	226.741993424
138.955747663	179.592280994	160.415297084	149.430701317	143.791742641	129.742167628	289.277195889	189.168282708
213.744536646	209.939356775	222.108234087	223.341630139	228.026380371	226.741993424	189.168282708	289.277195889
Genotype stats (X^T * X): 	91.8159480334
Gene expression - Genotype stats (Y^T * X): 
-4.34495147058	-60.3131162384	-14.4292357731	-11.3536472813	-14.2745850773	-15.702961683	-14.0614965421	-23.3517552028