Tissue	skinsunexposedlowerleg
N_samples	299
Chr	1
Gene	ENSG00000137959.11
SNP	rs6424778
Gene_list	ENSG00000134326.7	ENSG00000134321.7	ENSG00000157601.9	ENSG00000133106.10	ENSG00000137959.11	ENSG00000137965.6	ENSG00000138642.10	ENSG00000119917.9	ENSG00000185745.8	ENSG00000111331.8	ENSG00000111335.8	ENSG00000173193.9
Gene expression stats (Y^T * Y): 
289.277195889	197.100845683	127.11771955	159.858521187	174.276263516	112.776059243	171.669191035	153.259102403	143.212082622	140.005119908	172.740929077	113.596707359
197.100845683	289.277195889	111.16417559	159.905320702	177.480846602	117.775011377	171.904763522	152.608909165	163.575545782	150.601764841	176.628719668	98.5352685572
127.11771955	111.16417559	289.277195889	90.5922495819	182.361252987	211.368137297	132.797598673	182.954244796	161.892698831	163.94447737	163.7504154	117.060677421
159.858521187	159.905320702	90.5922495819	289.277195889	178.103916055	93.4126823606	165.424397281	154.674984755	124.064164457	149.123206297	184.120493321	131.075058514
174.276263516	177.480846602	182.361252987	178.103916055	289.277195889	199.572674091	187.935768811	206.563135806	199.827373784	182.221818409	206.068693013	173.865006957
112.776059243	117.775011377	211.368137297	93.4126823606	199.572674091	289.277195889	118.211169908	172.028304355	169.200931479	153.565325017	149.529002205	119.073418037
171.669191035	171.904763522	132.797598673	165.424397281	187.935768811	118.211169908	289.277195889	154.802746705	148.556298689	176.09369739	199.700409361	130.622456755
153.259102403	152.608909165	182.954244796	154.674984755	206.563135806	172.028304355	154.802746705	289.277195889	219.134606388	163.593118237	178.015321308	134.383699085
143.212082622	163.575545782	161.892698831	124.064164457	199.827373784	169.200931479	148.556298689	219.134606388	289.277195889	153.780624906	168.886633173	86.6529925888
140.005119908	150.601764841	163.94447737	149.123206297	182.221818409	153.565325017	176.09369739	163.593118237	153.780624906	289.277195889	215.635979184	119.600311646
172.740929077	176.628719668	163.7504154	184.120493321	206.068693013	149.529002205	199.700409361	178.015321308	168.886633173	215.635979184	289.277195889	139.197271274
113.596707359	98.5352685572	117.060677421	131.075058514	173.865006957	119.073418037	130.622456755	134.383699085	86.6529925888	119.600311646	139.197271274	289.277195889
Genotype stats (X^T * X): 	133.533105378
Gene expression - Genotype stats (Y^T * X): 
-19.0723228231	-30.8005100357	-22.5607125228	-24.9373683922	-34.3986618012	-35.6713287627	-30.6072409618	-17.4517601935	-30.9722059261	-23.1991041395	-28.5258747571	-11.1088804059