Tissue	skinsunexposedlowerleg
N_samples	299
Chr	12
Gene	ENSG00000111335.8
SNP	rs12422420
Gene_list	ENSG00000134321.7	ENSG00000133106.10	ENSG00000137959.11	ENSG00000138642.10	ENSG00000119917.9	ENSG00000089127.8	ENSG00000111331.8	ENSG00000111335.8	ENSG00000135114.8
Gene expression stats (Y^T * Y): 
289.277195889	159.905320702	177.480846602	171.904763522	152.608909165	112.958900415	150.601764841	176.628719668	195.609300325
159.905320702	289.277195889	178.103916055	165.424397281	154.674984755	89.9745114374	149.123206297	184.120493321	151.952376644
177.480846602	178.103916055	289.277195889	187.935768811	206.563135806	158.702866641	182.221818409	206.068693013	163.526248151
171.904763522	165.424397281	187.935768811	289.277195889	154.802746705	120.567724625	176.09369739	199.700409361	170.902448043
152.608909165	154.674984755	206.563135806	154.802746705	289.277195889	155.838031611	163.593118237	178.015321308	142.306225261
112.958900415	89.9745114374	158.702866641	120.567724625	155.838031611	289.277195889	184.546203165	179.564084784	105.556956256
150.601764841	149.123206297	182.221818409	176.09369739	163.593118237	184.546203165	289.277195889	215.635979184	153.929293964
176.628719668	184.120493321	206.068693013	199.700409361	178.015321308	179.564084784	215.635979184	289.277195889	189.64467703
195.609300325	151.952376644	163.526248151	170.902448043	142.306225261	105.556956256	153.929293964	189.64467703	289.277195889
Genotype stats (X^T * X): 	72.714995612
Gene expression - Genotype stats (Y^T * X): 
-27.2250066936	-17.5523708334	-26.3330189322	-20.4986246168	-22.9476668286	-14.8727187598	-27.6934822632	-31.2777131375	-29.6089036271