Tissue	skinsunexposedlowerleg
N_samples	299
Chr	6
Gene	ENSG00000096060.10
SNP	rs192850479
Gene_list	ENSG00000116285.8	ENSG00000096060.10	ENSG00000187193.8	ENSG00000168209.4	ENSG00000107372.8	ENSG00000117289.7	ENSG00000135821.12
Gene expression stats (Y^T * Y): 
289.277195889	201.573640085	144.243155167	190.231300615	197.305430852	187.272844452	181.983119186
201.573640085	289.277195889	188.292663897	216.043735842	177.027780599	186.130245228	200.363721361
144.243155167	188.292663897	289.277195889	192.840522748	119.834793028	135.452029675	184.996158541
190.231300615	216.043735842	192.840522748	289.277195889	160.703901796	155.792796473	208.251754279
197.305430852	177.027780599	119.834793028	160.703901796	289.277195889	164.900475654	184.383378568
187.272844452	186.130245228	135.452029675	155.792796473	164.900475654	289.277195889	196.445954283
181.983119186	200.363721361	184.996158541	208.251754279	184.383378568	196.445954283	289.277195889
Genotype stats (X^T * X): 	23.8611485753
Gene expression - Genotype stats (Y^T * X): 
-6.47203355096	-14.8857813835	-13.1910509571	-8.69386936154	-9.19597389141	-8.05260438314	-6.51006578373