Tissue	skinsunexposedlowerleg
N_samples	299
Chr	8
Gene	ENSG00000079459.8
SNP	rs2173117
Gene_list	ENSG00000079459.8	ENSG00000112972.10	ENSG00000133935.6	ENSG00000167508.6	ENSG00000104549.7	ENSG00000160752.10	ENSG00000120437.7	ENSG00000052802.8
Gene expression stats (Y^T * Y): 
289.277195889	187.368787991	188.835912159	203.957669819	184.667798751	180.006192104	186.813255038	186.596567806
187.368787991	289.277195889	139.76062738	187.593920733	164.064604007	143.176117501	154.009543076	207.080558379
188.835912159	139.76062738	289.277195889	188.964954343	169.577011809	151.785487391	174.941217397	152.384091927
203.957669819	187.593920733	188.964954343	289.277195889	168.822609227	217.43227495	208.316159602	201.103950755
184.667798751	164.064604007	169.577011809	168.822609227	289.277195889	140.268689385	131.234222133	167.972444151
180.006192104	143.176117501	151.785487391	217.43227495	140.268689385	289.277195889	192.807831831	171.41696474
186.813255038	154.009543076	174.941217397	208.316159602	131.234222133	192.807831831	289.277195889	194.000472337
186.596567806	207.080558379	152.384091927	201.103950755	167.972444151	171.41696474	194.000472337	289.277195889
Genotype stats (X^T * X): 	141.826086957
Gene expression - Genotype stats (Y^T * X): 
45.0726526826	17.7532665261	20.4319044029	13.635417705	7.60436023086	11.2507891717	19.3283961683	8.33624338158