Tissue	skinsunexposedlowerleg
N_samples	299
Chr	9
Gene	ENSG00000169692.8
SNP	rs12553230
Gene_list	ENSG00000167676.3	ENSG00000187288.6	ENSG00000175445.10	ENSG00000079435.5	ENSG00000167588.8	ENSG00000135447.12	ENSG00000166819.7	ENSG00000138207.8	ENSG00000169692.8	ENSG00000181092.5
Gene expression stats (Y^T * Y): 
289.277195889	265.742271335	218.578281534	253.66618381	268.031194144	240.869588313	265.151175135	257.451636811	197.772428746	243.309424215
265.742271335	289.277195889	225.150566686	256.713659512	260.558768541	243.987619027	265.538894361	273.310962339	209.953148532	248.877166287
218.578281534	225.150566686	289.277195889	218.61769274	242.08064889	232.850707017	230.592801589	238.438532406	175.15137155	259.814562654
253.66618381	256.713659512	218.61769274	289.277195889	253.376506381	235.59957834	257.041541126	258.610865459	197.684554753	247.646337535
268.031194144	260.558768541	242.08064889	253.376506381	289.277195889	244.210749081	265.507675533	261.351219406	198.767369519	261.876165113
240.869588313	243.987619027	232.850707017	235.59957834	244.210749081	289.277195889	250.346904792	247.116965144	183.729311628	246.888348718
265.151175135	265.538894361	230.592801589	257.041541126	265.507675533	250.346904792	289.277195889	265.790704455	197.268976939	256.90161366
257.451636811	273.310962339	238.438532406	258.610865459	261.351219406	247.116965144	265.790704455	289.277195889	209.748811496	259.378991375
197.772428746	209.953148532	175.15137155	197.684554753	198.767369519	183.729311628	197.268976939	209.748811496	289.277195889	195.847094874
243.309424215	248.877166287	259.814562654	247.646337535	261.876165113	246.888348718	256.90161366	259.378991375	195.847094874	289.277195889
Genotype stats (X^T * X): 	42.9698996656
Gene expression - Genotype stats (Y^T * X): 
-5.00507311418	-9.31882808912	-7.65333137915	-11.0658755608	-5.19081141861	-2.28695133697	-8.80557754448	-8.53610718209	-31.3081883843	-3.01235904678