Tissue	skinsunexposedlowerleg
N_samples	299
Chr	6
Gene	ENSG00000164626.8
SNP	rs1651118
Gene_list	ENSG00000131771.9	ENSG00000164626.8	ENSG00000104332.7	ENSG00000104783.7	ENSG00000161798.6	ENSG00000116039.7	ENSG00000064651.9
Gene expression stats (Y^T * Y): 
289.277195889	193.047821961	231.644454279	228.416718403	256.144500389	202.940209886	223.992173531
193.047821961	289.277195889	176.938600274	197.29723536	184.90198303	188.959965452	193.115041752
231.644454279	176.938600274	289.277195889	195.059666201	215.010725743	186.959040081	217.282561799
228.416718403	197.29723536	195.059666201	289.277195889	209.755610277	183.79165306	210.367730092
256.144500389	184.90198303	215.010725743	209.755610277	289.277195889	196.514343235	214.991160502
202.940209886	188.959965452	186.959040081	183.79165306	196.514343235	289.277195889	158.371650426
223.992173531	193.115041752	217.282561799	210.367730092	214.991160502	158.371650426	289.277195889
Genotype stats (X^T * X): 	143.25875388
Gene expression - Genotype stats (Y^T * X): 
-26.9168181122	-34.3884463993	-13.2922320101	-10.7413405543	-17.6449297664	-18.0829570057	-17.014862092