Tissue	skinsunexposedlowerleg
N_samples	299
Chr	17
Gene	ENSG00000204889.6
SNP	rs57521071
Gene_list	ENSG00000205869.2	ENSG00000205867.2	ENSG00000196224.7	ENSG00000241598.4	ENSG00000185940.9	ENSG00000142619.4	ENSG00000196859.3	ENSG00000204889.6	ENSG00000198754.5	ENSG00000244411.2	ENSG00000241233.1	ENSG00000204572.5	ENSG00000181333.11	ENSG00000185674.5	ENSG00000222001.2
Gene expression stats (Y^T * Y): 
289.277195889	158.428947707	158.477788758	221.60495211	186.171117428	134.149932569	162.155218274	228.264830337	209.206589677	173.862724049	169.281655046	231.828286455	207.678300916	129.015299732	202.370037166
158.428947707	289.277195889	284.886843846	259.612157471	281.043827452	78.908112248	258.033063792	175.350494624	111.906246025	285.306784543	286.107789682	254.096551219	124.416583884	234.810171621	207.15837525
158.477788758	284.886843846	289.277195889	256.093875751	278.030782808	90.9532384632	262.675063622	185.644329974	113.049050685	280.702318668	282.370825717	252.054670352	129.499630236	247.924665761	210.538870948
221.60495211	259.612157471	256.093875751	289.277195889	275.36140179	91.6531921705	248.871073708	207.446184403	159.557756714	270.585759741	266.459031241	285.911882101	166.685387871	210.485545019	230.379625132
186.171117428	281.043827452	278.030782808	275.36140179	289.277195889	88.9984057546	259.845011672	189.062184326	128.693511188	285.478821032	283.39145244	270.485851153	143.019161882	231.334241761	220.481779078
134.149932569	78.908112248	90.9532384632	91.6531921705	88.9984057546	289.277195889	104.521701268	179.941936125	171.86016035	75.2836601511	80.5278547872	101.54514417	161.491801068	142.100783115	157.532888934
162.155218274	258.033063792	262.675063622	248.871073708	259.845011672	104.521701268	289.277195889	182.891679497	149.19700288	257.289846726	254.736411552	245.890364352	168.747709199	240.232748061	244.265373669
228.264830337	175.350494624	185.644329974	207.446184403	189.062184326	179.941936125	182.891679497	289.277195889	173.714974374	179.051893471	181.423836791	216.136935813	183.808913275	189.080936645	201.349617857
209.206589677	111.906246025	113.049050685	159.557756714	128.693511188	171.86016035	149.19700288	173.714974374	289.277195889	118.956404699	117.61757606	164.50353875	224.231780495	107.57320858	218.722919554
173.862724049	285.306784543	280.702318668	270.585759741	285.478821032	75.2836601511	257.289846726	179.051893471	118.956404699	289.277195889	287.006169662	265.230638787	132.602434286	225.820191721	212.571814763
169.281655046	286.107789682	282.370825717	266.459031241	283.39145244	80.5278547872	254.736411552	181.423836791	117.61757606	287.006169662	289.277195889	261.444358591	129.371906898	229.609491165	207.841750847
231.828286455	254.096551219	252.054670352	285.911882101	270.485851153	101.54514417	245.890364352	216.136935813	164.50353875	265.230638787	261.444358591	289.277195889	173.710922427	209.940653191	232.812702352
207.678300916	124.416583884	129.499630236	166.685387871	143.019161882	161.491801068	168.747709199	183.808913275	224.231780495	132.602434286	129.371906898	173.710922427	289.277195889	126.044966143	213.714951012
129.015299732	234.810171621	247.924665761	210.485545019	231.334241761	142.100783115	240.232748061	189.080936645	107.57320858	225.820191721	229.609491165	209.940653191	126.044966143	289.277195889	212.118147411
202.370037166	207.15837525	210.538870948	230.379625132	220.481779078	157.532888934	244.265373669	201.349617857	218.722919554	212.571814763	207.841750847	232.812702352	213.714951012	212.118147411	289.277195889
Genotype stats (X^T * X): 	55.5611042943
Gene expression - Genotype stats (Y^T * X): 
-21.9109232656	-3.51685602214	-2.05255515005	-13.7444455311	-10.1872935134	-23.9596476984	-4.12708113706	-22.2047601183	-15.7053984452	-7.79764301116	-6.43139681682	-13.3316631181	-11.6823623067	-4.85510519537	-14.8893356711