Tissue	skinsunexposedlowerleg
N_samples	299
Chr	8
Gene	ENSG00000104332.7
SNP	rs7838918
Gene_list	ENSG00000074370.13	ENSG00000141750.6	ENSG00000131771.9	ENSG00000164626.8	ENSG00000171345.9	ENSG00000104332.7	ENSG00000104783.7	ENSG00000161798.6	ENSG00000170421.7	ENSG00000111057.6	ENSG00000116039.7	ENSG00000064651.9	ENSG00000143153.8
Gene expression stats (Y^T * Y): 
289.277195889	173.157419179	222.501453229	171.444697123	160.125302192	183.340429759	189.507222401	229.641191428	206.293478749	223.517747229	199.578752743	194.925931566	213.744536646
173.157419179	289.277195889	225.880239823	160.73094319	200.073255236	192.828567527	176.992507929	200.774474617	179.145378022	191.492824529	159.619913866	169.031309976	177.910483978
222.501453229	225.880239823	289.277195889	193.047821961	221.266224473	231.644454279	228.416718403	256.144500389	204.384206461	228.611441539	202.940209886	223.992173531	222.108234087
171.444697123	160.73094319	193.047821961	289.277195889	144.001948433	176.938600274	197.29723536	184.90198303	113.440146012	129.107248696	188.959965452	193.115041752	163.448008434
160.125302192	200.073255236	221.266224473	144.001948433	289.277195889	192.99798168	170.198721228	216.921740111	212.618494187	204.291484711	172.777610016	153.872398715	208.157889501
183.340429759	192.828567527	231.644454279	176.938600274	192.99798168	289.277195889	195.059666201	215.010725743	190.897987512	204.174422071	186.959040081	217.282561799	222.594874221
189.507222401	176.992507929	228.416718403	197.29723536	170.198721228	195.059666201	289.277195889	209.755610277	166.139630657	186.251565808	183.79165306	210.367730092	175.321723947
229.641191428	200.774474617	256.144500389	184.90198303	216.921740111	215.010725743	209.755610277	289.277195889	205.63435899	220.276949421	196.514343235	214.991160502	223.341630139
206.293478749	179.145378022	204.384206461	113.440146012	212.618494187	190.897987512	166.139630657	205.63435899	289.277195889	266.143430054	175.059246161	160.746257486	228.026380371
223.517747229	191.492824529	228.611441539	129.107248696	204.291484711	204.174422071	186.251565808	220.276949421	266.143430054	289.277195889	171.501480198	189.448651129	226.741993424
199.578752743	159.619913866	202.940209886	188.959965452	172.777610016	186.959040081	183.79165306	196.514343235	175.059246161	171.501480198	289.277195889	158.371650426	209.232491595
194.925931566	169.031309976	223.992173531	193.115041752	153.872398715	217.282561799	210.367730092	214.991160502	160.746257486	189.448651129	158.371650426	289.277195889	190.648846989
213.744536646	177.910483978	222.108234087	163.448008434	208.157889501	222.594874221	175.321723947	223.341630139	228.026380371	226.741993424	209.232491595	190.648846989	289.277195889
Genotype stats (X^T * X): 	153.383909612
Gene expression - Genotype stats (Y^T * X): 
26.8143608223	19.025535963	17.4737049707	24.4994106893	23.1451878788	39.8697051506	21.3622577983	12.6839525626	28.7198237767	23.4833296221	27.2522393754	25.4915736053	24.1395010615