Tissue	skinsunexposedlowerleg
N_samples	299
Chr	19
Gene	ENSG00000124466.8
SNP	rs2259013
Gene_list	ENSG00000178372.6	ENSG00000204539.3	ENSG00000204421.2	ENSG00000161249.16	ENSG00000173801.12	ENSG00000105427.5	ENSG00000124466.8	ENSG00000167768.4	ENSG00000137699.12	ENSG00000112378.11
Gene expression stats (Y^T * Y): 
289.277195889	203.501514713	209.713134705	208.530079323	160.665727695	227.002268615	183.88815957	74.7907112251	127.805062602	114.14162308
203.501514713	289.277195889	234.05885528	214.85636712	189.610778926	220.78201869	176.910180311	112.080859708	168.094944961	157.14984297
209.713134705	234.05885528	289.277195889	216.723547636	181.435269092	237.90696038	182.309498646	109.864823427	164.074692166	136.410791723
208.530079323	214.85636712	216.723547636	289.277195889	235.224048263	219.827237683	214.798083953	173.273586377	216.981908371	180.876639881
160.665727695	189.610778926	181.435269092	235.224048263	289.277195889	169.822699087	228.206380233	221.81444659	214.100527566	209.830544196
227.002268615	220.78201869	237.90696038	219.827237683	169.822699087	289.277195889	179.709695352	105.030501422	146.662888626	120.821630859
183.88815957	176.910180311	182.309498646	214.798083953	228.206380233	179.709695352	289.277195889	173.711277513	189.218552118	189.24461699
74.7907112251	112.080859708	109.864823427	173.273586377	221.81444659	105.030501422	173.711277513	289.277195889	142.156551333	203.029562737
127.805062602	168.094944961	164.074692166	216.981908371	214.100527566	146.662888626	189.218552118	142.156551333	289.277195889	170.309779361
114.14162308	157.14984297	136.410791723	180.876639881	209.830544196	120.821630859	189.24461699	203.029562737	170.309779361	289.277195889
Genotype stats (X^T * X): 	152.073578595
Gene expression - Genotype stats (Y^T * X): 
24.8454971161	7.5548845307	6.12221621559	-2.39898543647	1.79308859803	3.31682904326	42.9522372964	-11.9821859117	-7.68744035129	-13.4416714056