Tissue	skinsunexposedlowerleg
N_samples	299
Chr	12
Gene	ENSG00000076555.11
SNP	rs2878960
Gene_list	ENSG00000187288.6	ENSG00000157150.4	ENSG00000175445.10	ENSG00000079435.5	ENSG00000167588.8	ENSG00000135447.12	ENSG00000166819.7	ENSG00000138207.8	ENSG00000076555.11	ENSG00000181092.5
Gene expression stats (Y^T * Y): 
289.277195889	200.688639628	225.150566686	256.713659512	260.558768541	243.987619027	265.538894361	273.310962339	177.410051321	248.877166287
200.688639628	289.277195889	191.240590647	201.636990728	187.135194674	199.648227025	184.126382962	199.96282267	183.000984703	196.716398285
225.150566686	191.240590647	289.277195889	218.61769274	242.08064889	232.850707017	230.592801589	238.438532406	175.896508363	259.814562654
256.713659512	201.636990728	218.61769274	289.277195889	253.376506381	235.59957834	257.041541126	258.610865459	182.134347072	247.646337535
260.558768541	187.135194674	242.08064889	253.376506381	289.277195889	244.210749081	265.507675533	261.351219406	188.742978207	261.876165113
243.987619027	199.648227025	232.850707017	235.59957834	244.210749081	289.277195889	250.346904792	247.116965144	175.714573849	246.888348718
265.538894361	184.126382962	230.592801589	257.041541126	265.507675533	250.346904792	289.277195889	265.790704455	177.651984347	256.90161366
273.310962339	199.96282267	238.438532406	258.610865459	261.351219406	247.116965144	265.790704455	289.277195889	175.747556113	259.378991375
177.410051321	183.000984703	175.896508363	182.134347072	188.742978207	175.714573849	177.651984347	175.747556113	289.277195889	189.838132049
248.877166287	196.716398285	259.814562654	247.646337535	261.876165113	246.888348718	256.90161366	259.378991375	189.838132049	289.277195889
Genotype stats (X^T * X): 	157.177257525
Gene expression - Genotype stats (Y^T * X): 
-30.0814100943	-30.7052063177	-37.4778302227	-36.0862158363	-40.8020406232	-31.1033435734	-33.2179693947	-38.3417739434	-44.0217009329	-46.7055849779