Tissue	skinsunexposedlowerleg
N_samples	299
Chr	11
Gene	ENSG00000124935.3
SNP	rs11601657
Gene_list	ENSG00000171345.9	ENSG00000161798.6	ENSG00000135480.10	ENSG00000161634.7	ENSG00000172551.6	ENSG00000124935.3	ENSG00000110484.6	ENSG00000159763.3	ENSG00000143153.8
Gene expression stats (Y^T * Y): 
289.277195889	216.921740111	228.147525248	179.241937603	174.628483944	179.989051704	185.5790375	172.218955781	208.157889501
216.921740111	289.277195889	204.618785418	200.634558561	183.919177498	184.381568709	185.377043159	188.987410756	223.341630139
228.147525248	204.618785418	289.277195889	185.746888143	184.155907926	179.106094776	190.735436864	177.773695863	216.721312431
179.241937603	200.634558561	185.746888143	289.277195889	245.809597056	222.333924501	227.810289155	253.000506588	181.824277133
174.628483944	183.919177498	184.155907926	245.809597056	289.277195889	208.879668171	224.48163062	235.404544953	169.613115507
179.989051704	184.381568709	179.106094776	222.333924501	208.879668171	289.277195889	273.103790415	231.895746531	185.136377344
185.5790375	185.377043159	190.735436864	227.810289155	224.48163062	273.103790415	289.277195889	233.677611405	190.722098082
172.218955781	188.987410756	177.773695863	253.000506588	235.404544953	231.895746531	233.677611405	289.277195889	192.949399972
208.157889501	223.341630139	216.721312431	181.824277133	169.613115507	185.136377344	190.722098082	192.949399972	289.277195889
Genotype stats (X^T * X): 	120.938779826
Gene expression - Genotype stats (Y^T * X): 
4.69062322634	5.06810763544	15.9875598975	19.7687455703	22.0590994184	-34.4875253171	-21.1261886161	12.0943825349	2.61270792471