Tissue	skinsunexposedlowerleg
N_samples	299
Chr	2
Gene	ENSG00000155657.19
SNP	rs80063618
Gene_list	ENSG00000140986.7	ENSG00000129170.4	ENSG00000157119.11	ENSG00000086967.9	ENSG00000163380.11	ENSG00000197893.9	ENSG00000143318.8	ENSG00000163092.15	ENSG00000155657.19
Gene expression stats (Y^T * Y): 
289.277195889	170.382932023	181.826222744	168.642032775	194.656371608	174.172582215	151.016965355	187.383535257	176.982732168
170.382932023	289.277195889	158.011305705	175.972382115	183.300424191	210.899805722	161.598504894	205.898918194	177.24968017
181.826222744	158.011305705	289.277195889	176.55980206	198.215633273	192.092782665	143.155770115	200.051775479	177.589111886
168.642032775	175.972382115	176.55980206	289.277195889	178.371974495	229.072005966	225.984455561	211.301092988	202.847039441
194.656371608	183.300424191	198.215633273	178.371974495	289.277195889	198.348894326	141.949156541	217.219857893	189.780834302
174.172582215	210.899805722	192.092782665	229.072005966	198.348894326	289.277195889	210.85001144	236.497320295	217.157452899
151.016965355	161.598504894	143.155770115	225.984455561	141.949156541	210.85001144	289.277195889	173.987420797	179.177425349
187.383535257	205.898918194	200.051775479	211.301092988	217.219857893	236.497320295	173.987420797	289.277195889	211.037103939
176.982732168	177.24968017	177.589111886	202.847039441	189.780834302	217.157452899	179.177425349	211.037103939	289.277195889
Genotype stats (X^T * X): 	37.525083612
Gene expression - Genotype stats (Y^T * X): 
-21.7789337459	-10.4481867058	-19.5836303721	-11.6440901204	-11.1456925617	-13.0302925536	-11.7698487659	-12.1672044831	-17.2884827197