Tissue	skinsunexposedlowerleg
N_samples	299
Chr	11
Gene	ENSG00000142089.11
SNP	rs7116383
Gene_list	ENSG00000185201.12	ENSG00000142089.11	ENSG00000159403.11	ENSG00000141753.5	ENSG00000087086.9	ENSG00000135404.7	ENSG00000149131.11	ENSG00000167996.11	ENSG00000034510.4	ENSG00000166741.3	ENSG00000112378.11	ENSG00000197956.5
Gene expression stats (Y^T * Y): 
289.277195889	253.090506146	174.828755527	173.594059059	180.581616123	167.76203905	196.546521433	208.450209729	181.81771833	211.370384113	-183.620212938	158.382069564
253.090506146	289.277195889	207.141113594	205.552227028	190.952803209	197.118585212	201.62241512	215.587237177	211.325159522	202.403233289	-192.327718724	186.7954089
174.828755527	207.141113594	289.277195889	198.895871216	207.620989561	217.717627229	238.069140421	189.998050206	179.49352312	202.441528245	-156.502964152	184.673408614
173.594059059	205.552227028	198.895871216	289.277195889	180.73496044	208.114556994	156.761802097	164.109840031	173.952604136	162.904162732	-146.158431994	158.341057695
180.581616123	190.952803209	207.620989561	180.73496044	289.277195889	224.338606281	223.679138689	233.942502075	209.158166222	179.633856627	-181.67510222	208.992921041
167.76203905	197.118585212	217.717627229	208.114556994	224.338606281	289.277195889	199.739925189	206.149476412	217.832496857	163.988817097	-153.482369943	237.252536494
196.546521433	201.62241512	238.069140421	156.761802097	223.679138689	199.739925189	289.277195889	230.183147933	181.155124206	202.204368267	-149.428026015	195.180302666
208.450209729	215.587237177	189.998050206	164.109840031	233.942502075	206.149476412	230.183147933	289.277195889	220.159647066	205.107802296	-183.208657424	202.443358999
181.81771833	211.325159522	179.49352312	173.952604136	209.158166222	217.832496857	181.155124206	220.159647066	289.277195889	136.697907179	-194.500018788	246.085548908
211.370384113	202.403233289	202.441528245	162.904162732	179.633856627	163.988817097	202.204368267	205.107802296	136.697907179	289.277195889	-155.433779223	124.723392312
-183.620212938	-192.327718724	-156.502964152	-146.158431994	-181.67510222	-153.482369943	-149.428026015	-183.208657424	-194.500018788	-155.433779223	289.277195889	-170.900546157
158.382069564	186.7954089	184.673408614	158.341057695	208.992921041	237.252536494	195.180302666	202.443358999	246.085548908	124.723392312	-170.900546157	289.277195889
Genotype stats (X^T * X): 	49.2755838796
Gene expression - Genotype stats (Y^T * X): 
22.430042936	19.8842110217	10.682127	15.5550639242	17.4778377397	19.0161163426	17.4698351788	22.0468109708	19.6578158325	14.760014118	-8.09813627373	18.2638477814