Tissue	skinsunexposedlowerleg
N_samples	299
Chr	16
Gene	ENSG00000140986.7
SNP	rs8046471
Gene_list	ENSG00000140986.7	ENSG00000157119.11	ENSG00000163380.11	ENSG00000197893.9	ENSG00000163092.15	ENSG00000155657.19
Gene expression stats (Y^T * Y): 
289.277195889	181.826222744	194.656371608	174.172582215	187.383535257	176.982732168
181.826222744	289.277195889	198.215633273	192.092782665	200.051775479	177.589111886
194.656371608	198.215633273	289.277195889	198.348894326	217.219857893	189.780834302
174.172582215	192.092782665	198.348894326	289.277195889	236.497320295	217.157452899
187.383535257	200.051775479	217.219857893	236.497320295	289.277195889	211.037103939
176.982732168	177.589111886	189.780834302	217.157452899	211.037103939	289.277195889
Genotype stats (X^T * X): 	129.96978796
Gene expression - Genotype stats (Y^T * X): 
-35.7874264091	-29.6482115641	-16.6329184574	-25.2015001373	-18.7208774231	-22.0131829174