Tissue	skinsunexposedlowerleg
N_samples	299
Chr	17
Gene	ENSG00000108821.9
SNP	rs55649994
Gene_list	ENSG00000166482.7	ENSG00000100097.7	ENSG00000163815.5	ENSG00000142156.10	ENSG00000142173.10	ENSG00000108821.9	ENSG00000139329.4	ENSG00000011465.12	ENSG00000164692.13	ENSG00000091986.11	ENSG00000145824.8	ENSG00000107317.7	ENSG00000113140.6	ENSG00000145423.4	ENSG00000168542.8
Gene expression stats (Y^T * Y): 
289.277195889	133.670734659	200.944261686	198.67551868	202.203562996	182.202206464	180.874633568	203.138633296	184.585886131	188.313572493	183.113472062	165.059136251	174.723787371	195.560677585	178.918289902
133.670734659	289.277195889	149.994926807	226.17917938	225.475357042	193.511942303	156.138746199	149.678497066	199.316476677	79.5668175992	118.047239546	93.1191333915	175.557558644	93.7059950177	160.747237466
200.944261686	149.994926807	289.277195889	180.780321731	174.513186447	174.856781528	151.066312581	155.047377271	199.359393389	201.677685155	200.650859846	127.312157321	163.555598088	173.766311984	192.346164759
198.67551868	226.17917938	180.780321731	289.277195889	266.446542005	259.193135296	188.810102157	187.920119516	255.81279263	156.389099341	182.956138897	171.177561775	229.548503041	177.133285599	234.548340838
202.203562996	225.475357042	174.513186447	266.446542005	289.277195889	229.990189147	181.235017251	224.549203035	231.281382794	130.364017175	136.702161475	136.111833985	226.543040614	138.615659404	198.331065513
182.202206464	193.511942303	174.856781528	259.193135296	229.990189147	289.277195889	189.312527637	174.015509013	275.516336034	187.550493201	190.377232652	177.589772818	248.220387069	185.488748879	265.904836296
180.874633568	156.138746199	151.066312581	188.810102157	181.235017251	189.312527637	289.277195889	153.421550818	192.429841869	173.059655032	125.565284836	101.02404033	159.965728272	176.118815307	184.778248084
203.138633296	149.678497066	155.047377271	187.920119516	224.549203035	174.015509013	153.421550818	289.277195889	183.440650348	115.601996541	109.380914831	110.49337513	198.923271239	113.585304694	154.559037401
184.585886131	199.316476677	199.359393389	255.81279263	231.281382794	275.516336034	192.429841869	183.440650348	289.277195889	196.394026568	198.722687516	176.012773909	254.787029094	177.459848559	270.991778117
188.313572493	79.5668175992	201.677685155	156.389099341	130.364017175	187.550493201	173.059655032	115.601996541	196.394026568	289.277195889	188.915586421	179.841375775	168.933209895	216.570595437	216.042391353
183.113472062	118.047239546	200.650859846	182.956138897	136.702161475	190.377232652	125.565284836	109.380914831	198.722687516	188.915586421	289.277195889	174.020576877	155.506390232	204.18064547	204.082012665
165.059136251	93.1191333915	127.312157321	171.177561775	136.111833985	177.589772818	101.02404033	110.49337513	176.012773909	179.841375775	174.020576877	289.277195889	166.530724578	191.546643623	186.112774784
174.723787371	175.557558644	163.555598088	229.548503041	226.543040614	248.220387069	159.965728272	198.923271239	254.787029094	168.933209895	155.506390232	166.530724578	289.277195889	146.008845437	239.134978875
195.560677585	93.7059950177	173.766311984	177.133285599	138.615659404	185.488748879	176.118815307	113.585304694	177.459848559	216.570595437	204.18064547	191.546643623	146.008845437	289.277195889	193.317617213
178.918289902	160.747237466	192.346164759	234.548340838	198.331065513	265.904836296	184.778248084	154.559037401	270.991778117	216.042391353	204.082012665	186.112774784	239.134978875	193.317617213	289.277195889
Genotype stats (X^T * X): 	28.4617828161
Gene expression - Genotype stats (Y^T * X): 
-14.7797496758	-15.4090635823	-23.3150637189	-23.4651176389	-20.5566601497	-21.0204549895	-15.5189304218	-13.3137247874	-22.314087998	-19.1980969576	-17.6399515307	-14.1414185324	-16.9279110017	-18.0417276242	-20.9019522392