Tissue	braincaudatebasalganglia
N_samples	98
Chr	7
Gene	ENSG00000106278.7
SNP	rs10278543
Gene_list	ENSG00000110436.7	ENSG00000136160.10	ENSG00000153904.14	ENSG00000148672.7	ENSG00000106278.7	ENSG00000240184.2	ENSG00000150625.12	ENSG00000135919.8
Gene expression stats (Y^T * Y): 
90.3124531138	59.7902055809	71.9947157336	68.0195897401	59.0926194854	75.6114300923	69.2866052119	68.7845937134
59.7902055809	90.3124531138	67.2734146731	51.7353743001	56.2008044588	65.7929827211	58.5823339297	62.3431429708
71.9947157336	67.2734146731	90.3124531138	66.9465237157	57.3400301808	65.0766543289	66.3255608181	69.5975552346
68.0195897401	51.7353743001	66.9465237157	90.3124531138	54.365899797	55.4492088233	57.5321542832	61.7154026214
59.0926194854	56.2008044588	57.3400301808	54.365899797	90.3124531138	59.1370746984	56.1019519055	57.3412353468
75.6114300923	65.7929827211	65.0766543289	55.4492088233	59.1370746984	90.3124531138	57.6966383016	66.1347175667
69.2866052119	58.5823339297	66.3255608181	57.5321542832	56.1019519055	57.6966383016	90.3124531138	64.2394030511
68.7845937134	62.3431429708	69.5975552346	61.7154026214	57.3412353468	66.1347175667	64.2394030511	90.3124531138
Genotype stats (X^T * X): 	44.5
Gene expression - Genotype stats (Y^T * X): 
-20.9081475146	-12.5136705057	-6.85869833701	-12.4877740486	-22.3542762373	-17.918626438	-15.6349119124	-11.7539974447