Tissue	braincaudatebasalganglia
N_samples	98
Chr	5
Gene	ENSG00000171368.10
SNP	rs6555409
Gene_list	ENSG00000171368.10	ENSG00000187147.13	ENSG00000124920.9	ENSG00000070214.11	ENSG00000136960.8	ENSG00000164402.9	ENSG00000184144.5
Gene expression stats (Y^T * Y): 
90.3124531138	55.1914809585	55.3424497934	56.3071124347	55.7041650611	54.3180593575	57.6179705436
55.1914809585	90.3124531138	28.1481788437	36.5503019401	26.9262196958	32.8566751435	39.1975707132
55.3424497934	28.1481788437	90.3124531138	63.8656280599	80.8419304083	65.6823325989	69.3494659056
56.3071124347	36.5503019401	63.8656280599	90.3124531138	75.1604006092	65.9498748919	61.718296538
55.7041650611	26.9262196958	80.8419304083	75.1604006092	90.3124531138	70.933259678	71.2278114905
54.3180593575	32.8566751435	65.6823325989	65.9498748919	70.933259678	90.3124531138	62.365473885
57.6179705436	39.1975707132	69.3494659056	61.718296538	71.2278114905	62.365473885	90.3124531138
Genotype stats (X^T * X): 	21.0006084184
Gene expression - Genotype stats (Y^T * X): 
-14.4043040375	-6.27015295399	-5.79240276534	-6.61151446099	-4.1885892985	-2.63106800597	-7.68410117591