Tissue	braincaudatebasalganglia
N_samples	98
Chr	19
Gene	ENSG00000130748.6
SNP	rs181168429
Gene_list	ENSG00000188290.6	ENSG00000205116.3	ENSG00000243449.2	ENSG00000182327.7	ENSG00000179965.7	ENSG00000142694.6	ENSG00000130748.6	ENSG00000235034.2	ENSG00000175602.2	ENSG00000156381.4	ENSG00000232434.1	ENSG00000131188.7
Gene expression stats (Y^T * Y): 
90.3124531138	53.8658894711	56.0352679309	36.2373792463	50.4905150574	50.9634427834	60.1782499271	41.3545355348	59.0376788588	43.4061824024	39.1742897721	66.4446423616
53.8658894711	90.3124531138	58.5221049883	39.5684683411	50.0302104247	48.886926087	56.6215150464	48.8179791236	45.8162135691	37.3567331591	48.4812398102	59.3225566967
56.0352679309	58.5221049883	90.3124531138	50.9255544366	63.8251223342	54.6639134095	67.3795399966	55.1743609721	70.813565888	49.7511431941	54.5764902755	69.0899003799
36.2373792463	39.5684683411	50.9255544366	90.3124531138	55.5733876176	51.1537649261	55.6451311694	49.3843334411	30.7783538826	35.4319878907	52.0416000124	54.4633322297
50.4905150574	50.0302104247	63.8251223342	55.5733876176	90.3124531138	59.9850015658	58.9670663491	56.0334284965	53.5310316728	43.2405498752	66.2786055463	74.5369650271
50.9634427834	48.886926087	54.6639134095	51.1537649261	59.9850015658	90.3124531138	59.5043099031	53.6346654352	43.1856597168	49.7357268489	58.5914508545	59.1380337493
60.1782499271	56.6215150464	67.3795399966	55.6451311694	58.9670663491	59.5043099031	90.3124531138	59.6440370816	61.3689393222	54.386196151	56.3316053986	65.2665722207
41.3545355348	48.8179791236	55.1743609721	49.3843334411	56.0334284965	53.6346654352	59.6440370816	90.3124531138	38.1244490206	43.6597497125	54.7379306431	60.4753497925
59.0376788588	45.8162135691	70.813565888	30.7783538826	53.5310316728	43.1856597168	61.3689393222	38.1244490206	90.3124531138	39.3380594702	39.8918418785	60.1106863925
43.4061824024	37.3567331591	49.7511431941	35.4319878907	43.2405498752	49.7357268489	54.386196151	43.6597497125	39.3380594702	90.3124531138	41.4194399263	43.5102813226
39.1742897721	48.4812398102	54.5764902755	52.0416000124	66.2786055463	58.5914508545	56.3316053986	54.7379306431	39.8918418785	41.4194399263	90.3124531138	59.0962079469
66.4446423616	59.3225566967	69.0899003799	54.4633322297	74.5369650271	59.1380337493	65.2665722207	60.4753497925	60.1106863925	43.5102813226	59.0962079469	90.3124531138
Genotype stats (X^T * X): 	11.904658051
Gene expression - Genotype stats (Y^T * X): 
-6.35000056368	-6.48413159965	-10.0053408002	-7.20590061252	-8.0051563399	-8.42704433363	-11.4486400516	-6.62656584244	-6.000108274	-3.37477658519	-6.1820665419	-9.29420207544