Tissue	braincaudatebasalganglia
N_samples	98
Chr	1
Gene	ENSG00000205116.3
SNP	rs35056373
Gene_list	ENSG00000141933.8	ENSG00000205116.3	ENSG00000243449.2	ENSG00000129932.3	ENSG00000130748.6	ENSG00000131188.7
Gene expression stats (Y^T * Y): 
90.3124531138	57.2339773008	54.9729292797	42.0474012229	50.5348956207	65.6149847951
57.2339773008	90.3124531138	58.5221049883	63.0056425225	56.6215150464	59.3225566967
54.9729292797	58.5221049883	90.3124531138	51.1681234392	67.3795399966	69.0899003799
42.0474012229	63.0056425225	51.1681234392	90.3124531138	37.2702773932	39.3703192351
50.5348956207	56.6215150464	67.3795399966	37.2702773932	90.3124531138	65.2665722207
65.6149847951	59.3225566967	69.0899003799	39.3703192351	65.2665722207	90.3124531138
Genotype stats (X^T * X): 	42.3367346939
Gene expression - Genotype stats (Y^T * X): 
-11.8290972102	-20.7078565396	-8.73200582645	-20.5768462701	-5.48741975186	-13.5980864681