Tissue	braincaudatebasalganglia
N_samples	98
Chr	1
Gene	ENSG00000121753.8
SNP	rs34572877
Gene_list	ENSG00000127585.7	ENSG00000168993.10	ENSG00000176533.8	ENSG00000121753.8	ENSG00000130881.9	ENSG00000221946.3	ENSG00000100302.6	ENSG00000100379.13	ENSG00000058404.15	ENSG00000136280.11	ENSG00000149091.11	ENSG00000123360.7	ENSG00000135439.7	ENSG00000183379.4	ENSG00000203485.8	ENSG00000169220.13
Gene expression stats (Y^T * Y): 
90.3124531138	63.2616499779	76.4855097502	59.973242994	43.5906342363	41.2300514851	67.8090649235	63.5165892392	68.4931377296	38.5834315672	44.8152175211	73.8711980832	60.0553598362	80.3149117074	30.5429109989	84.8027779354
63.2616499779	90.3124531138	62.6379154744	61.2805200778	54.0984355364	63.7676674143	64.3257818244	64.1337211788	56.63436779	46.4568397086	59.5183047641	51.0501339425	38.4970930369	65.2307228793	59.4853422373	63.8491847528
76.4855097502	62.6379154744	90.3124531138	60.4052783927	54.2729164001	31.389600571	63.5743236424	64.3582734312	68.7201710598	43.6093158217	43.4207180758	64.957729049	66.7549321496	79.1378747259	33.8001624786	72.0416261678
59.973242994	61.2805200778	60.4052783927	90.3124531138	57.7319825523	57.2173021077	58.2712984388	59.2955505487	61.3857569624	58.6127350379	55.4295467031	56.5396648972	54.9691229003	65.4554775526	59.0685734583	58.1339664279
43.5906342363	54.0984355364	54.2729164001	57.7319825523	90.3124531138	42.5145673832	34.6919885399	36.0680708702	35.5647446885	53.1757490463	45.4199332202	23.4467544374	59.7888930329	50.9862504921	43.1198117891	37.39532524
41.2300514851	63.7676674143	31.389600571	57.2173021077	42.5145673832	90.3124531138	46.5098963761	45.3562048048	37.9992626247	50.9392376315	57.6286753333	30.1818619482	23.3112793941	43.7193499562	62.9388422041	36.2642811386
67.8090649235	64.3257818244	63.5743236424	58.2712984388	34.6919885399	46.5098963761	90.3124531138	79.7234926749	78.8596788685	31.0083008987	45.5468067218	74.0105317335	42.5686481838	71.5390289414	49.2739108597	73.0488511201
63.5165892392	64.1337211788	64.3582734312	59.2955505487	36.0680708702	45.3562048048	79.7234926749	90.3124531138	74.7203371779	32.7430830727	49.0293660714	68.7827141087	44.7793293732	67.4905126921	55.5289414345	68.9404242176
68.4931377296	56.63436779	68.7201710598	61.3857569624	35.5647446885	37.9992626247	78.8596788685	74.7203371779	90.3124531138	33.1323741519	40.7407926218	76.3385039593	53.5526752958	70.8540560111	38.2541128023	71.8483514396
38.5834315672	46.4568397086	43.6093158217	58.6127350379	53.1757490463	50.9392376315	31.0083008987	32.7430830727	33.1323741519	90.3124531138	40.6713519268	25.4828730989	43.6419161636	47.744401388	39.8820433531	33.7534113552
44.8152175211	59.5183047641	43.4207180758	55.4295467031	45.4199332202	57.6286753333	45.5468067218	49.0293660714	40.7407926218	40.6713519268	90.3124531138	32.0801202692	36.4894589594	45.9262553291	53.7913765087	42.9646696216
73.8711980832	51.0501339425	64.957729049	56.5396648972	23.4467544374	30.1818619482	74.0105317335	68.7827141087	76.3385039593	25.4828730989	32.0801202692	90.3124531138	42.4946795232	70.2506146431	32.644937885	78.30862727
60.0553598362	38.4970930369	66.7549321496	54.9691229003	59.7888930329	23.3112793941	42.5686481838	44.7793293732	53.5526752958	43.6419161636	36.4894589594	42.4946795232	90.3124531138	59.0734442004	19.5730763346	52.4247127903
80.3149117074	65.2307228793	79.1378747259	65.4554775526	50.9862504921	43.7193499562	71.5390289414	67.4905126921	70.8540560111	47.744401388	45.9262553291	70.2506146431	59.0734442004	90.3124531138	39.9868311983	74.2813782268
30.5429109989	59.4853422373	33.8001624786	59.0685734583	43.1198117891	62.9388422041	49.2739108597	55.5289414345	38.2541128023	39.8820433531	53.7913765087	32.644937885	19.5730763346	39.9868311983	90.3124531138	33.4317377325
84.8027779354	63.8491847528	72.0416261678	58.1339664279	37.39532524	36.2642811386	73.0488511201	68.9404242176	71.8483514396	33.7534113552	42.9646696216	78.30862727	52.4247127903	74.2813782268	33.4317377325	90.3124531138
Genotype stats (X^T * X): 	54.0510204082
Gene expression - Genotype stats (Y^T * X): 
-23.4065977749	-21.7843178928	-22.536188138	-26.6630817746	-24.7973596764	-15.7742425505	-20.2217537786	-17.4143934324	-20.8730758321	-25.4582570672	-18.9142813115	-20.9060589342	-29.7446132168	-20.8744458159	-14.1633179357	-22.4330091437