Tissue	braincaudatebasalganglia
N_samples	98
Chr	2
Gene	ENSG00000138029.9
SNP	rs7603119
Gene_list	ENSG00000159423.12	ENSG00000138029.9	ENSG00000110436.7	ENSG00000167315.13	ENSG00000103740.5	ENSG00000153904.14	ENSG00000148053.11	ENSG00000152583.8	ENSG00000148672.7	ENSG00000111275.8	ENSG00000018625.10	ENSG00000150625.12	ENSG00000135919.8
Gene expression stats (Y^T * Y): 
90.3124531138	62.0051815132	51.4564360158	37.6710890579	51.1294798724	45.2087619761	43.6641843318	42.2922597324	38.6670330797	44.0492610276	50.1811924289	40.7954503385	43.9532011867
62.0051815132	90.3124531138	59.0402254936	56.1630885955	59.9347535279	58.3650678995	59.5490802597	58.3346820306	54.814336427	60.0303112829	55.7948608849	58.5166581423	58.8327051501
51.4564360158	59.0402254936	90.3124531138	36.7733165505	58.9475658583	71.9947157336	71.3040039536	68.6569313016	68.0195897401	54.8888955355	71.3304257591	69.2866052119	68.7845937134
37.6710890579	56.1630885955	36.7733165505	90.3124531138	38.1571691761	33.5575696164	44.7615612398	45.2211267932	35.841255845	35.7435433051	28.6469434646	37.6263788928	33.8144731666
51.1294798724	59.9347535279	58.9475658583	38.1571691761	90.3124531138	55.1229507201	61.0134155792	53.0020045415	53.6375014814	50.2022516956	64.1812097243	47.673798921	51.2364382899
45.2087619761	58.3650678995	71.9947157336	33.5575696164	55.1229507201	90.3124531138	59.2499198067	54.1703347673	66.9465237157	49.5584306012	65.5654070296	66.3255608181	69.5975552346
43.6641843318	59.5490802597	71.3040039536	44.7615612398	61.0134155792	59.2499198067	90.3124531138	77.1768577153	71.5246096382	68.1908489324	65.8204997162	56.5261529551	53.6990641564
42.2922597324	58.3346820306	68.6569313016	45.2211267932	53.0020045415	54.1703347673	77.1768577153	90.3124531138	64.8984821187	68.8502386902	63.5607874242	52.4688302573	57.3534395243
38.6670330797	54.814336427	68.0195897401	35.841255845	53.6375014814	66.9465237157	71.5246096382	64.8984821187	90.3124531138	63.1831878363	58.9821085668	57.5321542832	61.7154026214
44.0492610276	60.0303112829	54.8888955355	35.7435433051	50.2022516956	49.5584306012	68.1908489324	68.8502386902	63.1831878363	90.3124531138	59.5509036322	42.6611971346	52.489971869
50.1811924289	55.7948608849	71.3304257591	28.6469434646	64.1812097243	65.5654070296	65.8204997162	63.5607874242	58.9821085668	59.5509036322	90.3124531138	50.0210156677	59.923403305
40.7954503385	58.5166581423	69.2866052119	37.6263788928	47.673798921	66.3255608181	56.5261529551	52.4688302573	57.5321542832	42.6611971346	50.0210156677	90.3124531138	64.2394030511
43.9532011867	58.8327051501	68.7845937134	33.8144731666	51.2364382899	69.5975552346	53.6990641564	57.3534395243	61.7154026214	52.489971869	59.923403305	64.2394030511	90.3124531138
Genotype stats (X^T * X): 	33.8469387755
Gene expression - Genotype stats (Y^T * X): 
12.0790523355	18.9606497106	8.89179017509	3.02648159833	8.57009910697	7.70277575329	7.92734900464	8.61094899878	7.10516704588	7.89932080171	8.40091416199	9.84260631803	9.12240728421