Tissue	braincaudatebasalganglia
N_samples	98
Chr	11
Gene	ENSG00000187398.7
SNP	rs17307215
Gene_list	ENSG00000103489.7	ENSG00000187398.7	ENSG00000100095.14	ENSG00000154975.9	ENSG00000134853.7	ENSG00000116147.12
Gene expression stats (Y^T * Y): 
90.3124531138	56.6657223405	54.1188459716	52.3393394446	53.4287488564	60.0462344687
56.6657223405	90.3124531138	61.4762419235	62.2103356825	58.5394078614	56.0984035149
54.1188459716	61.4762419235	90.3124531138	59.9406920253	55.9925520812	61.5627772411
52.3393394446	62.2103356825	59.9406920253	90.3124531138	59.8065762051	64.7756760929
53.4287488564	58.5394078614	55.9925520812	59.8065762051	90.3124531138	75.5523382746
60.0462344687	56.0984035149	61.5627772411	64.7756760929	75.5523382746	90.3124531138
Genotype stats (X^T * X): 	6.28540738776
Gene expression - Genotype stats (Y^T * X): 
0.245591414733	7.89567730414	3.9560386909	5.68154654135	3.15071897085	0.845595620639