Tissue	braincaudatebasalganglia
N_samples	98
Chr	16
Gene	ENSG00000007516.9
SNP	rs2294605
Gene_list	ENSG00000007516.9	ENSG00000137098.9	ENSG00000186973.6	ENSG00000100979.10	ENSG00000004838.9	ENSG00000154099.13	ENSG00000160401.10	ENSG00000181085.10
Gene expression stats (Y^T * Y): 
90.3124531138	58.2618213402	56.9629713296	57.9067621516	57.7850869138	60.5252774746	55.8751724605	60.3490356416
58.2618213402	90.3124531138	86.2887929944	48.1589828637	80.2136640515	83.4268653758	81.1614811845	78.5142756912
56.9629713296	86.2887929944	90.3124531138	46.9776603067	82.7965083907	83.8314151332	77.5837552885	77.3524947293
57.9067621516	48.1589828637	46.9776603067	90.3124531138	44.8853046435	55.8204280004	59.7314324381	63.7840196824
57.7850869138	80.2136640515	82.7965083907	44.8853046435	90.3124531138	77.6597135033	71.1050890112	74.9076832852
60.5252774746	83.4268653758	83.8314151332	55.8204280004	77.6597135033	90.3124531138	83.6558991266	82.6021449564
55.8751724605	81.1614811845	77.5837552885	59.7314324381	71.1050890112	83.6558991266	90.3124531138	85.0215537355
60.3490356416	78.5142756912	77.3524947293	63.7840196824	74.9076832852	82.6021449564	85.0215537355	90.3124531138
Genotype stats (X^T * X): 	56.7448979592
Gene expression - Genotype stats (Y^T * X): 
26.5938152501	8.45868401679	9.05820361107	7.05873770007	10.772151199	9.26980008521	10.3346525824	9.63218017446