Tissue	braincaudatebasalganglia
N_samples	98
Chr	19
Gene	ENSG00000188508.6
SNP	rs78945311
Gene_list	ENSG00000178372.6	ENSG00000188508.6	ENSG00000186395.6	ENSG00000178934.4	ENSG00000186081.7	ENSG00000167768.4	ENSG00000167656.4
Gene expression stats (Y^T * Y): 
90.3124531138	60.7421412052	57.8310032708	70.636510093	64.8542647873	74.0965919956	52.7441759879
60.7421412052	90.3124531138	56.4464704371	61.6612803384	61.7346658468	58.3369674289	55.2117160025
57.8310032708	56.4464704371	90.3124531138	57.4324898222	56.1778919291	68.9295489054	44.9429047405
70.636510093	61.6612803384	57.4324898222	90.3124531138	70.7219851294	74.1090624905	50.9979939057
64.8542647873	61.7346658468	56.1778919291	70.7219851294	90.3124531138	70.9969860936	64.3000807792
74.0965919956	58.3369674289	68.9295489054	74.1090624905	70.9969860936	90.3124531138	51.1880046416
52.7441759879	55.2117160025	44.9429047405	50.9979939057	64.3000807792	51.1880046416	90.3124531138
Genotype stats (X^T * X): 	9.76530612245
Gene expression - Genotype stats (Y^T * X): 
6.85547305668	11.007292828	9.87766393521	7.80584597454	9.11901727901	6.26733325064	8.15614846191