Tissue	braincaudatebasalganglia
N_samples	98
Chr	17
Gene	ENSG00000167851.9
SNP	rs9911635
Gene_list	ENSG00000077420.11	ENSG00000101336.8	ENSG00000146192.10	ENSG00000108798.4	ENSG00000167851.9	ENSG00000165025.10
Gene expression stats (Y^T * Y): 
90.3124531138	56.2122380198	60.2368972936	47.0275850069	55.0816380363	59.538977327
56.2122380198	90.3124531138	53.8491564398	56.1742540284	55.8769771562	53.6639894306
60.2368972936	53.8491564398	90.3124531138	50.7395912027	57.2617692895	55.5188318892
47.0275850069	56.1742540284	50.7395912027	90.3124531138	57.7196703328	51.2826651114
55.0816380363	55.8769771562	57.2617692895	57.7196703328	90.3124531138	54.693433751
59.538977327	53.6639894306	55.5188318892	51.2826651114	54.693433751	90.3124531138
Genotype stats (X^T * X): 	31.5769653469
Gene expression - Genotype stats (Y^T * X): 
9.4803634058	4.53342058416	2.80959345335	8.41847333733	17.3251966909	8.11267362953