Tissue	braincaudatebasalganglia
N_samples	98
Chr	10
Gene	ENSG00000183230.12
SNP	rs7072730
Gene_list	ENSG00000101190.8	ENSG00000183230.12	ENSG00000105810.5	ENSG00000111911.5	ENSG00000151414.10	ENSG00000115896.11
Gene expression stats (Y^T * Y): 
90.3124531138	55.2460407209	38.9338527564	50.9657559677	59.6996100108	43.2032667311
55.2460407209	90.3124531138	59.687971267	56.9240895135	59.2319795598	61.2043782013
38.9338527564	59.687971267	90.3124531138	47.695830294	45.1411068009	48.2106118438
50.9657559677	56.9240895135	47.695830294	90.3124531138	62.1931782254	57.8415882539
59.6996100108	59.2319795598	45.1411068009	62.1931782254	90.3124531138	60.3014253633
43.2032667311	61.2043782013	48.2106118438	57.8415882539	60.3014253633	90.3124531138
Genotype stats (X^T * X): 	9.76530612245
Gene expression - Genotype stats (Y^T * X): 
12.1421482552	10.5067300839	6.82920229643	12.1937693283	11.6379854007	8.73485382553