Tissue	braincaudatebasalganglia
N_samples	98
Chr	19
Gene	ENSG00000141933.8
SNP	rs1982084
Gene_list	ENSG00000141933.8	ENSG00000205116.3	ENSG00000243449.2	ENSG00000006015.13	ENSG00000161179.9	ENSG00000179965.7	ENSG00000142694.6	ENSG00000179673.3	ENSG00000235034.2	ENSG00000107872.8	ENSG00000172425.6	ENSG00000232434.1	ENSG00000131188.7
Gene expression stats (Y^T * Y): 
90.3124531138	57.2339773008	54.9729292797	56.2305218776	56.9200266974	68.5899705891	54.4227095141	57.2582111074	57.9834053298	55.7630269736	56.3619035082	63.8389696041	65.6149847951
57.2339773008	90.3124531138	58.5221049883	49.7655849071	36.02730088	50.0302104247	48.886926087	42.3726129417	48.8179791236	36.8898595131	50.0254647614	48.4812398102	59.3225566967
54.9729292797	58.5221049883	90.3124531138	64.2493650596	37.8648679935	63.8251223342	54.6639134095	53.42726993	55.1743609721	39.5299730947	45.1409586099	54.5764902755	69.0899003799
56.2305218776	49.7655849071	64.2493650596	90.3124531138	38.971564253	55.1733300679	43.3803203236	47.1512294467	33.8934597606	52.4030445916	42.3002579939	41.7270053947	51.4572590971
56.9200266974	36.02730088	37.8648679935	38.971564253	90.3124531138	54.3103449142	48.8915457636	31.2144644398	38.3985922363	44.5865204008	40.3222315299	54.1119788154	49.843148549
68.5899705891	50.0302104247	63.8251223342	55.1733300679	54.3103449142	90.3124531138	59.9850015658	58.9830079888	56.0334284965	62.2410245842	53.9815149807	66.2786055463	74.5369650271
54.4227095141	48.886926087	54.6639134095	43.3803203236	48.8915457636	59.9850015658	90.3124531138	34.8524556299	53.6346654352	40.8150864432	48.6867381099	58.5914508545	59.1380337493
57.2582111074	42.3726129417	53.42726993	47.1512294467	31.2144644398	58.9830079888	34.8524556299	90.3124531138	53.8530316687	49.7137751517	43.9956403821	48.2675471664	59.1216814204
57.9834053298	48.8179791236	55.1743609721	33.8934597606	38.3985922363	56.0334284965	53.6346654352	53.8530316687	90.3124531138	40.0391800275	46.1623367063	54.7379306431	60.4753497925
55.7630269736	36.8898595131	39.5299730947	52.4030445916	44.5865204008	62.2410245842	40.8150864432	49.7137751517	40.0391800275	90.3124531138	33.7662229404	53.7878821224	42.1328013728
56.3619035082	50.0254647614	45.1409586099	42.3002579939	40.3222315299	53.9815149807	48.6867381099	43.9956403821	46.1623367063	33.7662229404	90.3124531138	53.0596714565	52.5318639442
63.8389696041	48.4812398102	54.5764902755	41.7270053947	54.1119788154	66.2786055463	58.5914508545	48.2675471664	54.7379306431	53.7878821224	53.0596714565	90.3124531138	59.0962079469
65.6149847951	59.3225566967	69.0899003799	51.4572590971	49.843148549	74.5369650271	59.1380337493	59.1216814204	60.4753497925	42.1328013728	52.5318639442	59.0962079469	90.3124531138
Genotype stats (X^T * X): 	37.7803708163
Gene expression - Genotype stats (Y^T * X): 
-19.8133029945	-11.1857284815	-15.8750158489	-12.2983497699	-6.6518750978	-17.3168518062	-13.1004316029	-7.84193638872	-16.1234477439	-6.20412084191	-9.75049568985	-11.3049723591	-16.8431684131