Tissue	braincaudatebasalganglia
N_samples	98
Chr	17
Gene	ENSG00000108551.4
SNP	rs12451185
Gene_list	ENSG00000099860.4	ENSG00000060138.8	ENSG00000108551.4	ENSG00000102804.10	ENSG00000221869.4	ENSG00000113916.13
Gene expression stats (Y^T * Y): 
90.3124531138	71.9451116272	55.6381753183	48.1847572266	52.5330072589	39.6007525521
71.9451116272	90.3124531138	61.4289665384	53.4216709344	51.1345095647	52.4760545376
55.6381753183	61.4289665384	90.3124531138	60.4288934488	59.5765023742	54.8473908841
48.1847572266	53.4216709344	60.4288934488	90.3124531138	53.4041922711	46.4880097319
52.5330072589	51.1345095647	59.5765023742	53.4041922711	90.3124531138	52.7837811596
39.6007525521	52.4760545376	54.8473908841	46.4880097319	52.7837811596	90.3124531138
Genotype stats (X^T * X): 	26.5964846224
Gene expression - Genotype stats (Y^T * X): 
7.67412801819	12.0849323609	18.4090411482	10.2527362771	6.90992409179	9.23871839852