Tissue	braincaudatebasalganglia
N_samples	98
Chr	20
Gene	ENSG00000198959.7
SNP	rs992083
Gene_list	ENSG00000110799.9	ENSG00000077238.9	ENSG00000198959.7	ENSG00000157557.7	ENSG00000164181.9	ENSG00000128567.12	ENSG00000000971.11
Gene expression stats (Y^T * Y): 
90.3124531138	50.5261212378	55.008687431	45.0753848433	52.5702239676	61.6216328588	56.4569815681
50.5261212378	90.3124531138	55.2186003867	64.7332528001	51.3614251626	33.1427763794	41.9613831403
55.008687431	55.2186003867	90.3124531138	58.5768558756	55.6643817236	59.6479917831	55.9148265119
45.0753848433	64.7332528001	58.5768558756	90.3124531138	67.2127449405	48.2364297604	43.3301494079
52.5702239676	51.3614251626	55.6643817236	67.2127449405	90.3124531138	43.7482676792	64.6589900149
61.6216328588	33.1427763794	59.6479917831	48.2364297604	43.7482676792	90.3124531138	40.7017852247
56.4569815681	41.9613831403	55.9148265119	43.3301494079	64.6589900149	40.7017852247	90.3124531138
Genotype stats (X^T * X): 	34.1920876735
Gene expression - Genotype stats (Y^T * X): 
-6.02504649676	-8.48776282492	-18.4371884792	-6.34111463353	-10.1042781727	-9.30385626019	-9.49864972354