Tissue	braincaudatebasalganglia
N_samples	98
Chr	19
Gene	ENSG00000099624.3
SNP	rs10425079
Gene_list	ENSG00000103260.4	ENSG00000099624.3	ENSG00000103145.6	ENSG00000219200.6	ENSG00000099795.2	ENSG00000250479.4	ENSG00000108654.7	ENSG00000176340.3	ENSG00000175602.2	ENSG00000110717.6	ENSG00000135940.2	ENSG00000166136.11	ENSG00000171159.4	ENSG00000152082.9
Gene expression stats (Y^T * Y): 
90.3124531138	58.6180350409	43.3422433709	19.4941623185	40.2521838113	32.0253532542	-46.4823544088	50.5913351832	56.2907051909	35.972489101	48.0742378061	50.2818617153	40.7514879105	43.400922799
58.6180350409	90.3124531138	58.8530601356	55.1328724117	55.6284280604	58.4500064345	-54.2431997412	59.3945483743	61.3648033239	55.9841479341	60.7897295229	55.9496689171	54.4457113877	58.9325297096
43.3422433709	58.8530601356	90.3124531138	49.5557090163	60.9094089902	59.3210820429	-55.1474845355	43.2889207359	51.734352332	55.4457905647	62.7300430355	62.1792375698	51.3531236325	53.0255781649
19.4941623185	55.1328724117	49.5557090163	90.3124531138	57.1110027464	46.1626881516	-37.1421412038	47.1770012947	35.846578385	38.6660266173	54.8376857364	35.7917957887	36.6082078929	61.7472014177
40.2521838113	55.6284280604	60.9094089902	57.1110027464	90.3124531138	48.1013052046	-55.697435762	63.7643458269	37.1079838052	52.1550688148	75.7433766143	56.2219531757	45.2657056846	67.853278179
32.0253532542	58.4500064345	59.3210820429	46.1626881516	48.1013052046	90.3124531138	-47.9455056208	49.9604243043	30.3436222919	53.8756741932	46.7878470085	39.3531284711	33.3283836454	43.5288833545
-46.4823544088	-54.2431997412	-55.1474845355	-37.1421412038	-55.697435762	-47.9455056208	90.3124531138	-60.620981197	-39.8882945824	-48.3223178291	-60.5406906156	-58.4275836683	-43.3803162747	-58.3213819637
50.5913351832	59.3945483743	43.2889207359	47.1770012947	63.7643458269	49.9604243043	-60.620981197	90.3124531138	46.6426759312	53.3926810535	62.0059902019	57.0218695674	47.4551072447	64.1947748755
56.2907051909	61.3648033239	51.734352332	35.846578385	37.1079838052	30.3436222919	-39.8882945824	46.6426759312	90.3124531138	35.4183388111	55.3321554178	54.3494042604	53.5782114983	46.1817141429
35.972489101	55.9841479341	55.4457905647	38.6660266173	52.1550688148	53.8756741932	-48.3223178291	53.3926810535	35.4183388111	90.3124531138	45.398609335	48.1335972171	47.4047142309	40.758603063
48.0742378061	60.7897295229	62.7300430355	54.8376857364	75.7433766143	46.7878470085	-60.5406906156	62.0059902019	55.3321554178	45.398609335	90.3124531138	61.2380012944	50.1037605187	67.5805946493
50.2818617153	55.9496689171	62.1792375698	35.7917957887	56.2219531757	39.3531284711	-58.4275836683	57.0218695674	54.3494042604	48.1335972171	61.2380012944	90.3124531138	51.1976034482	50.6802962885
40.7514879105	54.4457113877	51.3531236325	36.6082078929	45.2657056846	33.3283836454	-43.3803162747	47.4551072447	53.5782114983	47.4047142309	50.1037605187	51.1976034482	90.3124531138	50.5032835956
43.400922799	58.9325297096	53.0255781649	61.7472014177	67.853278179	43.5288833545	-58.3213819637	64.1947748755	46.1817141429	40.758603063	67.5805946493	50.6802962885	50.5032835956	90.3124531138
Genotype stats (X^T * X): 	29.751425102
Gene expression - Genotype stats (Y^T * X): 
17.9420630969	18.0669677603	9.60159230034	8.27399511431	4.39652165418	11.2072648527	-12.0632461155	9.91512635418	15.5700782384	4.01105825734	11.7449183572	5.77011580489	10.6400354444	7.42636760681