Tissue	braincaudatebasalganglia
N_samples	98
Chr	16
Gene	ENSG00000167526.9
SNP	rs11646741
Gene_list	ENSG00000177600.4	ENSG00000115268.5	ENSG00000140988.11	ENSG00000103363.10	ENSG00000171863.8	ENSG00000130255.8	ENSG00000174886.8	ENSG00000166441.8	ENSG00000144713.8	ENSG00000105640.8	ENSG00000221983.3	ENSG00000134419.11	ENSG00000137154.8	ENSG00000142676.8	ENSG00000198242.9	ENSG00000198832.6	ENSG00000231500.2	ENSG00000124614.9	ENSG00000198755.6	ENSG00000125691.8	ENSG00000108298.5	ENSG00000100097.7	ENSG00000168028.9	ENSG00000100316.11	ENSG00000105193.4	ENSG00000145592.9	ENSG00000131469.8	ENSG00000105372.2	ENSG00000140264.15	ENSG00000142937.7	ENSG00000265681.2	ENSG00000178980.10	ENSG00000063177.8	ENSG00000142541.12	ENSG00000142534.2	ENSG00000213741.4	ENSG00000162244.6	ENSG00000123349.9	ENSG00000170889.9	ENSG00000108107.8	ENSG00000229117.4	ENSG00000083845.4	ENSG00000171858.13	ENSG00000149806.6	ENSG00000084207.11	ENSG00000137818.7	ENSG00000172809.8	ENSG00000149273.10	ENSG00000167526.9	ENSG00000114391.8	ENSG00000109475.12	ENSG00000118181.6	ENSG00000136942.10	ENSG00000197958.8	ENSG00000152082.9	ENSG00000112306.7	ENSG00000148303.12	ENSG00000104529.13	ENSG00000161016.11	ENSG00000164587.7	ENSG00000182899.10	ENSG00000172428.6
Gene expression stats (Y^T * Y): 
90.3124531138	69.2145527655	66.4542625355	51.6040887927	57.1032882759	71.0033440142	35.7003275904	55.1496074335	55.9905931183	64.8481868833	69.2162830541	43.3098454627	55.4173473923	62.9680267736	65.9947945924	29.1197332988	56.4741117011	65.5622290389	43.3837454646	54.3829665643	67.6462247424	55.1261538158	55.7621076601	52.2137539014	70.6515976768	65.7223764157	57.9445366377	73.8393425415	60.6128161781	61.079098184	50.3503126614	49.4752400588	60.9621880326	74.3588586995	62.3023211086	49.7613965028	57.3382644555	49.3268310061	71.2711990978	64.7723992382	55.8109462988	58.5308172646	67.7598746969	76.095963998	53.8011047716	72.1129981474	69.5740060309	66.088997909	63.267907559	47.4551667149	48.1281116065	43.104973345	59.713196427	49.3825601881	57.3022772713	54.5288726953	56.0024843732	65.8553390819	68.9303711009	64.5709207312	46.2328755919	45.8692283817
69.2145527655	90.3124531138	69.5973184951	59.1271871898	67.465740874	84.2028340905	53.8552112778	72.6676614083	67.153414422	80.9880974837	72.7622356226	59.1544743865	64.9725021491	69.4672264471	70.3776162527	59.8001349209	64.2767525759	77.9046251226	56.9404024603	57.1929395938	76.289020687	63.0562121719	63.6623211177	57.9750667579	78.4263322339	66.1736345053	71.6075512516	79.8046202606	69.1958823616	72.8518192337	62.2787281836	65.867711373	82.7435947166	75.6429663273	70.1473033079	61.1278800327	76.7502821896	62.8512721789	77.5592712228	80.3358117406	63.3504197243	77.7599970314	73.0764133772	77.1582633692	61.5256578644	78.9776450736	76.8838440445	72.6528799452	82.3120084437	62.2505188456	60.2417637273	60.568498701	83.0835677378	63.9185778799	69.3741225393	65.1232454675	61.8360618995	59.5209826429	75.122100124	69.2317819787	57.1835251763	61.724390384
66.4542625355	69.5973184951	90.3124531138	44.4358163645	56.2261786208	70.8416910057	29.7970060018	57.4007020542	56.4428281448	72.8782635391	62.3439502406	49.3427815059	56.4581296661	61.7908650619	56.7750132483	42.1928532991	60.3338802627	66.5067990369	51.0369512652	57.599107305	66.4112048683	61.5844287394	55.8459878633	53.9531445157	76.4245632581	59.0072106402	57.7274537994	75.8126827914	53.9402907125	63.4289127214	61.5183173872	40.4571319434	68.629058165	78.8633144639	60.8860552329	45.361956064	67.1955730294	46.7757070742	63.5580941445	70.69820445	61.4878426653	67.8468583825	52.8824074654	68.2896702392	60.4049178929	69.6691188003	59.4751539561	66.8884723806	66.9406545372	48.7705042587	43.0894282467	44.713025872	64.546461594	56.3509081249	49.4139659855	52.2692451244	66.3803965765	57.5492649227	75.0127988487	63.2099652215	44.0881173466	51.6730068678
51.6040887927	59.1271871898	44.4358163645	90.3124531138	45.8055615685	60.0288127854	60.9663174198	51.5639460657	48.6841999645	52.2075473525	54.4982906663	26.8780009032	30.891758708	40.5454049348	44.0647279635	46.3440170987	44.0000752834	52.2130552471	41.0418804174	35.3215397601	51.0437956062	31.7081519669	50.730643009	44.1052316416	47.826711596	43.4073119804	50.4152746114	53.2549858281	41.0849655166	47.9275461657	36.0267983403	53.9714704773	50.5206615295	52.3950328553	44.7809997147	35.544173669	44.0082155161	55.6740087412	55.2054852422	47.0264949589	34.6040085471	55.6770675642	55.7271875545	64.6543630233	30.5637686131	54.3241461646	54.0575512579	45.9528496084	55.183015268	44.5782763078	45.5225901294	42.2649573927	55.5128892176	42.2653943481	65.2907765826	36.2219878863	45.3423695504	30.3079550337	47.3618753222	49.4913125933	41.4560741357	41.1728731131
57.1032882759	67.465740874	56.2261786208	45.8055615685	90.3124531138	67.7383664686	33.3580241549	73.5113885457	77.8265031002	64.4570384174	70.6947230134	75.6300045414	77.3672611287	77.5230680143	74.927933358	36.8783201134	71.4818685573	70.2950924935	66.9783693998	76.5452944971	79.6602030184	46.9369217918	54.4516208274	64.4354762174	69.3549197297	71.3923109745	76.8737743771	68.1831481195	51.2759656308	79.9914496715	71.2367664837	44.2506895534	66.4876332515	69.0187923887	73.6582906251	67.7454064005	72.469669643	74.5158906011	66.895838478	66.1133351939	67.4967884519	67.8158749784	66.229689937	57.4883158029	45.1917204794	58.6272018747	73.725123581	70.2600961702	63.7527817872	75.589374184	74.0611105864	73.4960263354	74.5514174212	70.7068300469	42.2403147938	69.8942851267	69.6451020088	47.7634297123	68.6982362916	63.5363920299	77.4974861628	48.8733047815
71.0033440142	84.2028340905	70.8416910057	60.0288127854	67.7383664686	90.3124531138	49.6307649204	73.0491969511	68.6457471571	78.715126136	73.4419844718	60.1515574885	66.2030493327	71.0274179139	71.5061825537	56.2266879156	68.9306766843	80.249801713	61.1356115559	62.6150979528	75.860443048	67.4910523867	66.9514366537	61.7053629665	76.3988428103	69.1142912416	74.0392538742	80.2559928162	67.093004545	73.4177007763	64.9360575272	65.4763092323	81.2836523734	77.2301135823	70.9091843481	63.2357227301	74.1551634351	64.6609065096	78.3232476248	79.483652574	69.7320491346	76.9159414147	73.3467121894	78.723518115	60.6495797192	79.1116553139	78.5829769061	71.9825927202	78.0244178005	62.8689667662	61.2136990398	59.651392313	82.0980973652	65.7948034034	69.6808761198	68.3166926582	65.4550115597	59.1097083804	79.625955839	71.696081956	59.5566964265	63.572852596
35.7003275904	53.8552112778	29.7970060018	60.9663174198	33.3580241549	49.6307649204	90.3124531138	42.2669351615	33.4948920418	51.8604577263	40.4053126831	16.7661259768	21.6277364679	31.8235147121	29.1511260299	60.6284769245	30.1869118501	39.4176950244	33.445519065	23.3601218326	40.0351544105	27.16946032	36.0423930347	33.4431512407	38.8213546281	19.7602220711	40.6594105404	40.0609257587	33.0426873612	38.839277958	19.3513340667	52.645298391	40.6191887219	35.5047714302	31.0969224734	29.5941446622	35.3847876341	38.6518897923	43.0403546604	39.6419650161	25.102828272	43.4173201342	47.1209922587	50.8859228294	27.7677227516	42.9242210868	43.5182151636	32.4717230927	56.4250625365	28.8508448297	31.9240037173	29.5250376614	49.6096304169	38.465275663	70.3117289528	26.1669656801	34.2222983384	23.4095042284	32.4379604143	30.9807759713	29.1479679134	36.1819882317
55.1496074335	72.6676614083	57.4007020542	51.5639460657	73.5113885457	73.0491969511	42.2669351615	90.3124531138	75.397510316	72.5866566727	68.9489540022	71.6721733149	74.8543555521	77.4437694416	70.3958348699	55.0992122591	71.9578711083	78.6329411832	68.9119466493	71.0426839153	78.1403867145	50.0630259466	60.7648413642	69.4099593654	67.0105441807	66.1517854547	79.2805227261	66.6362062252	46.4404071207	81.0397468328	73.8831708264	49.5886988745	74.647924804	68.9842902191	73.407322505	69.7109065646	74.322163056	80.0050420897	69.1016190005	70.8471023576	68.5867717789	72.0665276879	65.2668367347	62.6913135445	46.3194593999	64.0410068845	70.9600476752	67.9792222267	70.1143403652	75.4691961758	76.9526723637	76.8179112119	79.6789902915	73.6288315606	52.5679407101	72.9783626751	68.3052632974	49.4240848911	68.8235397442	66.9445645312	73.5745549325	58.7222741329
55.9905931183	67.153414422	56.4428281448	48.6841999645	77.8265031002	68.6457471571	33.4948920418	75.397510316	90.3124531138	68.3494531229	79.5601756377	75.9577013569	76.1410653256	79.8876561653	78.4244087106	32.4795185366	72.0323147569	76.0790792721	78.8209617832	76.3142160062	81.7720581001	40.5502822322	64.0002055782	72.9308201711	68.4150466963	75.4957245719	78.7216881398	66.6526180137	45.6043849243	79.4763569094	75.7236566995	47.6882239983	70.6279267601	71.9759785852	81.4424262917	74.0040106846	74.4898105264	78.7778755588	67.0142964621	69.5853166916	72.1670020987	75.0463667245	71.4893861754	62.7741671111	36.7409557501	53.4826398513	75.6112397313	71.570471421	63.4335324062	79.7272373054	75.047240014	73.6032960531	73.474002783	69.8352007132	42.0407422656	75.5123669398	73.6532617848	46.5725621724	72.1384593996	70.0182188849	77.9614694374	53.0341894349
64.8481868833	80.9880974837	72.8782635391	52.2075473525	64.4570384174	78.715126136	51.8604577263	72.5866566727	68.3494531229	90.3124531138	74.1137590034	61.4644010558	64.0636008788	70.7857588168	69.5367353288	58.1893508598	68.1012508896	78.5095707399	64.9399254415	64.9519264423	75.994985556	57.4169280842	63.5341324199	65.3344935285	81.0474435378	65.6155830584	72.2156629722	77.3432995946	55.7846160861	74.8959470065	66.7755436217	52.6036104387	77.5803896388	77.2364412964	74.4451243398	64.3393398928	73.8242519106	60.3050410854	71.014305759	78.2076771908	68.2080261859	80.8960825843	70.5987342629	73.2456695994	58.5008102329	73.6505322414	72.5984525776	75.8617957332	78.0625201312	61.8234550444	56.6163782411	60.2191833911	77.7612491698	64.3083931406	63.0138187694	67.0201390794	71.7315108021	56.3911717704	75.1610691221	68.1469508689	58.5007511657	58.5552439621
69.2162830541	72.7622356226	62.3439502406	54.4982906663	70.6947230134	73.4419844718	40.4053126831	68.9489540022	79.5601756377	74.1137590034	90.3124531138	66.5706742936	69.9541157011	77.1453713096	77.8320529834	38.0296606754	72.6591820082	76.8883720575	70.8674265929	69.1339262161	80.0634873918	42.5216072224	68.4873527173	68.0699961262	72.3150756017	73.8289462649	75.7995152434	69.0036353978	51.5320831897	75.4903721814	67.8549118624	49.8191344444	71.6632887648	74.5554358169	77.5153393978	69.8352379961	70.5821077271	68.6025438097	71.8962921385	72.376973417	66.4353720647	74.8205613778	73.1726572075	73.6519167874	41.780264583	61.9991696787	77.3517128635	73.6640856988	66.1375894223	70.8989296317	65.4746708644	64.9124609318	71.6739512581	66.0814908258	50.5387820922	71.001078237	69.2901281041	54.8229751744	72.5185109145	72.8398149041	68.4527028676	51.8457195358
43.3098454627	59.1544743865	49.3427815059	26.8780009032	75.6300045414	60.1515574885	16.7661259768	71.6721733149	75.9577013569	61.4644010558	66.5706742936	90.3124531138	77.656892921	79.4053726236	72.2539910233	37.6714607979	69.4323089649	72.7780285079	73.3369697119	76.8738324253	73.2541476789	44.6733421588	52.6731944167	59.8153818563	64.8258077255	69.1046128312	78.0030785909	60.2673855893	43.0535655746	76.2081535753	75.9866446184	34.4853051402	66.4664200033	57.2491520703	73.1900664962	78.4370909945	71.548337635	69.0167457093	61.4457534903	63.3155485571	71.0482536621	68.3439317182	60.7739047866	46.9511178772	42.3427069069	49.2371916418	67.4044231547	67.212509332	54.7344398616	74.6655823259	71.0782497711	76.2967173802	70.1243679149	69.8461814055	28.3942798834	78.6198988148	61.4340128734	43.7704827264	64.5718727491	63.2199299034	75.8251950191	46.1302477898
55.4173473923	64.9725021491	56.4581296661	30.891758708	77.3672611287	66.2030493327	21.6277364679	74.8543555521	76.1410653256	64.0636008788	69.9541157011	77.656892921	90.3124531138	82.2170106457	75.8449942507	34.2106838659	71.1818343924	71.2973145695	67.8210064172	77.6678455051	82.1165432679	52.101584274	48.5058197233	69.0826230026	71.4450368684	71.2170619482	73.2192485313	66.1793073998	49.2941655111	81.6908929611	75.2959074775	38.5178283764	69.4548121073	68.4850906748	76.651042285	67.7557603666	68.6211111693	71.97133776	66.6514560913	70.8943896959	68.0003864054	63.7576133772	57.4104069036	54.0774325713	45.5373722301	61.3140224248	69.2438513864	73.1193455474	60.0193817371	73.6083149426	74.0215577405	74.0267139536	71.9365489798	71.8366234912	33.7007638278	76.3497086568	68.8023936638	57.5753495406	73.8062667483	68.8719292733	74.1360661441	47.6593534869
62.9680267736	69.4672264471	61.7908650619	40.5454049348	77.5230680143	71.0274179139	31.8235147121	77.4437694416	79.8876561653	70.7857588168	77.1453713096	79.4053726236	82.2170106457	90.3124531138	77.9277693704	41.7882527255	72.6615937569	79.5202049554	75.1482035994	81.0301269089	83.241495314	47.0730842574	60.5035867429	71.2100698121	73.0954527451	73.4002779678	80.421546039	68.7114186364	46.5062258182	85.0589293385	77.0964074766	44.4950618893	71.3145294043	71.7414055845	77.8010477607	75.9317730639	73.7957167896	75.3124501621	72.236225633	73.1070660523	73.648026477	73.9197577853	66.7971731096	63.2148631723	45.2081315906	59.5345654463	74.6793799571	72.6163379906	65.5249102918	77.277934994	73.9378615697	74.5694557515	75.0599658731	73.6149986947	42.8870339641	80.491782189	72.5347504273	58.9749681073	74.4161745562	70.2968637974	75.7983662868	49.1432651632
65.9947945924	70.3776162527	56.7750132483	44.0647279635	74.927933358	71.5061825537	29.1511260299	70.3958348699	78.4244087106	69.5367353288	77.8320529834	72.2539910233	75.8449942507	77.9277693704	90.3124531138	34.0494096848	74.4072894696	79.0820725687	70.8969864759	73.136151952	78.9677533697	48.4723896295	64.5929859686	68.9438892395	71.4118842157	77.2411725166	77.637854737	71.5502695944	54.2695302393	77.4779919751	73.8024066349	48.3068188884	70.8277680572	72.1952395536	79.8368503048	72.4469547544	70.6641122482	71.1797193872	70.6644060284	70.8835410856	71.6491511156	72.1808590143	75.1406922733	63.5987063808	45.9041289567	65.3694494626	77.3036823345	77.5763475715	64.9925145776	75.2541195683	71.7088594272	71.9426297554	72.328068013	64.7916290177	45.8793569151	77.3095365087	69.9611337796	54.2363305203	69.6256583494	73.4941321479	73.5364561444	55.3494717206
29.1197332988	59.8001349209	42.1928532991	46.3440170987	36.8783201134	56.2266879156	60.6284769245	55.0992122591	32.4795185366	58.1893508598	38.0296606754	37.6714607979	34.2106838659	41.7882527255	34.0494096848	90.3124531138	42.7040610761	50.9753394805	41.8500498736	33.6174494105	41.9924703927	42.5373268841	36.2161195933	38.7473276991	45.9029952135	29.1847363502	52.474166916	43.9569440446	32.4248422156	48.4222905106	40.1791956225	42.2710895726	54.0224828067	37.6736410996	35.158603582	42.6354677605	46.5566591033	45.6778702618	42.1469567815	45.2508993802	43.9413253356	52.1693985408	41.1307017047	48.2862566379	44.9435065747	51.0593629102	42.9724932345	33.1181632134	57.5667337605	42.0084450846	42.5977317301	46.6683739815	59.7503024739	47.5462041242	59.531798776	41.4488565094	38.1152230402	22.3779334073	40.4546679088	38.495601249	38.3875340266	47.6017502985
56.4741117011	64.2767525759	60.3338802627	44.0000752834	71.4818685573	68.9306766843	30.1869118501	71.9578711083	72.0323147569	68.1012508896	72.6591820082	69.4323089649	71.1818343924	72.6615937569	74.4072894696	42.7040610761	90.3124531138	72.2188203785	66.0881128358	68.3868935377	74.207136405	47.1827105756	64.5077819353	67.0216538415	67.1242831741	68.9683874895	73.5808735204	66.6031728361	46.1135431855	73.7693803615	70.6827990546	39.9861166895	66.0731552656	69.0075360254	72.2347516625	66.1336271157	67.5028130586	67.8851404011	61.3589924751	67.6949649159	68.4737396571	68.7900159853	61.8143759355	62.2874934375	41.9291803743	59.860472546	69.3951124817	70.1986179596	60.8567567348	69.2429787071	67.1488295819	68.4159961588	69.4312751358	64.1527076599	42.8537592114	69.6245536003	71.2642403938	49.4468756279	69.7861010043	63.3231192405	67.4630114631	51.5419044873
65.5622290389	77.9046251226	66.5067990369	52.2130552471	70.2950924935	80.249801713	39.4176950244	78.6329411832	76.0790792721	78.5095707399	76.8883720575	72.7780285079	71.2973145695	79.5202049554	79.0820725687	50.9753394805	72.2188203785	90.3124531138	72.8743727215	71.684764036	78.1884969117	57.5316033038	70.7540217675	68.921901108	76.1004060722	74.4401342866	80.3628039446	75.1796933045	55.3511775814	78.3577554039	74.2575189675	55.210985732	79.852473986	73.863223751	77.5123132833	74.8014857969	76.4199630857	71.4040806443	77.9537293195	77.3367024029	75.4123278907	79.7076026991	75.5669835164	72.8840981289	55.7354238511	70.4478604596	78.2560084939	76.2936089269	73.2928372957	70.538694593	67.3424059092	67.8248665961	79.4659797208	72.6493487164	57.2026542063	80.9996081208	69.4509363639	54.2220171985	75.4751370671	76.1308855483	69.4317240582	62.2846234192
43.3837454646	56.9404024603	51.0369512652	41.0418804174	66.9783693998	61.1356115559	33.445519065	68.9119466493	78.8209617832	64.9399254415	70.8674265929	73.3369697119	67.8210064172	75.1482035994	70.8969864759	41.8500498736	66.0881128358	72.8743727215	90.3124531138	76.0445811664	70.7062324204	32.1511122977	56.402576868	72.5754927483	58.2266995766	63.1722050176	75.0560181129	56.3467449415	26.7668033466	74.8710548127	74.7576443579	31.6277011	63.1107470912	61.334380173	72.6097958871	74.3473377082	63.7222891365	72.6056579526	58.3722524774	61.6435207054	71.9108182585	70.4709689854	61.3557944444	52.5693214502	30.4203385426	43.8502044095	62.9890856769	62.0461406524	54.7277936848	75.6029153604	66.7161947341	72.0274197336	66.1542034826	68.9088277439	34.1995050136	74.3215581708	70.9629623531	30.6940901514	61.8059369456	63.8538117977	74.5803690995	47.4340338515
54.3829665643	57.1929395938	57.599107305	35.3215397601	76.5452944971	62.6150979528	23.3601218326	71.0426839153	76.3142160062	64.9519264423	69.1339262161	76.8738324253	77.6678455051	81.0301269089	73.136151952	33.6174494105	68.3868935377	71.684764036	76.0445811664	90.3124531138	77.41979987	45.5080908215	45.7905906772	73.9737596632	66.0062794601	74.1475737199	74.5279941304	61.943030452	37.8474892742	80.6996012361	78.8489797133	28.6000061888	62.5407711709	68.3747009441	76.538460673	69.4349997017	65.6559757852	72.0352926036	60.6958285552	63.2380013564	76.4203634582	66.5862435955	61.7239078017	54.159714353	41.4837488058	52.1841496852	67.1540268474	68.2511608988	55.1503481192	74.2575860791	69.7734886755	72.1020508742	66.1849587706	72.1487803913	33.0951987184	73.6669127339	75.061094814	44.6889924075	69.7543558409	67.2914171037	76.9427857386	43.1795320551
67.6462247424	76.289020687	66.4112048683	51.0437956062	79.6602030184	75.860443048	40.0351544105	78.1403867145	81.7720581001	75.994985556	80.0634873918	73.2541476789	82.1165432679	83.241495314	78.9677533697	41.9924703927	74.207136405	78.1884969117	70.7062324204	77.41979987	90.3124531138	54.4989569234	58.3272883637	71.0338205834	79.917679866	77.4538577708	76.6305625528	76.7777218118	55.9986850194	84.817205908	71.4290384615	52.0100273618	76.2670507328	77.9359397899	82.9976328945	69.4063158187	76.8199060902	73.9592841268	76.6942118437	76.8018067212	69.1355459675	75.5292754308	71.6705629988	68.9673740688	51.7092095801	67.5361665874	78.1927718986	79.0458870679	70.7080298518	73.182819547	71.8275166832	72.7391175561	79.9434743058	74.9115831844	51.3038237777	74.6776941373	74.7896856096	61.5781915415	79.347465771	72.8743038135	72.4672538354	50.7260205112
55.1261538158	63.0562121719	61.5844287394	31.7081519669	46.9369217918	67.4910523867	27.16946032	50.0630259466	40.5502822322	57.4169280842	42.5216072224	44.6733421588	52.101584274	47.0730842574	48.4723896295	42.5373268841	47.1827105756	57.5316033038	32.1511122977	45.5080908215	54.4989569234	90.3124531138	42.2338452605	37.5663146245	65.0118434513	52.8329764161	47.6257298631	66.2835938106	66.9960489808	48.2349881804	44.1840134902	48.0293669197	65.6239792757	60.7555870056	50.4737331745	38.818876018	57.4322032005	33.8762969305	60.3897953238	66.3858902206	54.0988095438	51.4914828228	45.9730982281	55.4466017734	69.8086611121	70.1682024348	55.5183014441	57.8216188393	54.3529482091	33.4122188349	32.7636255175	34.5467649808	58.5372987877	52.0551053716	47.3402456887	47.5659186192	43.1370317142	54.177653635	69.9918742024	56.3896245453	31.5114080223	57.0400363002
55.7621076601	63.6623211177	55.8459878633	50.730643009	54.4516208274	66.9514366537	36.0423930347	60.7648413642	64.0002055782	63.5341324199	68.4873527173	52.6731944167	48.5058197233	60.5035867429	64.5929859686	36.2161195933	64.5077819353	70.7540217675	56.402576868	45.7905906772	58.3272883637	42.2338452605	90.3124531138	53.8679049264	56.6714150689	53.3977980925	65.7308407956	62.8839565358	41.9806035053	58.2379880732	57.6122310197	51.9508887675	64.437003349	65.161182099	60.1363198917	60.4743457686	65.6818588916	59.7024182901	60.1989324526	65.1672009723	53.9540132694	69.5398942751	62.1005250396	62.9494096262	35.4346795671	55.1328435879	65.5410705545	60.9148174189	61.1914773474	59.7637406967	55.121189505	49.7115608123	62.6173849001	52.4982388659	51.6897368895	60.8974415482	55.0834713344	41.5099741359	59.1570967135	58.1984082378	53.8594962555	54.7746721243
52.2137539014	57.9750667579	53.9531445157	44.1052316416	64.4354762174	61.7053629665	33.4431512407	69.4099593654	72.9308201711	65.3344935285	68.0699961262	59.8153818563	69.0826230026	71.2100698121	68.9438892395	38.7473276991	67.0216538415	68.921901108	72.5754927483	73.9737596632	71.0338205834	37.5663146245	53.8679049264	90.3124531138	61.1730690601	63.3272390498	66.1961652861	60.3802725746	26.7008323528	73.6953058241	74.5464497378	26.7444283167	64.8419712054	70.1034818991	73.6296704979	59.418219572	62.9646926514	72.5122794741	55.9445030983	61.7382223447	65.2711694771	67.794282845	57.4045092486	58.155819788	35.9218637498	52.3751892923	56.9615245337	68.7311158344	58.2757229378	72.8215074834	67.2223461844	65.1215303345	61.0451356023	60.4022053156	40.1005366721	64.7139266223	80.0875798173	40.5312366754	69.0207640748	65.4220741381	72.0314364402	45.7677270681
70.6515976768	78.4263322339	76.4245632581	47.826711596	69.3549197297	76.3988428103	38.8213546281	67.0105441807	68.4150466963	81.0474435378	72.3150756017	64.8258077255	71.4450368684	73.0954527451	71.4118842157	45.9029952135	67.1242831741	76.1004060722	58.2266995766	66.0062794601	79.917679866	65.0118434513	56.6714150689	61.1730690601	90.3124531138	72.3520336498	68.9860963438	82.6647741477	65.3618392019	74.6021877868	64.8869971121	52.0948944332	75.5343465513	79.5192500428	75.4642901402	60.3930373876	72.7399195929	56.7370400022	75.2293435784	78.4492223067	66.004685112	76.0048297301	68.9194687847	72.5564885938	65.5746035989	77.5480133245	72.7793619341	81.6982458798	74.5807185301	57.9678601753	55.3388529307	57.8585264985	73.9387544407	65.5135162562	55.5585917254	67.3780379568	70.6928831682	68.1059019483	81.7034678917	71.6029208253	57.1208746859	51.8352777325
65.7223764157	66.1736345053	59.0072106402	43.4073119804	71.3923109745	69.1142912416	19.7602220711	66.1517854547	75.4957245719	65.6155830584	73.8289462649	69.1046128312	71.2170619482	73.4002779678	77.2411725166	29.1847363502	68.9683874895	74.4401342866	63.1722050176	74.1475737199	77.4538577708	52.8329764161	53.3977980925	63.3272390498	72.3520336498	90.3124531138	70.111349595	70.8044209901	56.0648655043	73.4838826071	70.2617763298	40.7324356838	67.596929672	71.8992506634	77.5492729928	63.6718356025	67.5527227018	67.0893131159	67.7641790008	67.3879511517	71.9194259604	68.7759187607	71.1542833913	66.3166086277	48.3830940053	60.9394741048	77.5691844732	70.6445850231	55.7367393968	67.7540635227	62.562162476	63.7483991506	68.8135232148	64.8128838357	39.3772169497	70.1950432867	66.7593142818	54.5152566731	72.6690351566	69.4002420114	65.9922739747	45.5287741334
57.9445366377	71.6075512516	57.7274537994	50.4152746114	76.8737743771	74.0392538742	40.6594105404	79.2805227261	78.7216881398	72.2156629722	75.7995152434	78.0030785909	73.2192485313	80.421546039	77.637854737	52.474166916	73.5808735204	80.3628039446	75.0560181129	74.5279941304	76.6305625528	47.6257298631	65.7308407956	66.1961652861	68.9860963438	70.111349595	90.3124531138	68.4842263293	51.6310790819	80.2848015462	76.289694046	52.9303623991	73.7980957386	67.5977962123	75.1333598449	78.1626819668	74.5598299821	77.6944203486	70.4208248913	68.6601647849	73.7605965728	73.1523019101	74.2292494445	64.191701879	44.7297238509	61.7822684598	77.6673422203	69.8562636368	70.0099242613	79.8402417279	78.7686096095	76.4837169948	78.6985539519	71.7387298178	51.6336623578	78.2166880699	68.0629789108	43.0223131361	68.1860957792	71.8684359045	78.9450252596	60.4110526635
73.8393425415	79.8046202606	75.8126827914	53.2549858281	68.1831481195	80.2559928162	40.0609257587	66.6362062252	66.6526180137	77.3432995946	69.0036353978	60.2673855893	66.1793073998	68.7114186364	71.5502695944	43.9569440446	66.6031728361	75.1796933045	56.3467449415	61.943030452	76.7777218118	66.2835938106	62.8839565358	60.3802725746	82.6647741477	70.8044209901	68.4842263293	90.3124531138	64.9702201829	72.5324299767	65.6145736676	53.7221778738	76.9989128963	80.3086333978	74.0200070176	58.4745629802	73.3546695981	57.9331144184	75.9676749838	76.8555363449	63.3021995265	74.5484791379	71.1652227779	74.2001810834	66.060419928	78.8309428451	73.8196688279	79.9435796523	76.4261923471	61.5093458747	58.032497199	56.7870778833	77.7704924377	60.4467679508	60.8354789475	62.5191977884	67.7051170814	63.4540212509	79.7664514765	69.3032152301	58.5869963403	51.5397536041
60.6128161781	69.1958823616	53.9402907125	41.0849655166	51.2759656308	67.093004545	33.0426873612	46.4404071207	45.6043849243	55.7846160861	51.5320831897	43.0535655746	49.2941655111	46.5062258182	54.2695302393	32.4248422156	46.1135431855	55.3511775814	26.7668033466	37.8474892742	55.9986850194	66.9960489808	41.9806035053	26.7008323528	65.3618392019	56.0648655043	51.6310790819	64.9702201829	90.3124531138	46.0678632149	37.9927525924	68.4739814744	62.2640469968	56.132095609	51.9719163537	42.802735246	55.9000867485	35.4486886794	65.9777140007	61.6821105801	50.0981788115	52.1801199491	61.8285908409	57.2505431789	61.0256179683	68.2132204502	63.1113304703	58.0277006191	61.3716551028	34.1209316194	37.9896143142	34.3181905434	60.0646469045	42.8517574447	55.1524843672	49.8074071276	33.7312082563	59.2515494756	63.3434112715	54.3325784688	31.6138229429	51.2332985877
61.079098184	72.8518192337	63.4289127214	47.9275461657	79.9914496715	73.4177007763	38.839277958	81.0397468328	79.4763569094	74.8959470065	75.4903721814	76.2081535753	81.6908929611	85.0589293385	77.4779919751	48.4222905106	73.7693803615	78.3577554039	74.8710548127	80.6996012361	84.817205908	48.2349881804	58.2379880732	73.6953058241	74.6021877868	73.4838826071	80.2848015462	72.5324299767	46.0678632149	90.3124531138	78.2002608152	43.3740269382	74.2002695965	74.0989919756	80.2503655961	70.8308617345	74.3778664518	78.0782129378	71.4623858741	73.1477469535	71.6375027249	75.32461581	68.4706510178	63.7639804462	45.5589485183	64.66704513	74.5832305087	75.263474884	69.5719502345	79.6477914141	77.7495776083	78.0472972986	78.9924975113	76.6015725942	49.4061651646	75.5677419601	77.1518813597	53.0501059789	74.8403915168	71.1939849456	78.5052965723	51.6715223105
50.3503126614	62.2787281836	61.5183173872	36.0267983403	71.2367664837	64.9360575272	19.3513340667	73.8831708264	75.7236566995	66.7755436217	67.8549118624	75.9866446184	75.2959074775	77.0964074766	73.8024066349	40.1791956225	70.6827990546	74.2575189675	74.7576443579	78.8489797133	71.4290384615	44.1840134902	57.6122310197	74.5464497378	64.8869971121	70.2617763298	76.289694046	65.6145736676	37.9927525924	78.2002608152	90.3124531138	30.4206973846	70.3414889037	71.7238889042	72.8841311186	67.2546192224	69.8142181106	74.8520530572	58.6378683639	66.8241056643	75.4695382181	70.6771808596	59.9329177938	56.9930980667	41.9617930696	55.315918187	66.5768114816	68.5900849708	59.1649233392	81.2665714197	72.8605954813	72.9282397328	69.8892697703	63.9131917297	35.3805281498	72.5271972408	73.5534348467	41.1032662542	68.9072903819	66.9314641634	77.7021053693	52.5581263074
49.4752400588	65.867711373	40.4571319434	53.9714704773	44.2506895534	65.4763092323	52.645298391	49.5886988745	47.6882239983	52.6036104387	49.8191344444	34.4853051402	38.5178283764	44.4950618893	48.3068188884	42.2710895726	39.9861166895	55.210985732	31.6277011	28.6000061888	52.0100273618	48.0293669197	51.9508887675	26.7444283167	52.0948944332	40.7324356838	52.9303623991	53.7221778738	68.4739814744	43.3740269382	30.4206973846	90.3124531138	56.1716809334	45.6971308501	44.2326855614	45.9838368254	52.703037523	43.7006740587	60.6714648033	53.2850431735	40.6985579811	54.2403321496	61.4892254272	56.5912964564	41.7450100517	55.2194200383	62.8421759197	45.0438631479	62.5088539128	36.7946160991	42.7792164769	34.1156978577	60.8960189906	39.5884151721	63.1322037952	49.5143438138	31.5076423468	40.9311116633	50.6311733543	45.4808253608	32.6870291359	54.6906794125
60.9621880326	82.7435947166	68.629058165	50.5206615295	66.4876332515	81.2836523734	40.6191887219	74.647924804	70.6279267601	77.5803896388	71.6632887648	66.4664200033	69.4548121073	71.3145294043	70.8277680572	54.0224828067	66.0731552656	79.852473986	63.1107470912	62.5407711709	76.2670507328	65.6239792757	64.437003349	64.8419712054	75.5343465513	67.596929672	73.7980957386	76.9989128963	62.2640469968	74.2002695965	70.3414889037	56.1716809334	90.3124531138	74.0629478694	73.3050870102	63.2184048707	80.5114339727	65.4788871781	75.7680855272	83.0464783041	65.4060843399	77.8122755616	67.8753569347	72.5722587584	57.6140085878	74.3193903867	74.228867912	75.4300690961	75.6194379005	68.8829620699	64.5241970094	63.8664766759	81.5028417363	68.1908960751	58.1785600926	68.3727765538	64.9439321649	54.329709463	79.6909423912	73.6546785343	63.8050327665	65.7032091491
74.3588586995	75.6429663273	78.8633144639	52.3950328553	69.0187923887	77.2301135823	35.5047714302	68.9842902191	71.9759785852	77.2364412964	74.5554358169	57.2491520703	68.4850906748	71.7414055845	72.1952395536	37.6736410996	69.0075360254	73.863223751	61.334380173	68.3747009441	77.9359397899	60.7555870056	65.161182099	70.1034818991	79.5192500428	71.8992506634	67.5977962123	80.3086333978	56.132095609	74.0989919756	71.7238889042	45.6971308501	74.0629478694	90.3124531138	75.1295581769	56.0702513305	72.2768790722	63.0433175355	70.440485843	77.2789451652	68.7390685822	74.1833231798	67.084405962	74.9650453796	55.9331115938	73.9760110974	71.7212616076	77.577255317	71.0996365154	64.1534532576	58.9625368431	56.9523341089	70.6905196694	62.4211700669	52.1622035906	61.9225121594	75.9704824281	63.6640378407	80.9471135439	70.9360811452	60.0750794365	52.6395739726
62.3023211086	70.1473033079	60.8860552329	44.7809997147	73.6582906251	70.9091843481	31.0969224734	73.407322505	81.4424262917	74.4451243398	77.5153393978	73.1900664962	76.651042285	77.8010477607	79.8368503048	35.158603582	72.2347516625	77.5123132833	72.6097958871	76.538460673	82.9976328945	50.4737331745	60.1363198917	73.6296704979	75.4642901402	77.5492729928	75.1333598449	74.0200070176	51.9719163537	80.2503655961	72.8841311186	44.2326855614	73.3050870102	75.1295581769	90.3124531138	72.9767381821	73.9600446276	69.8140763946	69.8548181276	73.0124346974	71.3021659934	76.4802212062	73.4642416805	63.624350061	44.790780342	61.7886327632	72.1957291877	79.4113870296	66.4935235452	74.5179118055	70.6996275094	72.4170403262	72.5041447694	68.5889949855	44.4063890906	75.1187881122	76.4201797784	53.6293710425	76.5003574634	72.8542221725	73.8625204325	50.4145511881
49.7613965028	61.1278800327	45.361956064	35.544173669	67.7454064005	63.2357227301	29.5941446622	69.7109065646	74.0040106846	64.3393398928	69.8352379961	78.4370909945	67.7557603666	75.9317730639	72.4469547544	42.6354677605	66.1336271157	74.8014857969	74.3473377082	69.4349997017	69.4063158187	38.818876018	60.4743457686	59.418219572	60.3930373876	63.6718356025	78.1626819668	58.4745629802	42.802735246	70.8308617345	67.2546192224	45.9838368254	63.2184048707	56.0702513305	72.9767381821	90.3124531138	66.3754354236	67.9607348321	63.4206457877	61.548550943	72.1947083175	68.4626678192	70.2253491504	53.9659035578	34.9586062479	49.2762800158	69.2220347965	61.2044601861	59.3713001702	72.2799301604	70.264922759	70.3546905489	69.3723978764	63.6176289708	41.0388973547	81.6022604848	56.2405662282	39.5782022142	59.5441835944	61.5854741537	71.953685232	49.4562354239
57.3382644555	76.7502821896	67.1955730294	44.0082155161	72.469669643	74.1551634351	35.3847876341	74.322163056	74.4898105264	73.8242519106	70.5821077271	71.548337635	68.6211111693	73.7957167896	70.6641122482	46.5566591033	67.5028130586	76.4199630857	63.7222891365	65.6559757852	76.8199060902	57.4322032005	65.6818588916	62.9646926514	72.7399195929	67.5527227018	74.5598299821	73.3546695981	55.9000867485	74.3778664518	69.8142181106	52.703037523	80.5114339727	72.2768790722	73.9600446276	66.3754354236	90.3124531138	67.568108167	69.5635396349	74.9204503128	66.1291958501	77.0696228353	65.2816782879	64.7208214437	51.6301532412	64.2921273856	73.3759534497	70.9948582316	71.9101865347	70.3305527964	66.0047224482	68.5417305467	78.6179955541	67.9954606032	49.6984798222	68.6444361183	67.4636704677	53.4702742034	72.8211966093	67.0156060001	68.2835954443	62.9030783052
49.3268310061	62.8512721789	46.7757070742	55.6740087412	74.5158906011	64.6609065096	38.6518897923	80.0050420897	78.7778755588	60.3050410854	68.6025438097	69.0167457093	71.97133776	75.3124501621	71.1797193872	45.6778702618	67.8851404011	71.4040806443	72.6056579526	72.0352926036	73.9592841268	33.8762969305	59.7024182901	72.5122794741	56.7370400022	67.0893131159	77.6944203486	57.9331144184	35.4486886794	78.0782129378	74.8520530572	43.7006740587	65.4788871781	63.0433175355	69.8140763946	67.9607348321	67.568108167	90.3124531138	59.3032750225	58.7823969236	64.5288427797	66.2608663974	62.829243732	58.2540946207	31.6072523497	50.5552631705	69.3967432772	59.5969177161	59.2784069524	82.8689155131	82.2902910111	78.5769712232	73.8567476176	68.6052868818	46.2833970364	70.9264066611	65.7903173438	37.1953796283	61.0565435923	63.7265395534	80.9020469217	51.7697854931
71.2711990978	77.5592712228	63.5580941445	55.2054852422	66.895838478	78.3232476248	43.0403546604	69.1016190005	67.0142964621	71.014305759	71.8962921385	61.4457534903	66.6514560913	72.236225633	70.6644060284	42.1469567815	61.3589924751	77.9537293195	58.3722524774	60.6958285552	76.6942118437	60.3897953238	60.1989324526	55.9445030983	75.2293435784	67.7641790008	70.4208248913	75.9676749838	65.9777140007	71.4623858741	58.6378683639	60.6714648033	75.7680855272	70.440485843	69.8548181276	63.4206457877	69.5635396349	59.3032750225	90.3124531138	76.0486443802	59.328285013	71.1630534406	73.1058148842	73.2459585408	54.8426556958	71.9910825633	76.636707801	73.6668496146	72.453370259	57.6556823603	56.7939493951	53.8481597273	74.0906000724	66.303491824	61.901134185	70.5454727168	59.1078617184	63.864493418	74.733538058	70.5436552469	57.3899831252	50.8098803045
64.7723992382	80.3358117406	70.69820445	47.0264949589	66.1133351939	79.483652574	39.6419650161	70.8471023576	69.5853166916	78.2076771908	72.376973417	63.3155485571	70.8943896959	73.1070660523	70.8835410856	45.2508993802	67.6949649159	77.3367024029	61.6435207054	63.2380013564	76.8018067212	66.3858902206	65.1672009723	61.7382223447	78.4492223067	67.3879511517	68.6601647849	76.8555363449	61.6821105801	73.1477469535	66.8241056643	53.2850431735	83.0464783041	77.2789451652	73.0124346974	61.548550943	74.9204503128	58.7823969236	76.0486443802	90.3124531138	64.9696372543	75.5428311223	66.5750292361	74.1189231555	54.0067978675	74.2031719751	75.1327596614	76.3387797682	72.7949888136	63.3491490156	57.2566795708	58.775585403	76.3981111566	66.3545028462	54.194576014	66.849666678	66.4243567431	63.846122051	80.0942296146	68.926141488	58.8383555409	59.8310302407
55.8109462988	63.3504197243	61.4878426653	34.6040085471	67.4967884519	69.7320491346	25.102828272	68.5867717789	72.1670020987	68.2080261859	66.4353720647	71.0482536621	68.0003864054	73.648026477	71.6491511156	43.9413253356	68.4737396571	75.4123278907	71.9108182585	76.4203634582	69.1355459675	54.0988095438	53.9540132694	65.2711694771	66.004685112	71.9194259604	73.7605965728	63.3021995265	50.0981788115	71.6375027249	75.4695382181	40.6985579811	65.4060843399	68.7390685822	71.3021659934	72.1947083175	66.1291958501	64.5288427797	59.328285013	64.9696372543	90.3124531138	68.7361110426	66.0008134705	56.3531536451	53.7303312394	58.6172398121	68.2129755255	61.8091921454	61.1078781406	65.7529000274	61.4095712308	62.991217428	67.7285312436	63.3957795471	41.8252645926	74.6292168916	67.2631795178	43.1028651178	69.9623635594	65.6463044844	64.5737730956	54.8266453505
58.5308172646	77.7599970314	67.8468583825	55.6770675642	67.8158749784	76.9159414147	43.4173201342	72.0665276879	75.0463667245	80.8960825843	74.8205613778	68.3439317182	63.7576133772	73.9197577853	72.1808590143	52.1693985408	68.7900159853	79.7076026991	70.4709689854	66.5862435955	75.5292754308	51.4914828228	69.5398942751	67.794282845	76.0048297301	68.7759187607	73.1523019101	74.5484791379	52.1801199491	75.32461581	70.6771808596	54.2403321496	77.8122755616	74.1833231798	76.4802212062	68.4626678192	77.0696228353	66.2608663974	71.1630534406	75.5428311223	68.7361110426	90.3124531138	70.8821801411	69.0172315036	50.748889465	64.7210629907	71.9243626178	75.2499735316	73.890279788	68.4814267477	60.9376090552	63.2422290115	76.2311354626	65.0536413848	55.8631113875	70.7565901015	74.344313282	52.4594486219	75.4001784082	67.5343261695	64.0543632154	53.948824794
67.7598746969	73.0764133772	52.8824074654	55.7271875545	66.229689937	73.3467121894	47.1209922587	65.2668367347	71.4893861754	70.5987342629	73.1726572075	60.7739047866	57.4104069036	66.7971731096	75.1406922733	41.1307017047	61.8143759355	75.5669835164	61.3557944444	61.7239078017	71.6705629988	45.9730982281	62.1005250396	57.4045092486	68.9194687847	71.1542833913	74.2292494445	71.1652227779	61.8285908409	68.4706510178	59.9329177938	61.4892254272	67.8753569347	67.084405962	73.4642416805	70.2253491504	65.2816782879	62.829243732	73.1058148842	66.5750292361	66.0008134705	70.8821801411	90.3124531138	70.5065246867	43.7012484621	64.4319222682	78.7652427949	70.0721722616	70.5277672881	63.513043848	63.46475352	57.8735163646	70.1976296685	56.4185285829	63.7538523954	68.222239989	59.1771606037	49.0283058085	64.8869792316	66.3658438543	63.1155189061	51.2258372165
76.095963998	77.1582633692	68.2896702392	64.6543630233	57.4883158029	78.723518115	50.8859228294	62.6913135445	62.7741671111	73.2456695994	73.6519167874	46.9511178772	54.0774325713	63.2148631723	63.5987063808	48.2862566379	62.2874934375	72.8840981289	52.5693214502	54.159714353	68.9673740688	55.4466017734	62.9494096262	58.155819788	72.5564885938	66.3166086277	64.191701879	74.2001810834	57.2505431789	63.7639804462	56.9930980667	56.5912964564	72.5722587584	74.9650453796	63.624350061	53.9659035578	64.7208214437	58.2540946207	73.2459585408	74.1189231555	56.3531536451	69.0172315036	70.5065246867	90.3124531138	47.3519838355	72.3526002092	75.2187056001	65.3638041617	68.2171128642	56.2211144912	51.8920920744	47.7689606234	69.8197778791	55.5847029625	66.128573482	57.5108316639	60.3990810044	56.9377779961	72.1416916926	67.6369365625	51.2852060528	53.3406864297
