Tissue	braincaudatebasalganglia
N_samples	98
Chr	19
Gene	ENSG00000104833.6
SNP	rs427003
Gene_list	ENSG00000104833.6	ENSG00000110700.2	ENSG00000105649.5	ENSG00000134419.11	ENSG00000092096.10	ENSG00000105290.7	ENSG00000105223.14	ENSG00000129990.10	ENSG00000204843.8	ENSG00000154146.8	ENSG00000176884.10
Gene expression stats (Y^T * Y): 
90.3124531138	-58.2999012801	60.6923909732	-58.8080423202	56.3089904439	56.3336493846	61.5594995169	60.9908388162	58.1757868613	56.7234423091	55.9000175715
-58.2999012801	90.3124531138	-58.8470747244	81.1459159734	-52.8345582489	-22.2424649716	-62.0032441517	-56.9615390725	-40.4439868458	-49.8407814877	-59.0024477472
60.6923909732	-58.8470747244	90.3124531138	-59.2919798966	46.4649323433	30.0572453277	64.0338729295	56.4226597255	39.0334946135	65.729838207	44.6875351119
-58.8080423202	81.1459159734	-59.2919798966	90.3124531138	-52.8854525324	-29.2507133942	-60.7638449709	-60.306804493	-35.7064546682	-62.3668137367	-60.3798803196
56.3089904439	-52.8345582489	46.4649323433	-52.8854525324	90.3124531138	26.3130512132	72.6192925623	54.2011926492	43.652499384	48.369993928	54.4422856369
56.3336493846	-22.2424649716	30.0572453277	-29.2507133942	26.3130512132	90.3124531138	38.4476031129	34.7825112914	50.997566045	42.1313006174	30.1161911309
61.5594995169	-62.0032441517	64.0338729295	-60.7638449709	72.6192925623	38.4476031129	90.3124531138	66.4462246498	52.407120166	59.0037424309	56.6837498032
60.9908388162	-56.9615390725	56.4226597255	-60.306804493	54.2011926492	34.7825112914	66.4462246498	90.3124531138	60.3499737132	55.8232389673	55.9869846001
58.1757868613	-40.4439868458	39.0334946135	-35.7064546682	43.652499384	50.997566045	52.407120166	60.3499737132	90.3124531138	39.0089510202	51.1414169988
56.7234423091	-49.8407814877	65.729838207	-62.3668137367	48.369993928	42.1313006174	59.0037424309	55.8232389673	39.0089510202	90.3124531138	49.5554124731
55.9000175715	-59.0024477472	44.6875351119	-60.3798803196	54.4422856369	30.1161911309	56.6837498032	55.9869846001	51.1414169988	49.5554124731	90.3124531138
Genotype stats (X^T * X): 	45.6591223367
Gene expression - Genotype stats (Y^T * X): 
27.9202595298	-11.7372042032	18.9432120036	-16.0492262664	20.7050979584	18.2524612049	20.8518132261	22.2604990642	13.2042902344	15.6595880874	13.6902794255