Tissue	braincaudatebasalganglia
N_samples	98
Chr	19
Gene	ENSG00000160113.5
SNP	rs60143665
Gene_list	ENSG00000160113.5	ENSG00000179965.7	ENSG00000142694.6	ENSG00000119574.8	ENSG00000232434.1	ENSG00000131188.7
Gene expression stats (Y^T * Y): 
90.3124531138	63.5850779733	65.9091445606	55.2675133953	56.3020831144	55.7296676142
63.5850779733	90.3124531138	59.9850015658	49.3494517083	66.2786055463	74.5369650271
65.9091445606	59.9850015658	90.3124531138	48.9537833889	58.5914508545	59.1380337493
55.2675133953	49.3494517083	48.9537833889	90.3124531138	50.1435637613	40.4868014919
56.3020831144	66.2786055463	58.5914508545	50.1435637613	90.3124531138	59.0962079469
55.7296676142	74.5369650271	59.1380337493	40.4868014919	59.0962079469	90.3124531138
Genotype stats (X^T * X): 	16.5606192755
Gene expression - Genotype stats (Y^T * X): 
14.3965441888	7.96781034423	8.12812685272	6.12920527824	7.39968963889	6.56222501827