Tissue	braincaudatebasalganglia
N_samples	98
Chr	19
Gene	ENSG00000063177.8
SNP	rs10426317
Gene_list	ENSG00000177600.4	ENSG00000115268.5	ENSG00000140988.11	ENSG00000171863.8	ENSG00000130255.8	ENSG00000166441.8	ENSG00000132639.8	ENSG00000144713.8	ENSG00000105640.8	ENSG00000221983.3	ENSG00000110786.13	ENSG00000134419.11	ENSG00000137154.8	ENSG00000142676.8	ENSG00000198242.9	ENSG00000142192.16	ENSG00000231500.2	ENSG00000121905.5	ENSG00000124614.9	ENSG00000198755.6	ENSG00000266964.1	ENSG00000172995.12	ENSG00000125691.8	ENSG00000108298.5	ENSG00000100097.7	ENSG00000168028.9	ENSG00000100316.11	ENSG00000105193.4	ENSG00000188846.9	ENSG00000145592.9	ENSG00000131469.8	ENSG00000105372.2	ENSG00000140264.15	ENSG00000142937.7	ENSG00000265681.2	ENSG00000160014.12	ENSG00000160307.5	ENSG00000178980.10	ENSG00000232112.3	ENSG00000063177.8	ENSG00000142541.12	ENSG00000142534.2	ENSG00000213741.4	ENSG00000162244.6	ENSG00000128989.6	ENSG00000123349.9	ENSG00000170889.9	ENSG00000123360.7	ENSG00000115310.13	ENSG00000143947.8	ENSG00000108107.8	ENSG00000229117.4	ENSG00000092841.14	ENSG00000008988.5	ENSG00000181195.6	ENSG00000168309.12	ENSG00000083845.4	ENSG00000139970.12	ENSG00000171858.13	ENSG00000149806.6	ENSG00000084207.11	ENSG00000137818.7	ENSG00000172809.8	ENSG00000156642.12	ENSG00000149273.10	ENSG00000138326.14	ENSG00000186468.8	ENSG00000167526.9	ENSG00000198668.6	ENSG00000156482.6	ENSG00000166925.4	ENSG00000114391.8	ENSG00000164924.13	ENSG00000109475.12	ENSG00000163399.11	ENSG00000177098.4	ENSG00000118181.6	ENSG00000154096.9	ENSG00000155368.12	ENSG00000089157.11	ENSG00000136942.10	ENSG00000197958.8	ENSG00000152082.9	ENSG00000112306.7	ENSG00000148303.12	ENSG00000104529.13	ENSG00000161016.11	ENSG00000164587.7	ENSG00000248485.1	ENSG00000170091.6	ENSG00000204628.7	ENSG00000182899.10	ENSG00000066248.10	ENSG00000172428.6
Gene expression stats (Y^T * Y): 
90.3124531138	69.2145527655	66.4542625355	57.1032882759	71.0033440142	55.1496074335	-46.2494906279	55.9905931183	64.8481868833	69.2162830541	-33.7154951317	43.3098454627	55.4173473923	62.9680267736	65.9947945924	-44.3320209979	56.4741117011	-32.2088401662	65.5622290389	43.3837454646	41.7696729784	-47.5837885163	54.3829665643	67.6462247424	55.1261538158	55.7621076601	52.2137539014	70.6515976768	48.1020149665	65.7223764157	57.9445366377	73.8393425415	60.6128161781	61.079098184	50.3503126614	-36.3681036508	44.2630782675	49.4752400588	46.3311787123	60.9621880326	74.3588586995	62.3023211086	49.7613965028	57.3382644555	-47.1077032751	49.3268310061	71.2711990978	-40.0867988867	-39.1351139097	48.9202026515	64.7723992382	55.8109462988	56.0126797687	44.5841022155	-41.8791763905	31.3866900324	58.5308172646	-42.4333749491	67.7598746969	76.095963998	53.8011047716	72.1129981474	69.5740060309	-47.3363197182	66.088997909	39.7125364633	47.4807241067	63.267907559	-44.1534883066	49.7478145636	40.6292447552	47.4551667149	-50.1493938538	48.1281116065	-39.1520305966	-28.6912594468	43.104973345	-37.95869263	40.7462669954	42.6639599236	59.713196427	49.3825601881	57.3022772713	54.5288726953	56.0024843732	65.8553390819	68.9303711009	64.5709207312	-36.2915074247	-35.479408686	44.2109129316	46.2328755919	-33.6100389517	45.8692283817
69.2145527655	90.3124531138	69.5973184951	67.465740874	84.2028340905	72.6676614083	-51.0815832413	67.153414422	80.9880974837	72.7622356226	-46.73610111	59.1544743865	64.9725021491	69.4672264471	70.3776162527	-53.530506736	64.2767525759	-48.7168885735	77.9046251226	56.9404024603	47.6878836208	-55.8755807098	57.1929395938	76.289020687	63.0562121719	63.6623211177	57.9750667579	78.4263322339	51.4919682151	66.1736345053	71.6075512516	79.8046202606	69.1958823616	72.8518192337	62.2787281836	-46.8043686674	58.7618961686	65.867711373	59.1926167419	82.7435947166	75.6429663273	70.1473033079	61.1278800327	76.7502821896	-52.6983687165	62.8512721789	77.5592712228	-51.2892837816	-44.8605250537	54.8046106979	80.3358117406	63.3504197243	56.3929614953	53.9338062328	-51.9420063824	40.6721502121	77.7599970314	-47.5133454292	73.0764133772	77.1582633692	61.5256578644	78.9776450736	76.8838440445	-60.2440981677	72.6528799452	53.9276482653	56.3977430781	82.3120084437	-54.0540009389	58.6947914073	58.0020587146	62.2505188456	-55.8972723827	60.2417637273	-57.4403876694	-42.9036811114	60.568498701	-46.5597918992	52.2126466023	56.041693642	83.0835677378	63.9185778799	69.3741225393	65.1232454675	61.8360618995	59.5209826429	75.122100124	69.2317819787	-51.3447470203	-47.8949122333	49.3773841855	57.1835251763	-51.4568184739	61.724390384
66.4542625355	69.5973184951	90.3124531138	56.2261786208	70.8416910057	57.4007020542	-50.2342562289	56.4428281448	72.8782635391	62.3439502406	-30.3721479236	49.3427815059	56.4581296661	61.7908650619	56.7750132483	-60.6540821002	60.3338802627	-34.1276565384	66.5067990369	51.0369512652	51.0076240355	-47.0653853135	57.599107305	66.4112048683	61.5844287394	55.8459878633	53.9531445157	76.4245632581	52.3220748395	59.0072106402	57.7274537994	75.8126827914	53.9402907125	63.4289127214	61.5183173872	-35.5209924203	45.6097233473	40.4571319434	46.4741288921	68.629058165	78.8633144639	60.8860552329	45.361956064	67.1955730294	-48.8606367235	46.7757070742	63.5580941445	-39.5430333141	-50.7377077421	38.7461507181	70.69820445	61.4878426653	62.5884622031	44.8291835388	-48.1589366475	45.7108728574	67.8468583825	-38.9433130127	52.8824074654	68.2896702392	60.4049178929	69.6691188003	59.4751539561	-49.5045084895	66.8884723806	46.260962363	39.5951285422	66.9406545372	-43.2950650819	47.8589884293	42.2185765753	48.7705042587	-50.6355422169	43.0894282467	-45.866667579	-28.2486805767	44.713025872	-39.1387848587	44.6853532995	66.1710928004	64.546461594	56.3509081249	49.4139659855	52.2692451244	66.3803965765	57.5492649227	75.0127988487	63.2099652215	-37.5012235398	-36.478752587	57.4837596131	44.0881173466	-37.5085528635	51.6730068678
57.1032882759	67.465740874	56.2261786208	90.3124531138	67.7383664686	73.5113885457	-32.3447412535	77.8265031002	64.4570384174	70.6947230134	-52.0652531261	75.6300045414	77.3672611287	77.5230680143	74.927933358	-38.276071924	71.4818685573	-49.5864978479	70.2950924935	66.9783693998	29.154928666	-43.0351255603	76.5452944971	79.6602030184	46.9369217918	54.4516208274	64.4354762174	69.3549197297	70.149791979	71.3923109745	76.8737743771	68.1831481195	51.2759656308	79.9914496715	71.2367664837	-41.902254809	45.6342299074	44.2506895534	61.8370661812	66.4876332515	69.0187923887	73.6582906251	67.7454064005	72.469669643	-40.7210467001	74.5158906011	66.895838478	-56.2294931538	-30.0011417885	71.3700478525	66.1133351939	67.4967884519	51.8165395169	71.665438707	-46.187787272	39.1900447788	67.8158749784	-22.4062261063	66.229689937	57.4883158029	45.1917204794	58.6272018747	73.725123581	-45.1050650256	70.2600961702	75.4782810465	68.8809382619	63.7527817872	-30.53942455	72.9422468154	27.608036867	75.589374184	-34.8032834571	74.0611105864	-51.6317065405	-52.1003134085	73.4960263354	-49.2875338172	53.8154005183	57.781648185	74.5514174212	70.7068300469	42.2403147938	69.8942851267	69.6451020088	47.7634297123	68.6982362916	63.5363920299	-39.2031042329	-38.1991264743	54.1562837464	77.4974861628	-58.1951360097	48.8733047815
71.0033440142	84.2028340905	70.8416910057	67.7383664686	90.3124531138	73.0491969511	-50.6809266148	68.6457471571	78.715126136	73.4419844718	-47.6955802455	60.1515574885	66.2030493327	71.0274179139	71.5061825537	-59.1570533253	68.9306766843	-49.184457407	80.249801713	61.1356115559	51.6562944891	-56.9874651975	62.6150979528	75.860443048	67.4910523867	66.9514366537	61.7053629665	76.3988428103	55.2503987332	69.1142912416	74.0392538742	80.2559928162	67.093004545	73.4177007763	64.9360575272	-45.1066255917	58.8222396831	65.4763092323	60.977659152	81.2836523734	77.2301135823	70.9091843481	63.2357227301	74.1551634351	-54.2090434584	64.6609065096	78.3232476248	-51.5571187244	-42.0863126564	57.0851273466	79.483652574	69.7320491346	61.4761898337	55.2874630111	-50.4596835461	44.5098022627	76.9159414147	-45.9483540137	73.3467121894	78.723518115	60.6495797192	79.1116553139	78.5829769061	-61.4906051655	71.9825927202	56.5073357088	56.7046997146	78.0244178005	-52.6370516471	60.2172440967	54.5715203526	62.8689667662	-53.4893664038	61.2136990398	-54.3470598171	-47.1883118358	59.651392313	-46.3948606137	57.4910559606	60.6421187582	82.0980973652	65.7948034034	69.6808761198	68.3166926582	65.4550115597	59.1097083804	79.625955839	71.696081956	-51.0658678645	-45.2986807059	50.628683446	59.5566964265	-51.8713920376	63.572852596
55.1496074335	72.6676614083	57.4007020542	73.5113885457	73.0491969511	90.3124531138	-37.6385671131	75.397510316	72.5866566727	68.9489540022	-46.1760294213	71.6721733149	74.8543555521	77.4437694416	70.3958348699	-48.8249170867	71.9578711083	-53.0995925612	78.6329411832	68.9119466493	39.4222621014	-41.0126555013	71.0426839153	78.1403867145	50.0630259466	60.7648413642	69.4099593654	67.0105441807	65.4723958621	66.1517854547	79.2805227261	66.6362062252	46.4404071207	81.0397468328	73.8831708264	-42.6504004111	53.1060885659	49.5886988745	59.573664958	74.647924804	68.9842902191	73.407322505	69.7109065646	74.322163056	-42.3366662724	80.0050420897	69.1016190005	-53.7817767073	-33.513497606	69.4279396405	70.8471023576	68.5867717789	51.0860703772	68.3351299	-42.7800958579	41.2172522908	72.0665276879	-30.6412861584	65.2668367347	62.6913135445	46.3194593999	64.0410068845	70.9600476752	-55.9984617945	67.9792222267	74.7755071131	62.6751688459	70.1143403652	-36.85858937	72.8722445892	41.3427010657	75.4691961758	-34.3466223422	76.9526723637	-55.4861641848	-53.3663342954	76.8179112119	-50.7080370973	54.2265664249	62.7404653902	79.6789902915	73.6288315606	52.5679407101	72.9783626751	68.3052632974	49.4240848911	68.8235397442	66.9445645312	-40.1849454475	-38.9837319929	51.6560294438	73.5745549325	-57.5211931117	58.7222741329
-46.2494906279	-51.0815832413	-50.2342562289	-32.3447412535	-50.6809266148	-37.6385671131	90.3124531138	-31.7406872438	-45.1524893893	-35.6777824796	64.3823166304	-39.7189735025	-45.7974807902	-39.7821741134	-41.541608842	58.9482925162	-33.9838752692	69.7812544696	-48.7483156247	-19.4887066513	-66.1992130844	77.2416656876	-31.3625941525	-43.5070768149	-65.8205693272	-30.5326772985	-27.2037221922	-55.9014845702	-19.9667222009	-46.0919081597	-32.9475419823	-53.7578239858	-58.1466772503	-36.6462709444	-37.7182625664	78.436954607	-60.5758877408	-30.7508357771	-23.972915748	-59.3352912172	-48.185205338	-41.8003890484	-27.1388992931	-48.2511656273	79.9622635725	-19.8536308633	-49.6665474104	61.8194306289	68.2582320346	-20.9915672871	-57.1998044444	-42.6184337319	-56.398418882	-26.478659192	69.8220515517	-65.4095256418	-42.9109989203	72.3842111941	-32.7649265256	-38.3722140374	-66.4882882745	-57.2475591684	-40.7108913894	70.340821168	-53.8840048327	-29.7655187347	-35.1950052177	-45.781538645	75.9477667543	-34.6374015479	-63.9783456299	-23.3060999578	77.773479061	-22.6627026212	64.3967080517	47.0649809698	-24.3632274599	71.3499656159	-51.0950137114	-48.3750993308	-45.4505504484	-34.6660370635	-23.1850290856	-39.4615354337	-28.0224622772	-59.3643829922	-58.2209711857	-46.2383450395	74.4226407975	71.134886061	-45.2113787458	-19.6238261083	61.4976916458	-42.2833192226
55.9905931183	67.153414422	56.4428281448	77.8265031002	68.6457471571	75.397510316	-31.7406872438	90.3124531138	68.3494531229	79.5601756377	-47.9626382789	75.9577013569	76.1410653256	79.8876561653	78.4244087106	-42.5981418025	72.0323147569	-47.1636804689	76.0790792721	78.8209617832	34.402139228	-39.4782087788	76.3142160062	81.7720581001	40.5502822322	64.0002055782	72.9308201711	68.4150466963	71.9991119888	75.4957245719	78.7216881398	66.6526180137	45.6043849243	79.4763569094	75.7236566995	-35.3307831237	48.1424639707	47.6882239983	56.5236524876	70.6279267601	71.9759785852	81.4424262917	74.0040106846	74.4898105264	-40.2607016227	78.7778755588	67.0142964621	-55.7371097346	-30.873103002	78.0732502415	69.5853166916	72.1670020987	49.4905334216	74.4160030533	-44.3554412059	41.0455217159	75.0463667245	-23.136171626	71.4893861754	62.7741671111	36.7409557501	53.4826398513	75.6112397313	-53.0974179289	71.570471421	76.1893584412	72.0899054626	63.4335324062	-26.3129555666	77.9852961739	25.3311349119	79.7272373054	-31.4102383133	75.047240014	-47.6378373409	-59.261403573	73.6032960531	-47.5673100607	49.7578404929	59.05787255	73.474002783	69.8352007132	42.0407422656	75.5123669398	73.6532617848	46.5725621724	72.1384593996	70.0182188849	-37.4870607173	-36.0540799647	59.7286236264	77.9614694374	-60.1607500845	53.0341894349
64.8481868833	80.9880974837	72.8782635391	64.4570384174	78.715126136	72.5866566727	-45.1524893893	68.3494531229	90.3124531138	74.1137590034	-36.1705065225	61.4644010558	64.0636008788	70.7857588168	69.5367353288	-50.2793116183	68.1012508896	-41.9499862428	78.5095707399	64.9399254415	42.8756757317	-44.225795948	64.9519264423	75.994985556	57.4169280842	63.5341324199	65.3344935285	81.0474435378	55.5514682022	65.6155830584	72.2156629722	77.3432995946	55.7846160861	74.8959470065	66.7755436217	-33.4106261459	47.0565589607	52.6036104387	48.2494303813	77.5803896388	77.2364412964	74.4451243398	64.3393398928	73.8242519106	-42.487594975	60.3050410854	71.014305759	-50.4500357957	-39.5548352565	56.495966221	78.2076771908	68.2080261859	56.6355571595	56.182368559	-44.6341874041	43.224817802	80.8960825843	-35.3472437533	70.5987342629	73.2456695994	58.5008102329	73.6505322414	72.5984525776	-53.7831686057	75.8617957332	56.220384874	55.0936053489	78.0625201312	-40.417949283	62.8294061729	43.043692851	61.8234550444	-46.8549406714	56.6163782411	-44.8772154676	-40.8965119197	60.2191833911	-39.1319346533	44.58909859	63.0251919655	77.7612491698	64.3083931406	63.0138187694	67.0201390794	71.7315108021	56.3911717704	75.1610691221	68.1469508689	-39.2523538586	-38.1824458757	60.0719588788	58.5007511657	-45.2712145538	58.5552439621
69.2162830541	72.7622356226	62.3439502406	70.6947230134	73.4419844718	68.9489540022	-35.6777824796	79.5601756377	74.1137590034	90.3124531138	-37.304635639	66.5706742936	69.9541157011	77.1453713096	77.8320529834	-39.8300871617	72.6591820082	-37.078854408	76.8883720575	70.8674265929	34.081849016	-37.4030517837	69.1339262161	80.0634873918	42.5216072224	68.4873527173	68.0699961262	72.3150756017	64.3786207974	73.8289462649	75.7995152434	69.0036353978	51.5320831897	75.4903721814	67.8549118624	-30.9881664679	45.3370479742	49.8191344444	52.9231210441	71.6632887648	74.5554358169	77.5153393978	69.8352379961	70.5821077271	-38.6372712185	68.6025438097	71.8962921385	-47.7960090245	-30.9292569606	69.8351243244	72.376973417	66.4353720647	49.8483716801	65.702458527	-39.8159425331	36.5459842707	74.8205613778	-31.3985042265	73.1726572075	73.6519167874	41.780264583	61.9991696787	77.3517128635	-48.2678786125	73.6640856988	60.3097524361	63.8486587879	66.1375894223	-29.7908608397	71.144411539	32.7593302538	70.8989296317	-34.4599969858	65.4746708644	-39.7874059133	-45.5615103196	64.9124609318	-38.0031506588	41.6571569402	54.9783036792	71.6739512581	66.0814908258	50.5387820922	71.001078237	69.2901281041	54.8229751744	72.5185109145	72.8398149041	-30.6622056723	-32.297956634	58.4893364874	68.4527028676	-45.0728083015	51.8457195358
-33.7154951317	-46.73610111	-30.3721479236	-52.0652531261	-47.6955802455	-46.1760294213	64.3823166304	-47.9626382789	-36.1705065225	-37.304635639	90.3124531138	-59.6316892867	-59.995683012	-47.4457258412	-51.1296220201	45.5840264301	-42.9423123832	79.1898450835	-47.8051733762	-32.3624415606	-48.3982542958	76.4479015676	-45.5066173166	-51.784468642	-60.9996440945	-30.1907532793	-30.0352645233	-46.8922898298	-31.5081957377	-50.5846083947	-46.4606576925	-47.622466191	-56.6058792599	-46.3586987808	-43.2497254949	78.4355205844	-55.7876377737	-36.9214375494	-32.0215749565	-56.3781377525	-38.2897524998	-50.505122459	-43.912268155	-52.3478259272	70.8441991937	-37.3153497733	-51.7812943743	78.1505823658	44.715621681	-41.2936123535	-52.8636895564	-45.8513430822	-53.510508523	-44.912667139	70.3648593289	-61.4221951855	-40.5902053014	57.4044038045	-37.5821500372	-27.3846110057	-49.8667954456	-46.6741633055	-50.9442880547	60.9983594892	-53.0309395078	-51.4083079259	-52.4307409809	-40.719718799	61.0978929474	-51.4922227227	-49.237505615	-40.3071875583	60.7845152307	-43.726240823	71.1280800878	64.3607555978	-43.0846480412	77.6985802419	-62.7379145318	-48.0491484454	-51.5843520342	-48.2121356952	-17.8787302399	-53.285241687	-29.5474941329	-41.5040727308	-54.5532493336	-47.1410158264	77.9972505559	79.3475240009	-43.4850651043	-41.3030975634	78.7902227913	-42.2952053914
43.3098454627	59.1544743865	49.3427815059	75.6300045414	60.1515574885	71.6721733149	-39.7189735025	75.9577013569	61.4644010558	66.5706742936	-59.6316892867	90.3124531138	77.656892921	79.4053726236	72.2539910233	-40.5362905	69.4323089649	-64.2576884718	72.7780285079	73.3369697119	33.6448102682	-43.1358965082	76.8738324253	73.2541476789	44.6733421588	52.6731944167	59.8153818563	64.8258077255	59.5712412968	69.1046128312	78.0030785909	60.2673855893	43.0535655746	76.2081535753	75.9866446184	-51.589513612	49.7499549461	34.4853051402	50.0544280722	66.4664200033	57.2491520703	73.1900664962	78.4370909945	71.548337635	-42.9536870534	69.0167457093	61.4457534903	-67.0131127202	-31.1954342515	74.8870066288	63.3155485571	71.0482536621	54.8928736819	76.7131996485	-48.9654058139	49.3231016247	68.3439317182	-24.8928250789	60.7739047866	46.9511178772	42.3427069069	49.2371916418	67.4044231547	-47.3782882731	67.212509332	77.8880217189	77.3733028874	54.7344398616	-29.8030033797	84.1071234608	25.7700194534	74.6655823259	-32.4489031348	71.0782497711	-54.9333635598	-59.2004565516	76.2967173802	-58.1085175395	57.6249773527	68.4020887999	70.1243679149	69.8461814055	28.3942798834	78.6198988148	61.4340128734	43.7704827264	64.5718727491	63.2199299034	-44.2187494711	-47.596605102	62.7452169532	75.8251950191	-65.6494679712	46.1302477898
55.4173473923	64.9725021491	56.4581296661	77.3672611287	66.2030493327	74.8543555521	-45.7974807902	76.1410653256	64.0636008788	69.9541157011	-59.995683012	77.656892921	90.3124531138	82.2170106457	75.8449942507	-41.2809345046	71.1818343924	-59.9872087046	71.2973145695	67.8210064172	34.8426579018	-54.3141347127	77.6678455051	82.1165432679	52.101584274	48.5058197233	69.0826230026	71.4450368684	69.9871873661	71.2170619482	73.2192485313	66.1793073998	49.2941655111	81.6908929611	75.2959074775	-56.1544774128	46.7891342489	38.5178283764	51.9197171584	69.4548121073	68.4850906748	76.651042285	67.7557603666	68.6211111693	-55.7344754336	71.97133776	66.6514560913	-68.7243205952	-38.1127285692	69.6145083185	70.8943896959	68.0003864054	57.7189628055	73.4088009079	-60.5091385811	52.9520747581	63.7576133772	-34.6071297287	57.4104069036	54.0774325713	45.5373722301	61.3140224248	69.2438513864	-52.6804655697	73.1193455474	77.4422391973	69.6434075696	60.0193817371	-44.6521805584	79.4649041819	35.1677418708	73.6083149426	-43.4488161346	74.0215577405	-57.5622310535	-54.4875712631	74.0267139536	-66.596781024	60.7280657864	65.4209529957	71.9365489798	71.8366234912	33.7007638278	76.3497086568	68.8023936638	57.5753495406	73.8062667483	68.8719292733	-51.0729360129	-52.9605363724	63.2460953316	74.1360661441	-66.6541665639	47.6593534869
62.9680267736	69.4672264471	61.7908650619	77.5230680143	71.0274179139	77.4437694416	-39.7821741134	79.8876561653	70.7857588168	77.1453713096	-47.4457258412	79.4053726236	82.2170106457	90.3124531138	77.9277693704	-42.3105811191	72.6615937569	-49.7386837526	79.5202049554	75.1482035994	34.0429527094	-42.9800464781	81.0301269089	83.241495314	47.0730842574	60.5035867429	71.2100698121	73.0954527451	68.3515889589	73.4002779678	80.421546039	68.7114186364	46.5062258182	85.0589293385	77.0964074766	-43.6174768554	50.2783693886	44.4950618893	55.4266417025	71.3145294043	71.7414055845	77.8010477607	75.9317730639	73.7957167896	-43.5297625617	75.3124501621	72.236225633	-57.1586463823	-33.4023478787	76.7253899519	73.1070660523	73.648026477	58.3810705545	76.5632633823	-45.8942248494	43.7513583217	73.9197577853	-29.2277213552	66.7971731096	63.2148631723	45.2081315906	59.5345654463	74.6793799571	-49.9496132157	72.6163379906	75.5848314128	74.2661638118	65.5249102918	-34.4106369267	83.4788934304	31.6068697919	77.277934994	-35.2639251212	73.9378615697	-49.6183475645	-47.7406284853	74.5694557515	-51.17249089	53.4910541868	65.8871836762	75.0599658731	73.6149986947	42.8870339641	80.491782189	72.5347504273	58.9749681073	74.4161745562	70.2968637974	-37.7137523887	-40.169140416	63.1928133891	75.7983662868	-53.3735521022	49.1432651632
65.9947945924	70.3776162527	56.7750132483	74.927933358	71.5061825537	70.3958348699	-41.541608842	78.4244087106	69.5367353288	77.8320529834	-51.1296220201	72.2539910233	75.8449942507	77.9277693704	90.3124531138	-45.3001617909	74.4072894696	-50.1888970353	79.0820725687	70.8969864759	38.7296840172	-47.1743022442	73.136151952	78.9677533697	48.4723896295	64.5929859686	68.9438892395	71.4118842157	63.6657466089	77.2411725166	77.637854737	71.5502695944	54.2695302393	77.4779919751	73.8024066349	-42.4755362469	52.1810697791	48.3068188884	55.0651902744	70.8277680572	72.1952395536	79.8368503048	72.4469547544	70.6641122482	-47.0559598823	71.1797193872	70.6644060284	-61.6654472885	-35.5992293608	74.1718210283	70.8835410856	71.6491511156	51.1885732133	68.7400585969	-49.4062734952	45.1380300036	72.1808590143	-36.1831981906	75.1406922733	63.5987063808	45.9041289567	65.3694494626	77.3036823345	-54.6140390166	77.5763475715	69.3000401398	72.7536543731	64.9925145776	-35.7671788657	76.9805659338	36.1309931953	75.2541195683	-42.1219725573	71.7088594272	-53.7510877313	-54.5747624624	71.9426297554	-51.1301953538	50.8519225393	55.9577165788	72.328068013	64.7916290177	45.8793569151	77.3095365087	69.9611337796	54.2363305203	69.6256583494	73.4941321479	-46.6724874768	-42.5053241322	54.1773042479	73.5364561444	-59.3265847686	55.3494717206
-44.3320209979	-53.530506736	-60.6540821002	-38.276071924	-59.1570533253	-48.8249170867	58.9482925162	-42.5981418025	-50.2793116183	-39.8300871617	45.5840264301	-40.5362905	-41.2809345046	-42.3105811191	-45.3001617909	90.3124531138	-46.1702276043	47.5511833963	-55.9506959939	-40.9146992641	-73.1345082475	53.2703701194	-41.1092945621	-42.5910475826	-64.7426079703	-45.4599489793	-44.3506713041	-50.4294759332	-34.9089358109	-45.688183412	-49.6774133142	-56.1420028552	-47.7152784572	-44.5907629549	-56.0143471268	45.6733267875	-59.3568753976	-32.8118463615	-44.4687677614	-64.8015003827	-55.5778376486	-44.7863381174	-32.1801159598	-55.3453043239	56.0362680075	-38.235039025	-50.8414221053	46.129616794	57.0312801825	-30.7519199236	-57.2524191415	-54.0887715039	-50.559890303	-40.2954480564	51.9245803862	-57.2427055412	-51.5649929039	55.4310216818	-39.8933961299	-49.042281029	-56.4350295192	-55.427318412	-46.2182436962	67.9350677579	-49.7889444956	-41.7154031231	-32.5548274146	-50.5921695105	46.7230220923	-33.2805743513	-53.6327344567	-42.4041067198	53.1838975962	-36.853950314	57.2305542837	45.2867356157	-36.8102638864	52.526225968	-44.572492896	-63.4481443868	-50.5705832911	-44.9334072547	-39.0960679164	-41.8631796375	-46.5159783195	-34.8102787076	-60.4392179014	-53.6199054947	53.4411135253	45.7788085587	-36.8506748958	-37.2571579191	52.5793981494	-61.3664785026
56.4741117011	64.2767525759	60.3338802627	71.4818685573	68.9306766843	71.9578711083	-33.9838752692	72.0323147569	68.1012508896	72.6591820082	-42.9423123832	69.4323089649	71.1818343924	72.6615937569	74.4072894696	-46.1702276043	90.3124531138	-41.1090170477	72.2188203785	66.0881128358	38.0104503463	-39.0013785063	68.3868935377	74.207136405	47.1827105756	64.5077819353	67.0216538415	67.1242831741	65.4317628253	68.9683874895	73.5808735204	66.6031728361	46.1135431855	73.7693803615	70.6827990546	-33.5772874567	39.8341709181	39.9861166895	51.671624617	66.0731552656	69.0075360254	72.2347516625	66.1336271157	67.5028130586	-38.3589143395	67.8851404011	61.3589924751	-53.3855569374	-33.4017147927	66.711238502	67.6949649159	68.4737396571	48.4433010961	63.4874378428	-41.5953020644	42.2452066953	68.7900159853	-28.9081413681	61.8143759355	62.2874934375	41.9291803743	59.860472546	69.3951124817	-47.9703781118	70.1986179596	64.7647862468	60.9599228012	60.8567567348	-28.954622128	69.397996786	30.052581548	69.2429787071	-35.1578198896	67.1488295819	-45.737030698	-49.8240887422	68.4159961588	-43.5210088516	46.4231740748	57.6998178171	69.4312751358	64.1527076599	42.8537592114	69.6245536003	71.2642403938	49.4468756279	69.7861010043	63.3231192405	-34.8593096763	-34.2568926256	54.0582334969	67.4630114631	-51.3277694673	51.5419044873
-32.2088401662	-48.7168885735	-34.1276565384	-49.5864978479	-49.184457407	-53.0995925612	69.7812544696	-47.1636804689	-41.9499862428	-37.078854408	79.1898450835	-64.2576884718	-59.9872087046	-49.7386837526	-50.1888970353	47.5511833963	-41.1090170477	90.3124531138	-55.3760509167	-36.2122353302	-51.7772746286	71.2181914283	-47.550304474	-50.3987800685	-59.181749243	-30.4111168319	-31.4558623499	-50.3759623515	-27.6909747327	-53.3293824164	-49.4721793137	-46.8723956625	-54.3589385455	-47.9805650118	-50.5385940765	79.7833302829	-60.163665616	-32.7956337804	-31.0007316633	-58.1568271687	-40.6608743676	-50.0089171433	-46.0746905169	-53.6216962462	70.9747986987	-39.2229377678	-50.7613015311	76.1180792558	49.8603486321	-44.2098304356	-52.5920165914	-52.157606605	-56.1789320292	-44.6891472911	67.1880356107	-62.977442525	-44.0330133605	52.0637587007	-38.3791897707	-29.9962899866	-55.184667029	-48.8700871053	-49.4740742416	66.0961027511	-52.412776871	-53.958356825	-54.4528852592	-41.9180454222	62.3674107452	-56.130515662	-50.3018184041	-40.2367238692	58.4381786172	-42.4570747183	69.8607226123	66.8839892461	-47.0071398832	76.9447721286	-64.6171124044	-52.6986255776	-53.778775998	-48.9159148189	-18.9779022365	-57.553184151	-30.1523845096	-44.5916699983	-52.8295949771	-47.8579052026	76.0294980192	75.105623576	-47.1848271875	-41.6180955247	80.3255339075	-43.6828109747
65.5622290389	77.9046251226	66.5067990369	70.2950924935	80.249801713	78.6329411832	-48.7483156247	76.0790792721	78.5095707399	76.8883720575	-47.8051733762	72.7780285079	71.2973145695	79.5202049554	79.0820725687	-55.9506959939	72.2188203785	-55.3760509167	90.3124531138	72.8743727215	48.5451492796	-50.0535139648	71.684764036	78.1884969117	57.5316033038	70.7540217675	68.921901108	76.1004060722	56.3778522298	74.4401342866	80.3628039446	75.1796933045	55.3511775814	78.3577554039	74.2575189675	-44.2916908759	62.672185573	55.210985732	55.541083239	79.852473986	73.863223751	77.5123132833	74.8014857969	76.4199630857	-50.0856196032	71.4040806443	77.9537293195	-57.9131222539	-43.2902709799	70.0598346386	77.3367024029	75.4123278907	59.719470739	65.8812374046	-48.8382485248	48.2453157193	79.7076026991	-41.0673133417	75.5669835164	72.8840981289	55.7354238511	70.4478604596	78.2560084939	-62.2649193122	76.2936089269	66.1026361906	69.0464608973	73.2928372957	-41.3330767645	75.5301853938	47.4402329287	70.538694593	-44.896569695	67.3424059092	-58.7291672149	-52.0165141011	67.8248665961	-50.2262441257	57.1606570909	66.2361462855	79.4659797208	72.6493487164	57.2026542063	80.9996081208	69.4509363639	54.2220171985	75.4751370671	76.1308855483	-46.6445564189	-46.1378451531	57.3901564373	69.4317240582	-57.3209286548	62.2846234192
43.3837454646	56.9404024603	51.0369512652	66.9783693998	61.1356115559	68.9119466493	-19.4887066513	78.8209617832	64.9399254415	70.8674265929	-32.3624415606	73.3369697119	67.8210064172	75.1482035994	70.8969864759	-40.9146992641	66.0881128358	-36.2122353302	72.8743727215	90.3124531138	26.8531296157	-24.0290168424	76.0445811664	70.7062324204	32.1511122977	56.402576868	72.5754927483	58.2266995766	63.3607808905	63.1722050176	75.0560181129	56.3467449415	26.7668033466	74.8710548127	74.7576443579	-20.8460275613	38.3110820515	31.6277011	48.6612606769	63.1107470912	61.334380173	72.6097958871	74.3473377082	63.7222891365	-26.6781789675	72.6056579526	58.3722524774	-46.7887156479	-19.296758045	72.3935478839	61.6435207054	71.9108182585	45.2372960185	71.5597444078	-32.3111258573	35.8302277497	70.4709689854	-7.47498381413	61.3557944444	52.5693214502	30.4203385426	43.8502044095	62.9890856769	-38.9697254089	62.0461406524	72.4756825538	67.5419016497	54.7277936848	-10.9829030788	74.9851239753	15.0975744725	75.6029153604	-15.0957378338	66.7161947341	-35.2845778743	-47.4685288071	72.0274197336	-36.8356238834	39.7218434814	65.9489643253	66.1542034826	68.9088277439	34.1995050136	74.3215581708	70.9629623531	30.6940901514	61.8059369456	63.8538117977	-20.6104106594	-21.8651857575	55.6250119693	74.5803690995	-47.0048211012	47.4340338515
41.7696729784	47.6878836208	51.0076240355	29.154928666	51.6562944891	39.4222621014	-66.1992130844	34.402139228	42.8756757317	34.081849016	-48.3982542958	33.6448102682	34.8426579018	34.0429527094	38.7296840172	-73.1345082475	38.0104503463	-51.7772746286	48.5451492796	26.8531296157	90.3124531138	-56.7939737521	31.2988635313	36.7802743947	67.7313902541	38.1108822572	33.6269617574	45.3421940652	22.8803937028	43.4481232776	37.5107622714	48.1045278987	53.3653240383	31.8807464171	41.4965634682	-52.1446024997	66.8959396914	35.712963532	39.1845343174	58.0157491191	46.8309702104	38.4061274763	25.6155852978	48.5750658977	-58.1417232079	28.8163017914	41.7672890213	-48.5410348896	-53.821955697	22.823634975	52.7909524906	47.4186883399	47.8198888944	27.9078888835	-48.3732827209	62.8964454497	41.4316860444	-62.6055194641	34.0971488615	43.5299101141	56.4774615729	48.31540434	38.7877524165	-68.9429158702	43.5309711521	30.5507423956	26.3373745648	37.6807175934	-53.6370707425	27.9633689095	64.9745481529	31.1800971839	-58.0376883688	23.5749075219	-55.2630703999	-42.1667986326	27.9481647189	-51.7593827986	43.9424826426	48.3100087959	42.3359668064	31.977753855	31.5610752163	34.2466946875	33.9363485835	39.4838591735	53.674328715	46.1915077471	-55.5919664008	-50.2146993474	30.8339606373	24.2199910106	-54.2792904238	62.9032176625
-47.5837885163	-55.8755807098	-47.0653853135	-43.0351255603	-56.9874651975	-41.0126555013	77.2416656876	-39.4782087788	-44.225795948	-37.4030517837	76.4479015676	-43.1358965082	-54.3141347127	-42.9800464781	-47.1743022442	53.2703701194	-39.0013785063	71.2181914283	-50.0535139648	-24.0290168424	-56.7939737521	90.3124531138	-37.8492422328	-51.0548334747	-73.6196426323	-29.1263814935	-31.5508534571	-57.6802845686	-27.1072638591	-49.0838678112	-36.9333947604	-57.1677518769	-66.1473691987	-42.1633111808	-36.6080000549	78.3614306555	-57.009204153	-41.8953042701	-27.1612635086	-60.7293610222	-49.9904900395	-46.6997455378	-32.6012698286	-50.2991573182	85.3972364444	-24.7358983643	-58.2017441943	68.1944596101	61.99870329	-26.4905676385	-61.3559649926	-45.7631270623	-62.0207421597	-30.3642516062	78.5398554874	-64.6495564924	-42.6675799889	67.5222002629	-38.1630772699	-41.4203240205	-63.6305546499	-61.6883188475	-48.1768129575	68.884739392	-56.4682396119	-35.4470006978	-42.2210527591	-49.4768998572	78.3608847591	-37.7871427298	-60.3252210272	-25.5759947843	78.4532286428	-27.9621383615	65.5211100747	51.5413998894	-27.7640992147	75.5299409124	-61.2809162703	-48.3144021055	-49.8949607906	-43.3971424246	-30.5428458717	-45.4733701777	-32.4801484663	-56.7401132175	-64.1828721083	-50.924936843	82.2903278013	80.8500193069	-45.0380699501	-25.4191520885	68.1076583	-44.5691928708
54.3829665643	57.1929395938	57.599107305	76.5452944971	62.6150979528	71.0426839153	-31.3625941525	76.3142160062	64.9519264423	69.1339262161	-45.5066173166	76.8738324253	77.6678455051	81.0301269089	73.136151952	-41.1092945621	68.3868935377	-47.550304474	71.684764036	76.0445811664	31.2988635313	-37.8492422328	90.3124531138	77.41979987	45.5080908215	45.7905906772	73.9737596632	66.0062794601	71.7377057787	74.1475737199	74.5279941304	61.943030452	37.8474892742	80.6996012361	78.8489797133	-35.8759334469	38.6115784265	28.6000061888	53.7916023247	62.5407711709	68.3747009441	76.538460673	69.4349997017	65.6559757852	-38.5654000121	72.0352926036	60.6958285552	-58.6441482304	-29.0395816234	69.4316489619	63.2380013564	76.4203634582	60.0755497333	74.047117447	-41.8616615736	46.3119806849	66.5862435955	-13.9466470649	61.7239078017	54.159714353	41.4837488058	52.1841496852	67.1540268474	-44.5813711981	68.2511608988	78.3848908286	71.6745313357	55.1503481192	-22.3423094342	77.57725982	14.9041945249	74.2575860791	-24.9623378936	69.7734886755	-39.7798535815	-52.3949419595	72.1020508742	-47.5415735286	50.9242286207	68.6868163879	66.1849587706	72.1487803913	33.0951987184	73.6669127339	75.061094814	44.6889924075	69.7543558409	67.2914171037	-33.1686998799	-33.5743864262	63.1588229095	76.9427857386	-54.8278641636	43.1795320551
67.6462247424	76.289020687	66.4112048683	79.6602030184	75.860443048	78.1403867145	-43.5070768149	81.7720581001	75.994985556	80.0634873918	-51.784468642	73.2541476789	82.1165432679	83.241495314	78.9677533697	-42.5910475826	74.207136405	-50.3987800685	78.1884969117	70.7062324204	36.7802743947	-51.0548334747	77.41979987	90.3124531138	54.4989569234	58.3272883637	71.0338205834	79.917679866	71.513640286	77.4538577708	76.6305625528	76.7777218118	55.9986850194	84.817205908	71.4290384615	-46.7526819586	48.8916637046	52.0100273618	57.2126933837	76.2670507328	77.9359397899	82.9976328945	69.4063158187	76.8199060902	-50.4408190239	73.9592841268	76.6942118437	-58.3924344647	-37.8749699102	67.9465904637	76.8018067212	69.1355459675	60.4697348593	69.8151424763	-53.1708192467	44.7205639735	75.5292754308	-33.263922324	71.6705629988	68.9673740688	51.7092095801	67.5361665874	78.1927718986	-51.6101623354	79.0458870679	70.3712773955	67.6417014804	70.7080298518	-43.2865787591	75.743115443	37.7458399672	73.182819547	-43.3490960712	71.8275166832	-52.4514863129	-50.5986334253	72.7391175561	-53.2034141883	54.7987447608	61.5378944096	79.9434743058	74.9115831844	51.3038237777	74.6776941373	74.7896856096	61.5781915415	79.347465771	72.8743038135	-44.7922683961	-44.9185907761	65.478595022	72.4672538354	-56.3184063631	50.7260205112
55.1261538158	63.0562121719	61.5844287394	46.9369217918	67.4910523867	50.0630259466	-65.8205693272	40.5502822322	57.4169280842	42.5216072224	-60.9996440945	44.6733421588	52.101584274	47.0730842574	48.4723896295	-64.7426079703	47.1827105756	-59.181749243	57.5316033038	32.1511122977	67.7313902541	-73.6196426323	45.5080908215	54.4989569234	90.3124531138	42.2338452605	37.5663146245	65.0118434513	32.3786144983	52.8329764161	47.6257298631	66.2835938106	66.9960489808	48.2349881804	44.1840134902	-60.2139706978	60.9078083086	48.0293669197	43.9514546757	65.6239792757	60.7555870056	50.4737331745	38.818876018	57.4322032005	-68.8529216628	33.8762969305	60.3897953238	-57.3322077089	-54.6832100609	27.9353486526	66.3858902206	54.0988095438	69.2301856252	34.0471011169	-61.6109748934	61.3836594087	51.4914828228	-58.9072125954	45.9730982281	55.4466017734	69.8086611121	70.1682024348	55.5183014441	-61.4967032393	57.8216188393	40.1621757665	38.1336194273	54.3529482091	-65.4874267482	38.4404130146	61.5906659572	33.4122188349	-63.6452720378	32.7636255175	-57.7602199719	-43.2451542143	34.5467649808	-60.0930052522	62.0021465429	58.1019842308	58.5372987877	52.0551053716	47.3402456887	47.5659186192	43.1370317142	54.177653635	69.9918742024	56.3896245453	-67.0138363421	-64.2332185229	41.743749637	31.5114080223	-58.1480802009	57.0400363002
55.7621076601	63.6623211177	55.8459878633	54.4516208274	66.9514366537	60.7648413642	-30.5326772985	64.0002055782	63.5341324199	68.4873527173	-30.1907532793	52.6731944167	48.5058197233	60.5035867429	64.5929859686	-45.4599489793	64.5077819353	-30.4111168319	70.7540217675	56.402576868	38.1108822572	-29.1263814935	45.7905906772	58.3272883637	42.2338452605	90.3124531138	53.8679049264	56.6714150689	44.8513442727	53.3977980925	65.7308407956	62.8839565358	41.9806035053	58.2379880732	57.6122310197	-21.6317769368	52.4326497818	51.9508887675	44.056665421	64.437003349	65.161182099	60.1363198917	60.4743457686	65.6818588916	-27.3135640395	59.7024182901	60.1989324526	-30.740272453	-28.2750345345	61.339971384	65.1672009723	53.9540132694	35.4612983586	51.5659350028	-26.4704425532	28.2217804318	69.5398942751	-35.0815551204	62.1005250396	62.9494096262	35.4346795671	55.1328435879	65.5410705545	-47.059610431	60.9148174189	48.3413266222	48.0237950756	61.1914773474	-24.1679084759	55.2593630728	37.6661776995	59.7637406967	-28.4754078462	55.121189505	-41.2595683282	-38.5306455284	49.7115608123	-26.1811669618	36.45617586	46.4173008644	62.6173849001	52.4982388659	51.6897368895	60.8974415482	55.0834713344	41.5099741359	59.1570967135	58.1984082378	-29.6619261736	-24.7945299645	37.3404804806	53.8594962555	-37.3872539212	54.7746721243
52.2137539014	57.9750667579	53.9531445157	64.4354762174	61.7053629665	69.4099593654	-27.2037221922	72.9308201711	65.3344935285	68.0699961262	-30.0352645233	59.8153818563	69.0826230026	71.2100698121	68.9438892395	-44.3506713041	67.0216538415	-31.4558623499	68.921901108	72.5754927483	33.6269617574	-31.5508534571	73.9737596632	71.0338205834	37.5663146245	53.8679049264	90.3124531138	61.1730690601	69.6734972946	63.3272390498	66.1961652861	60.3802725746	26.7008323528	73.6953058241	74.5464497378	-23.0201737036	36.4102954986	26.7444283167	47.2593469633	64.8419712054	70.1034818991	73.6296704979	59.418219572	62.9646926514	-34.4979280321	72.5122794741	55.9445030983	-43.3816890535	-32.9195522755	63.6319021562	61.7382223447	65.2711694771	38.248001517	65.9585311916	-39.5320504711	44.075414598	67.794282845	-19.2473414463	57.4045092486	58.155819788	35.9218637498	52.3751892923	56.9615245337	-45.6552114909	68.7311158344	67.0145343725	54.3104938655	58.2757229378	-20.5568313106	63.9847459652	21.1800709021	72.8215074834	-23.8884518454	67.2223461844	-33.3483578658	-42.9053334734	65.1215303345	-41.433349152	31.8465825646	62.7802895379	61.0451356023	60.4022053156	40.1005366721	64.7139266223	80.0875798173	40.5312366754	69.0207640748	65.4220741381	-27.7688655392	-21.6057029612	57.2993330373	72.0314364402	-44.5511885562	45.7677270681
70.6515976768	78.4263322339	76.4245632581	69.3549197297	76.3988428103	67.0105441807	-55.9014845702	68.4150466963	81.0474435378	72.3150756017	-46.8922898298	64.8258077255	71.4450368684	73.0954527451	71.4118842157	-50.4294759332	67.1242831741	-50.3759623515	76.1004060722	58.2266995766	45.3421940652	-57.6802845686	66.0062794601	79.917679866	65.0118434513	56.6714150689	61.1730690601	90.3124531138	59.9353960775	72.3520336498	68.9860963438	82.6647741477	65.3618392019	74.6021877868	64.8869971121	-47.8438891929	48.2036197863	52.0948944332	47.7835613628	75.5343465513	79.5192500428	75.4642901402	60.3930373876	72.7399195929	-56.0976293746	56.7370400022	75.2293435784	-57.3119963558	-48.6712138164	53.6298586708	78.4492223067	66.004685112	66.5131027348	56.9002764608	-58.0903220122	48.6948785361	76.0048297301	-41.4809701512	68.9194687847	72.5564885938	65.5746035989	77.5480133245	72.7793619341	-53.8919426214	81.6982458798	55.5940086661	58.3344398792	74.5807185301	-51.2041603381	64.1976245245	44.3841738286	57.9678601753	-58.2186727959	55.3388529307	-52.1877544896	-42.3094028709	57.8585264985	-51.5069566184	54.9159810441	62.8963765891	73.9387544407	65.5135162562	55.5585917254	67.3780379568	70.6928831682	68.1059019483	81.7034678917	71.6029208253	-49.5775908012	-49.4445839588	66.0282782382	57.1208746859	-52.3832303394	51.8352777325
