Tissue	braincaudatebasalganglia
N_samples	98
Chr	3
Gene	ENSG00000163618.13
SNP	rs785161
Gene_list	ENSG00000189410.7	ENSG00000107105.10	ENSG00000086300.11	ENSG00000163618.13	ENSG00000172137.14	ENSG00000067715.9	ENSG00000100604.8	ENSG00000128683.9
Gene expression stats (Y^T * Y): 
90.3124531138	-35.4579894109	-38.5010425558	-54.6178279766	-46.0664803341	-47.6891398902	-54.3275696179	-42.3098721618
-35.4579894109	90.3124531138	37.7018619378	62.658749897	51.8204829034	56.5638285167	56.1620006416	55.4175819332
-38.5010425558	37.7018619378	90.3124531138	57.2856054379	40.7952095645	40.0130860978	42.8263345092	34.4899344202
-54.6178279766	62.658749897	57.2856054379	90.3124531138	61.2496717057	57.2724111926	58.7796602106	60.3195289111
-46.0664803341	51.8204829034	40.7952095645	61.2496717057	90.3124531138	50.7609615745	50.9837125755	47.107086342
-47.6891398902	56.5638285167	40.0130860978	57.2724111926	50.7609615745	90.3124531138	41.4026439711	56.0203880653
-54.3275696179	56.1620006416	42.8263345092	58.7796602106	50.9837125755	41.4026439711	90.3124531138	50.9707219552
-42.3098721618	55.4175819332	34.4899344202	60.3195289111	47.107086342	56.0203880653	50.9707219552	90.3124531138
Genotype stats (X^T * X): 	4.74489795918
Gene expression - Genotype stats (Y^T * X): 
4.68320856866	-1.65042914552	-6.52147344107	-6.98218752673	-4.69028591559	-2.31838143046	-5.24712564027	-3.82093641806