Tissue	braincaudatebasalganglia
N_samples	98
Chr	1
Gene	ENSG00000188290.6
SNP	rs2001730
Gene_list	ENSG00000188290.6	ENSG00000182087.8	ENSG00000197530.8	ENSG00000243449.2	ENSG00000130748.6	ENSG00000168056.10	ENSG00000175602.2	ENSG00000181790.6	ENSG00000131188.7
Gene expression stats (Y^T * Y): 
90.3124531138	56.8536517167	55.472201167	56.0352679309	60.1782499271	54.2428860401	59.0376788588	66.6101992018	66.4446423616
56.8536517167	90.3124531138	57.937658786	43.6238495875	37.3611327011	49.6715887622	46.3622599049	48.8918926168	41.5337563572
55.472201167	57.937658786	90.3124531138	49.4963651365	38.6152888842	50.8196381541	46.6631907684	51.7301070732	47.4459977001
56.0352679309	43.6238495875	49.4963651365	90.3124531138	67.3795399966	53.2147070112	70.813565888	57.5293906908	69.0899003799
60.1782499271	37.3611327011	38.6152888842	67.3795399966	90.3124531138	50.8262641002	61.3689393222	51.5367102979	65.2665722207
54.2428860401	49.6715887622	50.8196381541	53.2147070112	50.8262641002	90.3124531138	38.6317267973	53.1592963804	49.6859867507
59.0376788588	46.3622599049	46.6631907684	70.813565888	61.3689393222	38.6317267973	90.3124531138	52.7806930626	60.1106863925
66.6101992018	48.8918926168	51.7301070732	57.5293906908	51.5367102979	53.1592963804	52.7806930626	90.3124531138	67.6476843301
66.4446423616	41.5337563572	47.4459977001	69.0899003799	65.2665722207	49.6859867507	60.1106863925	67.6476843301	90.3124531138
Genotype stats (X^T * X): 	7.37227277551
Gene expression - Genotype stats (Y^T * X): 
10.1940664143	8.73613769066	10.4505063603	9.38568667228	8.12678106532	7.37959252909	11.1418072534	9.27331875613	8.1181946108