Tissue	braincaudatebasalganglia
N_samples	98
Chr	19
Gene	ENSG00000126267.4
SNP	rs7250756
Gene_list	ENSG00000184076.10	ENSG00000126267.4	ENSG00000125743.6	ENSG00000127184.6	ENSG00000241468.3	ENSG00000156411.5
Gene expression stats (Y^T * Y): 
90.3124531138	59.5242474202	41.9821786778	53.6521952731	51.8172278505	50.373053212
59.5242474202	90.3124531138	61.9278906895	55.0116644582	56.3305075203	60.4619271041
41.9821786778	61.9278906895	90.3124531138	58.2962939051	54.415283568	61.8951236798
53.6521952731	55.0116644582	58.2962939051	90.3124531138	65.6721523167	76.0228157786
51.8172278505	56.3305075203	54.415283568	65.6721523167	90.3124531138	64.3632748813
50.373053212	60.4619271041	61.8951236798	76.0228157786	64.3632748813	90.3124531138
Genotype stats (X^T * X): 	13.589659551
Gene expression - Genotype stats (Y^T * X): 
-7.04933611332	-13.4756794212	-6.1173533861	-4.74818526828	-6.92487541442	-8.04788725352