Tissue	braincaudatebasalganglia
N_samples	98
Chr	5
Gene	ENSG00000164266.6
SNP	rs192865358
Gene_list	ENSG00000162438.7	ENSG00000169347.12	ENSG00000142789.15	ENSG00000137392.5	ENSG00000168928.8	ENSG00000168925.6	ENSG00000172023.3	ENSG00000115386.5	ENSG00000175535.6	ENSG00000170890.9	ENSG00000158516.7	ENSG00000091704.5	ENSG00000204983.8	ENSG00000164266.6	ENSG00000153002.7
Gene expression stats (Y^T * Y): 
90.3124531138	64.879638492	72.7162409387	70.0472209943	66.8178330771	69.3390825196	43.053651818	50.9658718209	70.848446883	72.528457174	57.0438966671	67.7853354519	68.4995383198	61.0072222083	63.0189516715
64.879638492	90.3124531138	72.4781682062	70.8185763645	76.4799960351	81.3967901961	66.1617468692	74.3318654357	71.1057291395	74.9382649489	61.8391287354	70.5978951675	71.4186305751	71.3982953746	74.7488417477
72.7162409387	72.4781682062	90.3124531138	82.606255427	80.23832566	77.7299563502	51.3180419542	61.7540862167	78.7768288423	76.5038322471	66.3928375998	78.365633359	83.4773094849	71.2082872873	72.6411804207
70.0472209943	70.8185763645	82.606255427	90.3124531138	74.3813437212	76.5068523979	44.0085248552	57.0923947373	83.323963117	76.5418201269	63.2350909076	77.639024499	81.035150231	66.2089607487	71.356660103
66.8178330771	76.4799960351	80.23832566	74.3813437212	90.3124531138	76.6222124862	57.9879558808	67.567065955	71.4963477359	73.0269706942	62.9480199886	79.4028756575	79.825332089	70.1388853348	71.5902295856
69.3390825196	81.3967901961	77.7299563502	76.5068523979	76.6222124862	90.3124531138	61.0229054235	70.6082495721	79.0537406847	76.8752837572	61.5743725729	75.810129039	81.3340498507	67.8840694754	74.8282485592
43.053651818	66.1617468692	51.3180419542	44.0085248552	57.9879558808	61.0229054235	90.3124531138	78.8166209428	37.5146025108	48.0057896488	40.853245189	44.1721354564	48.3641134927	58.496309774	52.1064446959
50.9658718209	74.3318654357	61.7540862167	57.0923947373	67.567065955	70.6082495721	78.8166209428	90.3124531138	51.5431573929	57.9072394278	50.2292263341	56.4601321105	61.8731200577	73.0884820309	63.8071093941
70.848446883	71.1057291395	78.7768288423	83.323963117	71.4963477359	79.0537406847	37.5146025108	51.5431573929	90.3124531138	76.6743012172	61.250643006	78.6197325296	81.010389695	63.2426462834	71.1506332675
72.528457174	74.9382649489	76.5038322471	76.5418201269	73.0269706942	76.8752837572	48.0057896488	57.9072394278	76.6743012172	90.3124531138	65.5599964229	71.8172984395	74.3112846371	64.6838344376	72.7303428823
57.0438966671	61.8391287354	66.3928375998	63.2350909076	62.9480199886	61.5743725729	40.853245189	50.2292263341	61.250643006	65.5599964229	90.3124531138	61.4467705833	64.5879698058	56.086083816	61.6619341223
67.7853354519	70.5978951675	78.365633359	77.639024499	79.4028756575	75.810129039	44.1721354564	56.4601321105	78.6197325296	71.8172984395	61.4467705833	90.3124531138	82.1758522868	62.4393280381	70.4657965351
68.4995383198	71.4186305751	83.4773094849	81.035150231	79.825332089	81.3340498507	48.3641134927	61.8731200577	81.010389695	74.3112846371	64.5879698058	82.1758522868	90.3124531138	65.2269439186	72.4854208716
61.0072222083	71.3982953746	71.2082872873	66.2089607487	70.1388853348	67.8840694754	58.496309774	73.0884820309	63.2426462834	64.6838344376	56.086083816	62.4393280381	65.2269439186	90.3124531138	64.4156517554
63.0189516715	74.7488417477	72.6411804207	71.356660103	71.5902295856	74.8282485592	52.1064446959	63.8071093941	71.1506332675	72.7303428823	61.6619341223	70.4657965351	72.4854208716	64.4156517554	90.3124531138
Genotype stats (X^T * X): 	5.94997077551
Gene expression - Genotype stats (Y^T * X): 
-5.50686835562	-6.3390522173	-5.99685770369	-4.72853739949	-6.49322403629	-5.92005997129	-8.40408828428	-8.87067622874	-2.87806221353	-6.21997195457	-6.9774073198	-2.06212101177	-4.4413259832	-7.62871636502	-5.1542551329