Tissue	braincaudatebasalganglia
N_samples	98
Chr	1
Gene	ENSG00000152760.5
SNP	rs17440390
Gene_list	ENSG00000105519.8	ENSG00000189350.8	ENSG00000164972.8	ENSG00000137098.9	ENSG00000163879.9	ENSG00000186973.6	ENSG00000160188.5	ENSG00000034239.6	ENSG00000004838.9	ENSG00000177989.9	ENSG00000152760.5	ENSG00000159713.6	ENSG00000156042.13	ENSG00000154099.13	ENSG00000197748.8	ENSG00000179902.8	ENSG00000183644.9	ENSG00000155761.9	ENSG00000160401.10	ENSG00000106992.13	ENSG00000181085.10	ENSG00000106538.5
Gene expression stats (Y^T * Y): 
90.3124531138	50.3251879181	60.0050355095	63.5162661739	55.8384148373	63.9192080291	59.4267301891	60.5571797366	59.6446011683	49.6747921071	60.0767588413	70.6125892638	48.2901525387	68.536686075	41.5616721553	62.5116312585	56.7582512594	45.4588456244	77.3870792612	71.3195898692	77.1964229688	44.3272523069
50.3251879181	90.3124531138	50.5879391928	57.7616041236	44.8757262107	60.4293140695	47.8730401793	55.8787728385	58.2703818177	46.2118219322	54.905440531	49.1864130539	44.9562124526	59.5644610386	44.1877457978	53.8473342262	57.4553906008	48.959600399	55.4665732815	45.0378771048	55.1297023818	35.485765242
60.0050355095	50.5879391928	90.3124531138	66.1297360831	50.5373063997	68.1165800469	57.9262355366	63.1375761843	67.1936269054	55.696567766	61.7793117457	49.4655904802	55.2479674169	68.443871435	44.0211388717	64.1298952098	66.0128392356	44.5781825693	67.1045102097	62.2275691612	66.7006951807	46.8928641387
63.5162661739	57.7616041236	66.1297360831	90.3124531138	56.0689970742	86.2887929944	76.8247319797	81.3756162803	80.2136640515	70.0321348695	70.4805734517	57.4183884284	67.1451457783	83.4268653758	58.8506465294	70.6459129316	79.3782771729	65.4059053347	81.1614811845	52.4201140431	78.5142756912	48.9249863625
55.8384148373	44.8757262107	50.5373063997	56.0689970742	90.3124531138	60.7822299328	59.5376175474	62.8492237334	61.2946269555	53.5220131254	66.1578054672	61.4036409583	48.7061583456	57.2078016269	30.2001310548	55.9905685202	59.119493179	36.8982686711	53.9471046709	56.5073966153	63.8527091679	36.5348145143
63.9192080291	60.4293140695	68.1165800469	86.2887929944	60.7822299328	90.3124531138	76.9256517728	85.5402909772	82.7965083907	72.5050677672	76.2432458973	61.4668881763	67.9289418379	83.8314151332	58.4444335855	73.1259932039	83.5566541803	64.0968806312	77.5837552885	56.6949288933	77.3524947293	52.8951556126
59.4267301891	47.8730401793	57.9262355366	76.8247319797	59.5376175474	76.9256517728	90.3124531138	73.99383346	71.2168441527	67.7806673295	62.0433806283	56.8633223774	66.0817714742	72.9148307404	52.3790680335	62.4259551592	72.3575989548	57.9166871694	69.6176368816	50.3324167452	66.9753973651	40.8332118021
60.5571797366	55.8787728385	63.1375761843	81.3756162803	62.8492237334	85.5402909772	73.99383346	90.3124531138	77.853389748	72.5447421518	77.991380435	62.1021490949	66.9849375359	78.1096197125	55.0021138681	68.1671437903	82.1131733298	59.1188920554	72.9496897092	54.5462551478	73.8769252176	56.2014017932
59.6446011683	58.2703818177	67.1936269054	80.2136640515	61.2946269555	82.7965083907	71.2168441527	77.853389748	90.3124531138	67.2586370766	72.9113082218	58.4812795402	61.9310704341	77.6597135033	53.9119074678	66.7190932608	75.5595441798	55.1014065419	71.1050890112	53.8367046367	74.9076832852	46.0717231314
49.6747921071	46.2118219322	55.696567766	70.0321348695	53.5220131254	72.5050677672	67.7806673295	72.5447421518	67.2586370766	90.3124531138	70.0469418439	54.9881137014	67.7027364797	61.6959780893	55.4873262301	50.8564946273	76.7730408699	61.8391093451	59.9226238965	42.8690072707	60.6428864431	47.481380386
60.0767588413	54.905440531	61.7793117457	70.4805734517	66.1578054672	76.2432458973	62.0433806283	77.991380435	72.9113082218	70.0469418439	90.3124531138	63.3043518427	65.378060045	72.5905813403	54.6758621139	66.1735030697	77.1745346528	55.0570487682	66.7435937013	58.2644788722	74.3498075445	54.5799325994
70.6125892638	49.1864130539	49.4655904802	57.4183884284	61.4036409583	61.4668881763	56.8633223774	62.1021490949	58.4812795402	54.9881137014	63.3043518427	90.3124531138	56.198508123	59.3722473567	45.2911365914	51.2798636543	55.9958425889	44.7518338155	58.7708310662	67.2299707447	64.8689166114	46.8243393278
48.2901525387	44.9562124526	55.2479674169	67.1451457783	48.7061583456	67.9289418379	66.0817714742	66.9849375359	61.9310704341	67.7027364797	65.378060045	56.198508123	90.3124531138	64.5728961352	66.3838987562	54.5002851287	70.0447232713	65.1480442008	58.815151924	47.1367029765	59.8400355379	44.351440378
68.536686075	59.5644610386	68.443871435	83.4268653758	57.2078016269	83.8314151332	72.9148307404	78.1096197125	77.6597135033	61.6959780893	72.5905813403	59.3722473567	64.5728961352	90.3124531138	52.2641085457	77.1171029404	76.0068555248	59.3393971715	83.6558991266	60.0800339275	82.6021449564	48.3323569831
41.5616721553	44.1877457978	44.0211388717	58.8506465294	30.2001310548	58.4444335855	52.3790680335	55.0021138681	53.9119074678	55.4873262301	54.6758621139	45.2911365914	66.3838987562	52.2641085457	90.3124531138	46.1560637951	56.0676952343	72.2649871756	49.9231780654	38.8544341399	49.6195568132	34.2449261643
62.5116312585	53.8473342262	64.1298952098	70.6459129316	55.9905685202	73.1259932039	62.4259551592	68.1671437903	66.7190932608	50.8564946273	66.1735030697	51.2798636543	54.5002851287	77.1171029404	46.1560637951	90.3124531138	69.2561825872	48.1324054379	72.2467143918	53.3529450767	73.1438491547	37.0567007323
56.7582512594	57.4553906008	66.0128392356	79.3782771729	59.119493179	83.5566541803	72.3575989548	82.1131733298	75.5595441798	76.7730408699	77.1745346528	55.9958425889	70.0447232713	76.0068555248	56.0676952343	69.2561825872	90.3124531138	61.369516454	69.8605393641	47.2042074822	70.8652586272	53.4708036514
45.4588456244	48.959600399	44.5781825693	65.4059053347	36.8982686711	64.0968806312	57.9166871694	59.1188920554	55.1014065419	61.8391093451	55.0570487682	44.7518338155	65.1480442008	59.3393971715	72.2649871756	48.1324054379	61.369516454	90.3124531138	58.524097319	36.4933891588	54.5895050557	29.0932284421
77.3870792612	55.4665732815	67.1045102097	81.1614811845	53.9471046709	77.5837552885	69.6176368816	72.9496897092	71.1050890112	59.9226238965	66.7435937013	58.7708310662	58.815151924	83.6558991266	49.9231780654	72.2467143918	69.8605393641	58.524097319	90.3124531138	61.3012826141	85.0215537355	45.4884917445
71.3195898692	45.0378771048	62.2275691612	52.4201140431	56.5073966153	56.6949288933	50.3324167452	54.5462551478	53.8367046367	42.8690072707	58.2644788722	67.2299707447	47.1367029765	60.0800339275	38.8544341399	53.3529450767	47.2042074822	36.4933891588	61.3012826141	90.3124531138	66.1728177384	51.929786437
77.1964229688	55.1297023818	66.7006951807	78.5142756912	63.8527091679	77.3524947293	66.9753973651	73.8769252176	74.9076832852	60.6428864431	74.3498075445	64.8689166114	59.8400355379	82.6021449564	49.6195568132	73.1438491547	70.8652586272	54.5895050557	85.0215537355	66.1728177384	90.3124531138	47.0078171576
44.3272523069	35.485765242	46.8928641387	48.9249863625	36.5348145143	52.8951556126	40.8332118021	56.2014017932	46.0717231314	47.481380386	54.5799325994	46.8243393278	44.351440378	48.3323569831	34.2449261643	37.0567007323	53.4708036514	29.0932284421	45.4884917445	51.929786437	47.0078171576	90.3124531138
Genotype stats (X^T * X): 	15.6636409082
Gene expression - Genotype stats (Y^T * X): 
-3.38652410723	-8.5015580901	-6.61393101737	-4.23541870349	-5.70152150759	-4.93907458708	0.177274657066	-5.88669608403	-6.79541866944	-2.45057794493	-13.217171269	-4.53575068455	-1.69542390554	-6.42823821943	-1.60969329169	-6.75765137815	-5.72657583873	1.23496833552	-4.42799185668	-3.98344819444	-6.7103025986	-6.86691494697