Tissue	braincaudatebasalganglia
N_samples	98
Chr	8
Gene	ENSG00000136960.8
SNP	rs11991811
Gene_list	ENSG00000171368.10	ENSG00000010278.7	ENSG00000134308.9	ENSG00000151552.7	ENSG00000167191.7	ENSG00000129538.9	ENSG00000150867.9	ENSG00000117632.16	ENSG00000204655.7	ENSG00000126860.7	ENSG00000184007.13	ENSG00000165410.10	ENSG00000105695.10	ENSG00000105290.7	ENSG00000167641.6	ENSG00000100242.11	ENSG00000068903.15	ENSG00000168314.13	ENSG00000173786.12	ENSG00000092529.18	ENSG00000250722.1	ENSG00000244274.3	ENSG00000167755.9	ENSG00000108387.10	ENSG00000102934.5	ENSG00000168297.11	ENSG00000092758.11	ENSG00000124920.9	ENSG00000176485.6	ENSG00000126803.8	ENSG00000172508.6	ENSG00000054690.9	ENSG00000150656.10	ENSG00000139737.17	ENSG00000181409.7	ENSG00000164176.8	ENSG00000104267.5	ENSG00000197430.6	ENSG00000080822.12	ENSG00000099194.5	ENSG00000070214.11	ENSG00000019144.12	ENSG00000187164.13	ENSG00000136960.8	ENSG00000149557.8	ENSG00000136717.10	ENSG00000167123.14	ENSG00000164402.9	ENSG00000091513.10	ENSG00000107331.12	ENSG00000132702.8	ENSG00000136541.10	ENSG00000164124.6	ENSG00000196104.6	ENSG00000013297.6	ENSG00000184144.5	ENSG00000117266.11	ENSG00000196187.7
Gene expression stats (Y^T * Y): 
90.3124531138	30.1815546051	44.8592992906	33.547380481	28.9043440426	38.2105431876	44.7507595653	24.9481187346	48.1101126367	53.5697253778	35.2671870051	42.3019243291	42.0746061761	19.1022791375	34.6837062589	52.2560984199	50.5179149467	34.3935291256	38.2972249261	39.8346951564	34.4814083112	38.3793839286	39.5964674488	26.9560701064	38.9150319071	44.855648164	29.8149579615	55.3424497934	48.0189015906	52.083547582	45.2375438593	44.2741116616	44.6975346572	44.8788740363	43.2958685152	41.4345381044	36.3731729818	36.1428891065	38.1297050952	42.8021227931	56.3071124347	42.4132390823	36.6911737076	55.7041650611	26.8172333575	34.8027923151	47.0432193726	54.3180593575	46.2019994319	45.8747499884	38.4257025084	45.3246073011	42.5698011905	37.2196190402	44.0872363909	57.6179705436	49.4169810388	49.0091183163
30.1815546051	90.3124531138	46.6465120706	59.8264516352	48.6449842732	69.5711304619	56.0248002166	38.9196791243	71.7319309212	53.9573882132	40.7630349532	55.8958102221	74.5143675216	42.7378913925	67.4736791168	55.5721866147	49.2780558609	55.1853870788	72.586499832	59.94968945	47.6667880262	69.5555942564	37.9940823019	61.1068977081	74.6149380133	37.739837276	64.64449411	66.9454403466	62.1172858068	50.2318981586	62.9563798799	59.4709130091	65.7281856997	62.6607919004	69.6674537448	51.9082374955	50.0094861306	59.9110698734	59.8437768119	54.0664723891	55.0960956749	63.4757837848	41.9852745081	65.4073066231	54.0653471779	53.2373226896	64.4219677826	56.1347119946	67.4072650999	61.5846416727	56.9402006695	55.763190245	65.4980258425	51.533404988	63.2614559606	44.9462196388	54.4252253992	42.432680937
44.8592992906	46.6465120706	90.3124531138	50.794099	45.8568849147	50.8297652281	50.6347547522	53.9572168562	56.0271590506	45.2896655279	57.2437779763	55.7919546188	52.2818289998	27.2174986016	46.7460847814	40.1596554549	46.4593163321	53.5976515381	50.2222715904	50.7227854895	47.0006930267	53.5147575849	49.713306945	46.3732796231	53.3308821296	37.5775061433	37.7245094803	54.9175207346	44.3224207713	39.8692206603	54.4556731488	46.3249057142	59.2783461523	43.6765985841	44.4424709306	24.7263331261	35.749464008	45.4315510695	52.3421534876	52.3592179918	52.8759572274	39.276634808	43.1646840218	61.964874525	48.9030516188	36.1766025209	43.4792983631	55.8804175188	55.4564284327	40.046377909	42.021923132	53.8854809534	46.072897675	45.6647669403	44.9669484851	55.0511516874	43.5390762832	34.4991248431
33.547380481	59.8264516352	50.794099	90.3124531138	67.1287299133	75.5831493373	64.5419756183	49.7008335591	70.092217177	50.3507853861	61.7042866678	58.5654732192	69.4463809396	45.8552675953	70.3528895965	58.3642587281	55.1071729872	64.4912296049	70.004962763	67.4333607852	59.5295651771	78.9218731352	46.7414802944	70.9930989253	65.3221886275	45.3579325698	40.8494952811	63.0588342562	62.0371828929	36.8097554165	60.8057698022	58.5803493779	77.3751131321	50.6578258048	57.5598227844	33.9930773942	56.5980212525	53.9388560182	67.7813886538	52.1092939585	52.8913078262	48.4140040173	56.5549373126	69.0401213347	74.4773057617	63.0099230927	61.3845164499	66.9471486037	71.1642745211	64.9911652417	61.9952368172	66.318731841	49.5638783926	39.8934594449	59.4433376061	50.3544186794	69.6759986645	46.6070576949
28.9043440426	48.6449842732	45.8568849147	67.1287299133	90.3124531138	63.9748666564	50.5720088486	41.3144427949	59.9095293541	42.4066843852	46.6266902644	46.9338537438	56.1445981703	25.9983153164	48.3925907254	51.8481023187	55.689589138	54.4539257001	69.6255684517	57.3687084185	72.0543284961	66.5690064566	37.5345949479	58.5066799282	51.9964754676	39.1316074808	31.3810672039	49.067009126	50.6934261944	38.8623374862	51.9962771316	51.9837450471	55.6812974819	46.0890540568	46.2911654929	33.1315222063	47.4172543496	45.1582535665	66.9781681555	54.3143400947	47.8802487761	45.858646192	40.2171238741	61.7417283721	58.528930036	45.6527555086	48.0183327629	51.8267267423	64.6464961392	49.0057371491	48.2682238845	57.2777838302	48.2807550488	32.9937788935	45.2701141941	45.1862284025	53.5489382628	42.615700076
38.2105431876	69.5711304619	50.8297652281	75.5831493373	63.9748666564	90.3124531138	70.7617253763	55.3562591149	82.2395457488	67.5891495899	52.3843627607	64.7890751631	79.614084963	51.4449398655	77.7476321431	59.825796126	61.0534858912	64.5469224333	80.8925479838	76.9858842538	61.3389839333	83.8387955021	47.9561186797	73.4896392239	80.6963155757	48.8297394442	60.2197792815	70.4432772009	72.5913113429	49.867296487	75.7828402374	72.3616202423	73.1221980349	61.6297943356	70.4908055018	51.4908275471	50.7209519566	68.1102682385	71.1523652779	58.7043695719	67.2209762196	64.5513245624	59.4505800573	77.5048420452	71.622069529	66.6448158668	71.2883494414	65.7957806696	81.050246207	72.8096526769	66.0136290236	74.42152866	68.6272735083	48.5374069476	71.3990724861	56.9313686968	69.1235129706	58.0120260752
44.7507595653	56.0248002166	50.6347547522	64.5419756183	50.5720088486	70.7617253763	90.3124531138	49.7412586822	74.9905528108	66.069259868	58.9459692563	65.6461876501	67.0492169207	51.9416865996	63.7117504092	64.8332678311	59.5921244757	64.4632912033	69.4249139165	64.7015250353	54.7806787205	73.2989797743	39.5132694625	66.1307458915	69.9498024535	41.2132509633	45.8982427008	66.9652965639	69.1993285738	45.9608756637	63.4686022913	67.1128171537	65.2741437289	66.8649149543	62.0519374106	49.3420755978	39.0804141009	63.9874035887	73.8390358541	53.5421638492	64.9547732719	62.239285324	69.0576966817	69.9331601072	52.1513814923	67.6324582358	60.1137998029	65.5617737027	70.1635151236	71.5699727609	69.3490186924	76.6250063965	65.634236472	47.8817881888	72.6509309826	56.7584281449	64.7082252471	48.2170742081
24.9481187346	38.9196791243	53.9572168562	49.7008335591	41.3144427949	55.3562591149	49.7412586822	90.3124531138	54.3836035291	47.6095287164	41.009932016	49.266399621	43.6011374901	36.4220468921	43.1353907734	31.29829254	32.5880301426	50.587210526	44.1156431462	50.8421612216	54.131254416	58.4131388502	37.7022465296	47.7338919019	48.0848132083	24.8464269395	27.1570393167	43.4999382098	43.065688775	32.9494497483	45.100760567	45.3937483429	46.8828178117	40.4123934655	39.1092928747	34.7134155494	30.7879998209	37.4166759691	59.1082066438	43.486142184	44.8207448448	29.7470165105	33.924356419	56.7937659377	51.7459431529	31.7190764512	36.4633778719	47.2759829838	57.7231740395	42.6033550929	35.5128063586	55.5826648549	42.85563964	27.9127643546	44.8156962401	44.5337258168	51.6724152107	41.9103959165
48.1101126367	71.7319309212	56.0271590506	70.092217177	59.9095293541	82.2395457488	74.9905528108	54.3836035291	90.3124531138	72.3056669812	57.5596990128	69.5893951252	82.1863315257	54.5610642937	76.3827683096	65.6598053234	67.997568409	66.7375836682	81.9650458077	78.7889787746	65.7234361164	83.3063057981	49.1720780763	71.037603873	80.3757372344	53.4428204995	64.2266121395	79.7011307842	73.8267174031	54.9196069443	81.1837673633	80.7798246423	74.8282301364	69.7803175693	77.9013546441	56.8080074894	50.7973876922	70.4152305552	75.0401539487	64.4399894803	69.0061613892	77.4044448027	63.0709252724	82.9531389275	63.6269687581	67.8783107444	77.8291856955	73.6519865686	83.7192316132	78.8096169877	70.2625956294	76.507596415	75.7149889906	56.5022296111	75.3949231457	64.6836175807	75.424003451	66.1754570859
53.5697253778	53.9573882132	45.2896655279	50.3507853861	42.4066843852	67.5891495899	66.069259868	47.6095287164	72.3056669812	90.3124531138	45.2755293214	69.9483488624	64.1888902071	54.2458228308	59.926664607	53.8846777466	64.5172872228	47.9272463105	62.7992210864	66.7568572335	54.0764342344	63.4101965439	43.9886684119	47.4803450679	68.5892269728	42.2206902758	53.9678883424	65.3930296655	64.1560437757	62.3886940392	63.7589309805	64.4494503578	60.5747814419	67.571412676	62.2567837243	62.3346886603	43.6197386338	67.075807689	58.4254746053	55.384623944	74.9093871411	59.2953186852	60.3739889899	75.7801948306	48.2612168729	56.5181911264	59.9483076334	59.9865019613	70.686920167	63.933178866	50.5136772697	73.4447446929	72.6396823181	54.3579014705	66.899961498	60.0234740335	62.0927730603	57.0047942485
35.2671870051	40.7630349532	57.2437779763	61.7042866678	46.6266902644	52.3843627607	58.9459692563	41.009932016	57.5596990128	45.2755293214	90.3124531138	60.4643788235	42.2998284209	17.8671507621	50.3726617859	35.6148797677	46.3954165982	74.3155409146	52.5948506278	47.6407682974	52.2117940107	59.355633504	27.4205012688	63.9798162211	44.5377818641	27.9773765272	33.9989159574	48.2340371689	57.7071361288	22.7103898604	44.7371854123	46.4407545984	57.0790581886	41.4109878225	35.167066084	18.2732085424	44.3964615411	54.3047188603	63.7452532514	64.1622344177	53.3636601027	40.0376765716	73.8360949769	54.6226274819	61.4454996833	40.6845351474	42.4572278885	65.4035263231	54.6646879214	39.6979962199	40.3516758253	69.253449916	39.8967322628	50.4844249479	45.586260507	34.9681250786	48.8034682635	32.0115212745
42.3019243291	55.8958102221	55.7919546188	58.5654732192	46.9338537438	64.7890751631	65.6461876501	49.266399621	69.5893951252	69.9483488624	60.4643788235	90.3124531138	61.8673494199	38.8463193267	61.3460419586	45.2401508108	64.2465662012	66.1868345478	64.1758495111	63.5875873635	51.599446753	67.3438685292	35.8038123854	66.3917332981	65.3253493846	40.1160111052	58.0103418945	58.3711619581	65.8478571712	43.3009131266	61.8285970905	55.5865955996	59.0957353903	62.2716601807	57.0714544296	48.9067012186	46.1902893559	70.7217421159	65.4570026829	64.3805863335	67.2149198538	58.9607702127	65.9639352009	67.218704226	60.6535155408	47.189565969	57.788004967	64.3454033337	64.913662134	55.4080222778	45.9401309475	74.1939160468	69.6998894169	51.5989479898	59.3954270121	55.0333524233	58.0315972579	49.8854369408
42.0746061761	74.5143675216	52.2818289998	69.4463809396	56.1445981703	79.614084963	67.0492169207	43.6011374901	82.1863315257	64.1888902071	42.2998284209	61.8673494199	90.3124531138	60.0418245351	80.8676957953	66.1151390409	67.0043065902	56.8021359992	80.887034985	73.366274767	55.5723677479	79.7166830644	60.021560542	66.8521263088	82.9213470173	53.1263921252	65.3405804162	76.2873626728	71.8760315777	58.8068107512	78.683445264	70.9857345792	74.2496661118	68.7917939412	80.7046563456	57.0033091291	45.481959811	62.5133711736	63.5113632188	55.7511767769	59.9178164407	71.2651686945	50.3620991304	77.4706594447	63.0514071794	71.9620280237	74.4377203982	66.933786747	79.5347523098	76.7560141285	72.094102635	66.049513718	71.7715271858	54.7513387451	71.2696522066	67.4233344075	67.9507000815	55.8196400478
19.1022791375	42.7378913925	27.2174986016	45.8552675953	25.9983153164	51.4449398655	51.9416865996	36.4220468921	54.5610642937	54.2458228308	17.8671507621	38.8463193267	60.0418245351	90.3124531138	55.0826374773	46.4216349059	41.1696704132	21.8594279582	47.9978098421	61.4149057476	29.7338824005	52.1326182863	52.8716144662	31.9551815074	54.8079113928	39.9775829807	40.212539601	55.2703676627	40.9671213148	44.1037758039	55.499997986	56.6922931378	55.4276542074	51.8784620863	62.6637611791	51.1415073008	30.590797867	38.6865227295	31.2311969764	23.6377968627	45.7107022262	46.105006526	30.9283319099	54.8967569429	34.5255283556	58.4569182018	55.7656837793	42.6710649199	51.8325471818	62.5871604772	47.3973230572	46.2803365075	49.859562851	32.5344868669	57.4391456646	54.8378758993	53.2342133198	42.2265022397
34.6837062589	67.4736791168	46.7460847814	70.3528895965	48.3925907254	77.7476321431	63.7117504092	43.1353907734	76.3827683096	59.926664607	50.3726617859	61.3460419586	80.8676957953	55.0826374773	90.3124531138	58.4289615409	63.6935207472	58.4956913233	73.8709632327	68.719093477	47.0018531394	77.3970892197	54.3323558258	69.6160255337	79.2613587671	42.4984194235	67.8255599362	67.6864568817	71.4353059757	47.8871501288	74.0660872458	61.9602380583	70.7258121822	58.8271184624	71.9952239741	45.6575535394	44.5876647497	63.9656422233	57.6186663978	52.7493182596	55.2790020898	63.750716521	55.7901120828	68.1671559147	66.1368985644	69.2291828445	68.1632663727	66.5460648372	71.1029931176	69.6082428646	69.7444032209	65.8775570487	60.3418049862	52.8862279739	66.3846424457	54.2676682932	63.176758657	47.1119471182
52.2560984199	55.5721866147	40.1596554549	58.3642587281	51.8481023187	59.825796126	64.8332678311	31.29829254	65.6598053234	53.8846777466	35.6148797677	45.2401508108	66.1151390409	46.4216349059	58.4289615409	90.3124531138	61.149216265	38.6142560845	60.1066777644	57.8221163779	56.8892059673	64.0219321137	47.0908421452	44.8635051692	56.2334861218	54.2069623649	39.1302058547	66.4005087055	47.2489828712	48.9740588008	59.5583233415	61.2700958267	62.2733347847	52.7313092291	62.8892506748	43.9790320308	52.7036278021	35.4566249108	57.2119083469	33.6664077037	56.8858252233	58.0757616019	38.7198644326	65.5346957654	38.9348689029	60.5333468876	62.5123852287	66.8626660333	63.6254254108	72.9645649059	72.3252363329	49.9532403141	51.1975813181	43.3513399567	56.9223474272	62.4855239355	68.8620984325	52.9509950311
50.5179149467	49.2780558609	46.4593163321	55.1071729872	55.689589138	61.0534858912	59.5921244757	32.5880301426	67.997568409	64.5172872228	46.3954165982	64.2465662012	67.0043065902	41.1696704132	63.6935207472	61.149216265	90.3124531138	52.2854067931	67.5871970277	59.7920936884	53.9018577509	67.0897947852	53.7787494789	54.9563102122	63.3908135203	46.818569271	55.0425093713	58.092919318	59.9861207078	47.1682275422	64.4176716707	55.911609578	57.9388980726	62.5858276022	58.6247973673	46.0887418984	47.6179943959	56.5998311686	59.1019121996	55.475007433	60.7044452627	63.1207943925	52.7401139736	68.3396867102	52.8358276639	57.5767087143	60.0874737039	67.4876093573	65.3257080998	60.2975532265	57.3239341483	64.321704126	60.1542214015	52.5705886562	58.6506595704	64.3608006164	60.7740225736	49.7844070292
34.3935291256	55.1853870788	53.5976515381	64.4912296049	54.4539257001	64.5469224333	64.4632912033	50.587210526	66.7375836682	47.9272463105	74.3155409146	66.1868345478	56.8021359992	21.8594279582	58.4956913233	38.6142560845	52.2854067931	90.3124531138	69.3172029629	51.8850173674	56.8623339934	72.0088068366	24.9493347545	81.9092941809	59.3318136984	33.1600392876	50.2270867111	53.0118407617	68.8667873164	29.0844054006	57.1447516541	55.345688356	55.4129631292	49.7281126295	46.7410635554	29.1769877044	41.9804058002	65.0841284424	76.5997511901	73.3323549314	55.5939955071	53.9158321262	73.5240621103	58.1562917726	68.5832582779	40.8659381238	54.5617739425	63.6998767633	63.2030897741	50.8855646611	53.2887792436	74.4967141808	54.1733919609	41.2269891196	50.7243021415	39.4805558671	52.2551225006	39.0558768483
38.2972249261	72.586499832	50.2222715904	70.004962763	69.6255684517	80.8925479838	69.4249139165	44.1156431462	81.9650458077	62.7992210864	52.5948506278	64.1758495111	80.887034985	47.9978098421	73.8709632327	60.1066777644	67.5871970277	69.3172029629	90.3124531138	71.7362375271	63.6736029273	81.7183340335	43.0483320028	75.8523631897	79.1774378694	47.2580768273	63.4308287114	71.4783117994	74.9776059248	55.3374506881	76.4301136614	73.1927780263	67.44517443	66.8494295481	73.1028744041	55.593654873	45.2880158631	72.4721816718	75.7601780183	69.3274882603	63.8133408374	74.4415244219	58.8673366629	75.007790647	65.7474111497	67.0651336393	72.0240322061	63.0005224938	79.6193624134	71.5440548664	66.713438987	73.5610366054	74.9892169499	48.3472388567	70.4313899358	59.5180010925	63.6745155186	56.1773248517
39.8346951564	59.94968945	50.7227854895	67.4333607852	57.3687084185	76.9858842538	64.7015250353	50.8421612216	78.7889787746	66.7568572335	47.6407682974	63.5875873635	73.366274767	61.4149057476	68.719093477	57.8221163779	59.7920936884	51.8850173674	71.7362375271	90.3124531138	58.393808861	74.3487579854	50.4994852834	61.3223944542	71.4019627941	53.7776328941	55.3973803489	75.4989464136	62.0525957855	44.879813107	70.9699579899	75.6689633922	75.3150479412	64.3090875689	71.1466670095	48.3185549366	51.201614241	64.8530015915	61.3231464698	51.827001672	68.1664706706	64.4237108368	55.5530700677	78.2028201277	64.3743730508	62.9470831411	73.0720698062	62.1731612057	73.246406978	73.8954530793	56.7563861405	69.2007219794	67.7217720397	46.3815065979	68.63664402	61.7490403854	70.5385343851	58.7737559376
34.4814083112	47.6667880262	47.0006930267	59.5295651771	72.0543284961	61.3389839333	54.7806787205	54.131254416	65.7234361164	54.0764342344	52.2117940107	51.599446753	55.5723677479	29.7338824005	47.0018531394	56.8892059673	53.9018577509	56.8623339934	63.6736029273	58.393808861	90.3124531138	66.2991528056	36.3350853202	52.9033588355	49.7685700381	39.0637967418	30.7012858758	53.7416063721	51.5556438899	42.9155439829	53.8786256898	57.1764949496	52.0208594176	49.6424699462	46.1948799758	38.5238251463	42.9623113575	44.4919132805	75.4870138089	52.357313427	54.5802306946	47.06033148	42.7895000862	66.8031985952	52.7834015231	39.6567005267	49.2938345166	58.537998819	71.1352825935	53.5463933841	49.9558093336	62.9519706507	53.7047679655	40.6843280839	46.0979028381	48.7750344601	62.2865935327	55.2128340236
38.3793839286	69.5555942564	53.5147575849	78.9218731352	66.5690064566	83.8387955021	73.2989797743	58.4131388502	83.3063057981	63.4101965439	59.355633504	67.3438685292	79.7166830644	52.1326182863	77.3970892197	64.0219321137	67.0897947852	72.0088068366	81.7183340335	74.3487579854	66.2991528056	90.3124531138	49.0666926098	79.1927026724	75.7351552035	49.9264865389	57.9630126441	70.2314731698	72.5557148757	46.1054745425	74.2885594505	70.8714820233	72.6216937982	61.7248505269	68.9443068981	47.8634893168	51.8768264849	63.9197531902	77.6064098536	62.2759459237	64.6728202042	67.3239424611	62.3044920676	76.8266383022	74.5019267599	68.9628952695	70.9282666929	73.1342681469	80.9541733461	74.93439897	70.9407253068	74.2205448708	66.2645830253	47.7180863178	69.4937747014	61.6898998504	73.3298873707	55.5576928748
39.5964674488	37.9940823019	49.713306945	46.7414802944	37.5345949479	47.9561186797	39.5132694625	37.7022465296	49.1720780763	43.9886684119	27.4205012688	35.8038123854	60.021560542	52.8716144662	54.3323558258	47.0908421452	53.7787494789	24.9493347545	43.0483320028	50.4994852834	36.3350853202	49.0666926098	90.3124531138	27.0108918827	51.0496712088	46.0388051368	32.2138771683	52.1029248796	42.8523358214	46.717783151	53.4864249952	39.6270074169	56.6339912146	50.3090282263	50.3086291285	39.1279581836	35.6588387604	25.425072818	32.0383980901	28.8817466821	43.1392858831	35.126784463	20.6704047013	56.7018299087	41.0804093157	46.719041212	40.5472254635	53.6421252589	53.5478190802	45.2490830844	47.1164896365	40.2401219215	36.1062329483	40.9814121901	46.880851692	68.9940351105	47.9975602861	35.5470082824
26.9560701064	61.1068977081	46.3732796231	70.9930989253	58.5066799282	73.4896392239	66.1307458915	47.7338919019	71.037603873	47.4803450679	63.9798162211	66.3917332981	66.8521263088	31.9551815074	69.6160255337	44.8635051692	54.9563102122	81.9092941809	75.8523631897	61.3223944542	52.9033588355	79.1927026724	27.0108918827	90.3124531138	67.298173074	38.2129077516	58.0534843858	53.4493725299	71.1504048706	29.6308480471	63.0531745694	58.9846556185	57.8755597435	47.1189368751	56.2429205562	33.844289726	40.0636809096	65.6170401223	73.1107946792	66.0545232808	54.4768152312	58.5655516581	70.0094709087	59.1430470192	75.0481632534	55.1674956291	61.6456355589	62.6336007586	66.1966297152	60.7016182624	60.1906033482	71.4919165446	57.5610666382	40.2531799629	54.7906075503	40.8194551729	55.711907266	41.2287435925
38.9150319071	74.6149380133	53.3308821296	65.3221886275	51.9964754676	80.6963155757	69.9498024535	48.0848132083	80.3757372344	68.5892269728	44.5377818641	65.3253493846	82.9213470173	54.8079113928	79.2613587671	56.2334861218	63.3908135203	59.3318136984	79.1774378694	71.4019627941	49.7685700381	75.7351552035	51.0496712088	67.298173074	90.3124531138	45.136802557	70.347625475	73.4149224521	74.602371914	57.6449436311	77.2868371715	70.8505652349	71.1749300068	70.0936737943	76.9318573577	60.6810991801	38.795268994	73.6814317851	62.9903548169	57.8553564031	62.4571066602	69.2038409193	56.5589065918	75.5276197232	60.020717405	64.3497961699	70.7929104689	60.7936180239	75.0999669424	71.0199856474	65.0738000234	72.5658359531	76.3285899342	54.9363648459	71.7226851426	59.1239654456	60.8244248523	51.5538638666
44.855648164	37.739837276	37.5775061433	45.3579325698	39.1316074808	48.8297394442	41.2132509633	24.8464269395	53.4428204995	42.2206902758	27.9773765272	40.1160111052	53.1263921252	39.9775829807	42.4984194235	54.2069623649	46.818569271	33.1600392876	47.2580768273	53.7776328941	39.0637967418	49.9264865389	46.0388051368	38.2129077516	45.136802557	90.3124531138	37.3257729877	55.0753523582	34.5425708503	29.4986683868	57.3082766864	60.7117145908	52.5611925079	42.3356942505	53.4430599232	40.3008682015	41.6041864321	36.5188775129	39.8517356332	36.9690781913	46.3468643921	53.8367231832	28.0675705221	57.364704771	38.1497332289	38.3892767183	61.5684478343	45.4218612308	51.1281570514	55.5290799786	46.7365821926	39.276752443	44.0271654739	24.907548195	43.0375272101	61.2002945794	55.279330479	51.5505628483
29.8149579615	64.64449411	37.7245094803	40.8494952811	31.3810672039	60.2197792815	45.8982427008	27.1570393167	64.2266121395	53.9678883424	33.9989159574	58.0103418945	65.3405804162	40.212539601	67.8255599362	39.1302058547	55.0425093713	50.2270867111	63.4308287114	55.3973803489	30.7012858758	57.9630126441	32.2138771683	58.0534843858	70.347625475	37.3257729877	90.3124531138	54.2948252919	58.4224753627	43.7617274809	69.7577513379	56.1612470032	46.5370601971	51.306002978	67.8188561167	43.200249772	31.6918310903	68.2269194766	43.6932926798	52.5054856858	50.0278484235	68.2881569535	46.6023592298	55.0656177784	47.911041924	42.0924502179	66.7485787775	49.2516674607	53.5474658009	53.3633708393	48.9359954673	52.5353224753	65.7885537299	51.6212741453	48.8889561898	41.5215523677	43.0196659546	42.3745275871
55.3424497934	66.9454403466	54.9175207346	63.0588342562	49.067009126	70.4432772009	66.9652965639	43.4999382098	79.7011307842	65.3930296655	48.2340371689	58.3711619581	76.2873626728	55.2703676627	67.6864568817	66.4005087055	58.092919318	53.0118407617	71.4783117994	75.4989464136	53.7416063721	70.2314731698	52.1029248796	53.4493725299	73.4149224521	55.0753523582	54.2948252919	90.3124531138	64.6485985673	57.5789904215	73.6283654076	77.9389553883	79.2458975045	67.6217650276	79.3601396438	51.3431957983	50.0748414883	61.8415966892	60.2388825428	55.7117522091	63.8656280599	71.7546064273	50.9196813096	80.8419304083	53.8096389053	60.6739846595	75.3631254169	65.6823325989	74.5888289907	77.3059458514	62.5511571342	66.8976513279	66.8346051368	52.0785096565	68.6227613832	69.3494659056	74.4285102531	64.5476704679
48.0189015906	62.1172858068	44.3224207713	62.0371828929	50.6934261944	72.5913113429	69.1993285738	43.065688775	73.8267174031	64.1560437757	57.7071361288	65.8478571712	71.8760315777	40.9671213148	71.4353059757	47.2489828712	59.9861207078	68.8667873164	74.9776059248	62.0525957855	51.5556438899	72.5557148757	42.8523358214	71.1504048706	74.602371914	34.5425708503	58.4224753627	64.6485985673	90.3124531138	53.8137006421	66.2032405713	60.668116983	59.4404720513	65.9270125445	64.7717666598	57.7330236853	34.9023294859	71.7210368736	66.9176985952	67.4661702636	59.2932480392	62.6447026926	65.5752059905	65.8622828382	60.833500091	60.7604106197	59.7482661408	61.4929370292	71.0975981038	63.023548939	58.3554917275	74.2760137161	70.8950506968	50.3646487191	70.4792292576	53.4686781941	56.2497243255	45.4531023173
52.083547582	50.2318981586	39.8692206603	36.8097554165	38.8623374862	49.867296487	45.9608756637	32.9494497483	54.9196069443	62.3886940392	22.7103898604	43.3009131266	58.8068107512	44.1037758039	47.8871501288	48.9740588008	47.1682275422	29.0844054006	55.3374506881	44.879813107	42.9155439829	46.1054745425	46.717783151	29.6308480471	57.6449436311	29.4986683868	43.7617274809	57.5789904215	53.8137006421	90.3124531138	56.5672787115	49.1820399019	45.9465650198	51.8081536589	60.0101510384	60.4680231874	28.9337682994	46.0152698891	40.1858391182	45.0661378908	56.3603894133	49.1654843924	29.5041179131	61.779146208	29.2201791769	43.4003211693	47.4844181905	43.7525719903	61.9584129226	53.0900435244	41.9833484094	48.7222754064	55.7740903881	45.9729239402	51.0008724902	57.5105427485	46.8990705329	49.554721889
45.2375438593	62.9563798799	54.4556731488	60.8057698022	51.9962771316	75.7828402374	63.4686022913	45.100760567	81.1837673633	63.7589309805	44.7371854123	61.8285970905	78.683445264	55.499997986	74.0660872458	59.5583233415	64.4176716707	57.1447516541	76.4301136614	70.9699579899	53.8786256898	74.2885594505	53.4864249952	63.0531745694	77.2868371715	57.3082766864	69.7577513379	73.6283654076	66.2032405713	56.5672787115	90.3124531138	78.9239950094	64.7261774842	56.5571689938	79.116798918	51.4027361693	41.3618859638	65.3415281709	59.8257770007	58.0644184598	61.5878663223	78.2248140947	50.0882421968	74.9088464851	54.2335623042	59.9811392515	80.8446872258	67.2108278939	76.4168524175	75.3607040916	64.9382296633	65.3902961045	71.5032639779	48.510455397	64.8290021656	66.5487645399	70.0570250267	70.21485073
44.2741116616	59.4709130091	46.3249057142	58.5803493779	51.9837450471	72.3616202423	67.1128171537	45.3937483429	80.7798246423	64.4494503578	46.4407545984	55.5865955996	70.9857345792	56.6922931378	61.9602380583	61.2700958267	55.911609578	55.345688356	73.1927780263	75.6689633922	57.1764949496	70.8714820233	39.6270074169	58.9846556185	70.8505652349	60.7117145908	56.1612470032	77.9389553883	60.668116983	49.1820399019	78.9239950094	90.3124531138	66.2535323725	58.0263324774	76.5040234553	50.6376016417	42.0470215269	62.7201268158	63.4467577294	54.6610655211	64.1065639342	77.7093977203	54.9032659567	75.964282921	49.3562755956	58.9061572326	81.3621132905	62.5459094521	73.7361879832	78.9224173873	60.6493414944	67.2151905778	70.3444967039	41.5514004461	66.1151005182	61.7830590231	73.6367234199	72.4764990863
44.6975346572	65.7281856997	59.2783461523	77.3751131321	55.6812974819	73.1221980349	65.2741437289	46.8828178117	74.8282301364	60.5747814419	57.0790581886	59.0957353903	74.2496661118	55.4276542074	70.7258121822	62.2733347847	57.9388980726	55.4129631292	67.44517443	75.3150479412	52.0208594176	72.6216937982	56.6339912146	57.8755597435	71.1749300068	52.5611925079	46.5370601971	79.2458975045	59.4404720513	45.9465650198	64.7261774842	66.2535323725	90.3124531138	64.2360572081	68.2931946553	42.353035083	61.0665914653	57.0622394816	59.0200314602	53.3659407519	60.4663433374	55.4941502216	55.2359709082	78.6047644643	67.193489032	61.6100446337	66.8292461379	68.0267151025	72.3260894258	68.4541282203	60.6926359056	67.49114839	56.0527846115	54.5436431551	65.9753582594	60.3842841269	70.6281316951	50.2507981148
44.8788740363	62.6607919004	43.6765985841	50.6578258048	46.0890540568	61.6297943356	66.8649149543	40.4123934655	69.7803175693	67.571412676	41.4109878225	62.2716601807	68.7917939412	51.8784620863	58.8271184624	52.7313092291	62.5858276022	49.7281126295	66.8494295481	64.3090875689	49.6424699462	61.7248505269	50.3090282263	47.1189368751	70.0936737943	42.3356942505	51.306002978	67.6217650276	65.9270125445	51.8081536589	56.5571689938	58.0263324774	64.2360572081	90.3124531138	62.463452465	66.2122759852	42.977189666	66.264049197	61.7824693889	55.9549818546	62.267770698	63.0877415047	49.0488767952	69.8132265515	44.8191181529	54.8680987705	53.9530379523	52.4568681923	64.613940527	56.3141166485	49.314223035	67.7839565482	71.0662591015	52.7376420898	72.2178537627	63.1221296837	54.0522163491	40.9347478093
43.2958685152	69.6674537448	44.4424709306	57.5598227844	46.2911654929	70.4908055018	62.0519374106	39.1092928747	77.9013546441	62.2567837243	35.167066084	57.0714544296	80.7046563456	62.6637611791	71.9952239741	62.8892506748	58.6247973673	46.7410635554	73.1028744041	71.1466670095	46.1948799758	68.9443068981	50.3086291285	56.2429205562	76.9318573577	53.4430599232	67.8188561167	79.3601396438	64.7717666598	60.0101510384	79.116798918	76.5040234553	68.2931946553	62.463452465	90.3124531138	57.0533345695	39.3268986119	58.6351004633	52.0987297617	49.3200048845	57.4789551596	76.9734019607	43.8630354657	73.3025240351	49.1141499545	63.1104852921	79.6705561246	60.5343258095	70.7361867573	79.9539600879	63.5732191574	59.3926749373	70.5102126605	53.7665772018	64.6427226018	65.5650934907	69.9232490613	64.7202039659
41.4345381044	51.9082374955	24.7263331261	33.9930773942	33.1315222063	51.4908275471	49.3420755978	34.7134155494	56.8080074894	62.3346886603	18.2732085424	48.9067012186	57.0033091291	51.1415073008	45.6575535394	43.9790320308	46.0887418984	29.1769877044	55.593654873	48.3185549366	38.5238251463	47.8634893168	39.1279581836	33.844289726	60.6810991801	40.3008682015	43.200249772	51.3431957983	57.7330236853	60.4680231874	51.4027361693	50.6376016417	42.353035083	66.2122759852	57.0533345695	90.3124531138	28.475569182	52.7059586233	42.269378938	44.8940310836	52.4287993022	51.5105569962	31.7744877856	57.0283871845	27.5414636071	44.8678098511	47.5756689884	39.2100816802	54.9112336158	50.7940746362	36.8918555822	50.5571510186	67.37699031	37.273017461	62.3323399163	54.2038806222	42.0012580793	40.0954213102
36.3731729818	50.0094861306	35.749464008	56.5980212525	47.4172543496	50.7209519566	39.0804141009	30.7879998209	50.7973876922	43.6197386338	44.3964615411	46.1902893559	45.481959811	30.590797867	44.5876647497	52.7036278021	47.6179943959	41.9804058002	45.2880158631	51.201614241	42.9623113575	51.8768264849	35.6588387604	40.0636809096	38.795268994	41.6041864321	31.6918310903	50.0748414883	34.9023294859	28.9337682994	41.3618859638	42.0470215269	61.0665914653	42.977189666	39.3268986119	28.475569182	90.3124531138	36.9120275646	43.6503540148	42.5901136396	48.8780213635	38.0147271969	37.2976085754	54.3538388752	52.290388681	31.8622113413	50.55817478	60.1563752167	50.4913485067	41.5226337327	36.4381318728	46.1736858507	33.45732505	39.202681801	45.8908868126	38.8878126637	56.992266826	41.546937177
36.1428891065	59.9110698734	45.4315510695	53.9388560182	45.1582535665	68.1102682385	63.9874035887	37.4166759691	70.4152305552	67.075807689	54.3047188603	70.7217421159	62.5133711736	38.6865227295	63.9656422233	35.4566249108	56.5998311686	65.0841284424	72.4721816718	64.8530015915	44.4919132805	63.9197531902	25.425072818	65.6170401223	73.6814317851	36.5188775129	68.2269194766	61.8415966892	71.7210368736	46.0152698891	65.3415281709	62.7201268158	57.0622394816	66.264049197	58.6351004633	52.7059586233	36.9120275646	90.3124531138	62.2686390931	70.6112689856	62.5951933862	65.3873727941	67.7909402744	65.3839956939	54.8785983049	47.9950414716	61.4425315578	49.5882756447	63.8900643688	52.3648525928	43.1983608335	76.406381784	75.2246472606	45.2655700616	62.9348819536	44.0839063347	46.9615365465	43.2325336199
38.1297050952	59.8437768119	52.3421534876	67.7813886538	66.9781681555	71.1523652779	73.8390358541	59.1082066438	75.0401539487	58.4254746053	63.7452532514	65.4570026829	63.5113632188	31.2311969764	57.6186663978	57.2119083469	59.1019121996	76.5997511901	75.7601780183	61.3231464698	75.4870138089	77.6064098536	32.0383980901	73.1107946792	62.9903548169	39.8517356332	43.6932926798	60.2388825428	66.9176985952	40.1858391182	59.8257770007	63.4467577294	59.0200314602	61.7824693889	52.0987297617	42.269378938	43.6503540148	62.2686390931	90.3124531138	63.5305148186	60.3767736479	60.7727607388	62.5165989588	69.5615536011	61.726690254	53.6505523745	56.626596233	63.446305589	74.7474355469	60.6943147271	61.5102790809	74.6541285854	63.646972944	43.1615698023	62.6903268243	48.8845636395	62.9735199965	51.1316288503
42.8021227931	54.0664723891	52.3592179918	52.1092939585	54.3143400947	58.7043695719	53.5421638492	43.486142184	64.4399894803	55.384623944	64.1622344177	64.3805863335	55.7511767769	23.6377968627	52.7493182596	33.6664077037	55.475007433	73.3323549314	69.3274882603	51.827001672	52.357313427	62.2759459237	28.8817466821	66.0545232808	57.8553564031	36.9690781913	52.5054856858	55.7117522091	67.4661702636	45.0661378908	58.0644184598	54.6610655211	53.3659407519	55.9549818546	49.3200048845	44.8940310836	42.5901136396	70.6112689856	63.5305148186	90.3124531138	57.5187330784	55.0220884084	62.0745343179	62.324240663	60.9438124185	35.0757231272	52.3230299124	54.6677358748	65.8094377122	43.6941560136	40.0016031249	72.2177105526	60.4184616009	43.4634007529	51.3180036764	47.9879773436	44.9824377339	43.8746352809
56.3071124347	55.0960956749	52.8759572274	52.8913078262	47.8802487761	67.2209762196	64.9547732719	44.8207448448	69.0061613892	74.9093871411	53.3636601027	67.2149198538	59.9178164407	45.7107022262	55.2790020898	56.8858252233	60.7044452627	55.5939955071	63.8133408374	68.1664706706	54.5802306946	64.6728202042	43.1392858831	54.4768152312	62.4571066602	46.3468643921	50.0278484235	63.8656280599	59.2932480392	56.3603894133	61.5878663223	64.1065639342	60.4663433374	62.267770698	57.4789551596	52.4287993022	48.8780213635	62.5951933862	60.3767736479	57.5187330784	90.3124531138	55.827626763	62.4765333486	75.1604006092	55.7025909356	48.2356973283	60.3619699783	65.9498748919	68.9492188906	60.0126714208	44.3249706842	72.9714059875	65.7281364569	51.4382778763	62.7363064027	61.718296538	61.5774100067	54.8938694396
42.4132390823	63.4757837848	39.276634808	48.4140040173	45.858646192	64.5513245624	62.239285324	29.7470165105	77.4044448027	59.2953186852	40.0376765716	58.9607702127	71.2651686945	46.105006526	63.750716521	58.0757616019	63.1207943925	53.9158321262	74.4415244219	64.4237108368	47.06033148	67.3239424611	35.126784463	58.5655516581	69.2038409193	53.8367231832	68.2881569535	71.7546064273	62.6447026926	49.1654843924	78.2248140947	77.7093977203	55.4941502216	63.0877415047	76.9734019607	51.5105569962	38.0147271969	65.3873727941	60.7727607388	55.0220884084	55.827626763	90.3124531138	50.6009279266	66.603252202	41.0030767998	58.6595276745	78.0081388422	59.0638525787	67.5272021646	72.1667250121	60.0891441086	58.6238534264	73.8666553871	47.8106970931	65.8064024412	59.3818320601	65.0262403629	63.9937715119
36.6911737076	41.9852745081	43.1646840218	56.5549373126	40.2171238741	59.4505800573	69.0576966817	33.924356419	63.0709252724	60.3739889899	73.8360949769	65.9639352009	50.3620991304	30.9283319099	55.7901120828	38.7198644326	52.7401139736	73.5240621103	58.8673366629	55.5530700677	42.7895000862	62.3044920676	20.6704047013	70.0094709087	56.5589065918	28.0675705221	46.6023592298	50.9196813096	65.5752059905	29.5041179131	50.0882421968	54.9032659567	55.2359709082	49.0488767952	43.8630354657	31.7744877856	37.2976085754	67.7909402744	62.5165989588	62.0745343179	62.4765333486	50.6009279266	90.3124531138	57.6962207695	60.8536626507	50.7804748614	50.9379033265	63.1808665724	55.3225576193	51.7102746978	47.8350685824	76.2227486833	55.0093607017	51.692748618	55.7419310757	36.6830144951	49.0205629382	34.1195796844
55.7041650611	65.4073066231	61.964874525	69.0401213347	61.7417283721	77.5048420452	69.9331601072	56.7937659377	82.9531389275	75.7801948306	54.6226274819	67.218704226	77.4706594447	54.8967569429	68.1671559147	65.5346957654	68.3396867102	58.1562917726	75.007790647	78.2028201277	66.8031985952	76.8266383022	56.7018299087	59.1430470192	75.5276197232	57.364704771	55.0656177784	80.8419304083	65.8622828382	61.779146208	74.9088464851	75.964282921	78.6047644643	69.8132265515	73.3025240351	57.0283871845	54.3538388752	65.3839956939	69.5615536011	62.324240663	75.1604006092	66.603252202	57.6962207695	90.3124531138	64.0948542507	61.234709806	72.5675928421	70.933259678	83.4378621846	73.6413683463	60.3128435364	75.5468682713	71.3871754252	56.7541973914	70.5071395423	71.2278114905	75.9737643926	65.0002152399
26.8172333575	54.0653471779	48.9030516188	74.4773057617	58.528930036	71.622069529	52.1513814923	51.7459431529	63.6269687581	48.2612168729	61.4454996833	60.6535155408	63.0514071794	34.5255283556	66.1368985644	38.9348689029	52.8358276639	68.5832582779	65.7474111497	64.3743730508	52.7834015231	74.5019267599	41.0804093157	75.0481632534	60.020717405	38.1497332289	47.911041924	53.8096389053	60.833500091	29.2201791769	54.2335623042	49.3562755956	67.193489032	44.8191181529	49.1141499545	27.5414636071	52.290388681	54.8785983049	61.726690254	60.9438124185	55.7025909356	41.0030767998	60.8536626507	64.0948542507	90.3124531138	48.5000149393	53.0868786774	61.9636108141	65.9769819787	52.0946557445	45.1568058257	68.6511542152	44.5105345548	47.428442888	51.6078725736	45.7053220313	57.8348871386	40.8441562904
34.8027923151	53.2373226896	36.1766025209	63.0099230927	45.6527555086	66.6448158668	67.6324582358	31.7190764512	67.8783107444	56.5181911264	40.6845351474	47.189565969	71.9620280237	58.4569182018	69.2291828445	60.5333468876	57.5767087143	40.8659381238	67.0651336393	62.9470831411	39.6567005267	68.9628952695	46.719041212	55.1674956291	64.3497961699	38.3892767183	42.0924502179	60.6739846595	60.7604106197	43.4003211693	59.9811392515	58.9061572326	61.6100446337	54.8680987705	63.1104852921	44.8678098511	31.8622113413	47.9950414716	53.6505523745	35.0757231272	48.2356973283	58.6595276745	50.7804748614	61.234709806	48.5000149393	90.3124531138	58.5507044341	58.0350194582	62.0925542866	70.481276542	69.0813348532	54.3522985239	56.4305144776	41.9483388808	70.6434968276	53.8482547229	58.7045227912	38.6975414797
47.0432193726	64.4219677826	43.4792983631	61.3845164499	48.0183327629	71.2883494414	60.1137998029	36.4633778719	77.8291856955	59.9483076334	42.4572278885	57.788004967	74.4377203982	55.7656837793	68.1632663727	62.5123852287	60.0874737039	54.5617739425	72.0240322061	73.0720698062	49.2938345166	70.9282666929	40.5472254635	61.6456355589	70.7929104689	61.5684478343	66.7485787775	75.3631254169	59.7482661408	47.4844181905	80.8446872258	81.3621132905	66.8292461379	53.9530379523	79.6705561246	47.5756689884	50.55817478	61.4425315578	56.626596233	52.3230299124	60.3619699783	78.0081388422	50.9379033265	72.5675928421	53.0868786774	58.5507044341	90.3124531138	65.9704312247	70.6935163366	78.5618789472	60.789940586	60.7403353287	67.5025090527	47.0648807217	62.6185683845	60.3695101907	74.7175998623	70.0520571531
54.3180593575	56.1347119946	55.8804175188	66.9471486037	51.8267267423	65.7957806696	65.5617737027	47.2759829838	73.6519865686	59.9865019613	65.4035263231	64.3454033337	66.933786747	42.6710649199	66.5460648372	66.8626660333	67.4876093573	63.6998767633	63.0005224938	62.1731612057	58.537998819	73.1342681469	53.6421252589	62.6336007586	60.7936180239	45.4218612308	49.2516674607	65.6823325989	61.4929370292	43.7525719903	67.2108278939	62.5459094521	68.0267151025	52.4568681923	60.5343258095	39.2100816802	60.1563752167	49.5882756447	63.446305589	54.6677358748	65.9498748919	59.0638525787	63.1808665724	70.933259678	61.9636108141	58.0350194582	65.9704312247	90.3124531138	70.3327739875	66.0223852948	61.5051061908	68.4641848798	54.8908950481	58.6737787991	61.7216621714	62.365473885	74.891720002	56.9849854894
