Tissue	braincaudatebasalganglia
N_samples	98
Chr	12
Gene	ENSG00000185633.6
SNP	rs113397893
Gene_list	ENSG00000164850.10	ENSG00000074181.4	ENSG00000101335.5	ENSG00000131097.2	ENSG00000185633.6	ENSG00000011465.12	ENSG00000113721.9
Gene expression stats (Y^T * Y): 
90.3124531138	60.133530886	47.9912683784	52.8790115953	55.5073997478	40.9342089094	61.0280211868
60.133530886	90.3124531138	49.3822552968	40.1407474035	56.3228930899	43.3652988307	64.0707163706
47.9912683784	49.3822552968	90.3124531138	50.0860382711	67.6071278375	63.8217700104	56.9598371529
52.8790115953	40.1407474035	50.0860382711	90.3124531138	59.315816991	55.7813777957	49.8639705327
55.5073997478	56.3228930899	67.6071278375	59.315816991	90.3124531138	58.1543178078	57.1360971531
40.9342089094	43.3652988307	63.8217700104	55.7813777957	58.1543178078	90.3124531138	54.3036062057
61.0280211868	64.0707163706	56.9598371529	49.8639705327	57.1360971531	54.3036062057	90.3124531138
Genotype stats (X^T * X): 	6.79461326531
Gene expression - Genotype stats (Y^T * X): 
-7.42325411619	-6.89822668127	-5.34786438521	-3.2648820321	-8.0741703383	-3.40889039577	-6.62384937764