Tissue	braincaudatebasalganglia
N_samples	98
Chr	8
Gene	ENSG00000104327.3
SNP	rs1805860
Gene_list	ENSG00000125869.5	ENSG00000103316.6	ENSG00000172995.12	ENSG00000053438.7	ENSG00000128989.6	ENSG00000181195.6	ENSG00000104327.3	ENSG00000164924.13	ENSG00000172020.8	ENSG00000171951.4
Gene expression stats (Y^T * Y): 
90.3124531138	61.6387559136	63.7244297581	54.3808412436	54.9781253388	62.0845144701	55.5446953809	54.9569791477	54.6714390277	62.9513993712
61.6387559136	90.3124531138	56.319056447	58.0840780849	52.1061862709	53.6766751787	59.3063968771	51.5025043064	65.1210435224	51.4767571689
63.7244297581	56.319056447	90.3124531138	63.9544377993	85.3972364444	78.5398554874	59.070293757	78.4532286428	53.3643779632	68.4997091584
54.3808412436	58.0840780849	63.9544377993	90.3124531138	59.7821309034	68.4892029597	69.9236109516	61.5695559171	71.131703303	66.9806943156
54.9781253388	52.1061862709	85.3972364444	59.7821309034	90.3124531138	77.1117489673	55.6699731177	76.7721326881	51.6998958074	64.8757153701
62.0845144701	53.6766751787	78.5398554874	68.4892029597	77.1117489673	90.3124531138	63.4813755436	74.6921428711	58.6026329782	71.4494365028
55.5446953809	59.3063968771	59.070293757	69.9236109516	55.6699731177	63.4813755436	90.3124531138	55.8875840389	63.5881451529	67.1097850172
54.9569791477	51.5025043064	78.4532286428	61.5695559171	76.7721326881	74.6921428711	55.8875840389	90.3124531138	60.6250575965	71.7317979117
54.6714390277	65.1210435224	53.3643779632	71.131703303	51.6998958074	58.6026329782	63.5881451529	60.6250575965	90.3124531138	63.4176834914
62.9513993712	51.4767571689	68.4997091584	66.9806943156	64.8757153701	71.4494365028	67.1097850172	71.7317979117	63.4176834914	90.3124531138
Genotype stats (X^T * X): 	11.2755102041
Gene expression - Genotype stats (Y^T * X): 
-7.6189152208	-11.8797282838	-6.44249438201	-6.25823289688	-5.83040588551	-6.74870203771	-10.3557106886	-5.91466417181	-9.09091398761	-5.8406489085