Tissue	braincaudatebasalganglia
N_samples	98
Chr	19
Gene	ENSG00000090339.4
SNP	rs281413
Gene_list	ENSG00000090339.4	ENSG00000136244.7	ENSG00000108342.8	ENSG00000169429.6	ENSG00000163739.4	ENSG00000106366.7	ENSG00000118503.10	ENSG00000007908.11
Gene expression stats (Y^T * Y): 
90.3124531138	57.0854013673	64.3775674618	63.6099611137	55.3731086182	57.0936002521	63.7536627116	55.8400102936
57.0854013673	90.3124531138	56.3829550141	42.5714665894	36.6108248293	31.9983493244	38.653249863	50.0782637476
64.3775674618	56.3829550141	90.3124531138	67.7264573573	58.6965837972	61.3999799515	57.2564234747	69.0610659597
63.6099611137	42.5714665894	67.7264573573	90.3124531138	70.4733009824	73.8770048583	63.7631956299	58.5204365966
55.3731086182	36.6108248293	58.6965837972	70.4733009824	90.3124531138	63.7103045264	55.9071714883	54.1821708712
57.0936002521	31.9983493244	61.3999799515	73.8770048583	63.7103045264	90.3124531138	75.0957802611	60.2270178815
63.7536627116	38.653249863	57.2564234747	63.7631956299	55.9071714883	75.0957802611	90.3124531138	58.1233477639
55.8400102936	50.0782637476	69.0610659597	58.5204365966	54.1821708712	60.2270178815	58.1233477639	90.3124531138
Genotype stats (X^T * X): 	36.1326530612
Gene expression - Genotype stats (Y^T * X): 
-19.2484573654	-12.2519212561	-20.3935862	-12.0568189726	-7.45982595653	-15.2697736847	-15.5890558719	-17.1401492653