Tissue	braincaudatebasalganglia
N_samples	98
Chr	17
Gene	ENSG00000154975.9
SNP	rs1263983
Gene_list	ENSG00000187398.7	ENSG00000100095.14	ENSG00000013016.10	ENSG00000154975.9	ENSG00000134853.7	ENSG00000150275.13	ENSG00000173406.11	ENSG00000156103.11	ENSG00000187416.7	ENSG00000169129.10	ENSG00000116147.12
Gene expression stats (Y^T * Y): 
90.3124531138	61.4762419235	46.5700153649	62.2103356825	58.5394078614	47.582611761	53.1806988691	50.9785948571	46.9096927452	40.6482120546	56.0984035149
61.4762419235	90.3124531138	53.3449421492	59.9406920253	55.9925520812	44.6435486895	62.2527614994	50.6251521996	43.9708271982	46.8406057267	61.5627772411
46.5700153649	53.3449421492	90.3124531138	54.8973445468	52.9883945703	44.3784758552	38.8317113986	36.4107521476	34.719698747	33.6624136203	55.3631064759
62.2103356825	59.9406920253	54.8973445468	90.3124531138	59.8065762051	55.1344759823	61.8528942414	55.5759773858	56.8832950791	54.2417447383	64.7756760929
58.5394078614	55.9925520812	52.9883945703	59.8065762051	90.3124531138	63.4433852178	51.3845174591	51.8197031541	60.4508282366	53.4242151052	75.5523382746
47.582611761	44.6435486895	44.3784758552	55.1344759823	63.4433852178	90.3124531138	47.5243601201	53.8491163476	57.1311112111	41.7625385177	61.4482569586
53.1806988691	62.2527614994	38.8317113986	61.8528942414	51.3845174591	47.5243601201	90.3124531138	41.3315004625	47.8210308372	40.3488916308	54.9163177714
50.9785948571	50.6251521996	36.4107521476	55.5759773858	51.8197031541	53.8491163476	41.3315004625	90.3124531138	45.4953430456	52.3942994687	57.5507222922
46.9096927452	43.9708271982	34.719698747	56.8832950791	60.4508282366	57.1311112111	47.8210308372	45.4953430456	90.3124531138	42.8267877867	59.9751017139
40.6482120546	46.8406057267	33.6624136203	54.2417447383	53.4242151052	41.7625385177	40.3488916308	52.3942994687	42.8267877867	90.3124531138	55.9789504448
56.0984035149	61.5627772411	55.3631064759	64.7756760929	75.5523382746	61.4482569586	54.9163177714	57.5507222922	59.9751017139	55.9789504448	90.3124531138
Genotype stats (X^T * X): 	47.3163265306
Gene expression - Genotype stats (Y^T * X): 
15.976822515	13.0934247283	18.6650315147	22.1412724267	14.1767273062	15.5276465271	11.5735593349	16.1975009418	10.1924221928	15.967024478	15.000629296