Tissue	braincaudatebasalganglia
N_samples	98
Chr	17
Gene	ENSG00000182327.7
SNP	rs4790694
Gene_list	ENSG00000182327.7	ENSG00000179965.7	ENSG00000130748.6	ENSG00000171695.6	ENSG00000172425.6	ENSG00000131188.7
Gene expression stats (Y^T * Y): 
90.3124531138	55.5733876176	55.6451311694	59.318967596	57.0609723163	54.4633322297
55.5733876176	90.3124531138	58.9670663491	60.4745483374	53.9815149807	74.5369650271
55.6451311694	58.9670663491	90.3124531138	44.4835060545	49.0309405561	65.2665722207
59.318967596	60.4745483374	44.4835060545	90.3124531138	40.4717747695	56.7550371554
57.0609723163	53.9815149807	49.0309405561	40.4717747695	90.3124531138	52.5318639442
54.4633322297	74.5369650271	65.2665722207	56.7550371554	52.5318639442	90.3124531138
Genotype stats (X^T * X): 	35.0306122449
Gene expression - Genotype stats (Y^T * X): 
-18.6567612269	-18.2202473313	-21.7387492154	-13.5155911618	-13.5923176676	-18.294201204