Tissue	braincaudatebasalganglia
N_samples	98
Chr	5
Gene	ENSG00000113504.15
SNP	rs62329576
Gene_list	ENSG00000111181.8	ENSG00000113504.15	ENSG00000164850.10	ENSG00000177374.8	ENSG00000008256.11	ENSG00000074181.4	ENSG00000119630.9	ENSG00000113721.9
Gene expression stats (Y^T * Y): 
90.3124531138	59.224813963	51.6493024361	38.7166514025	47.581063932	51.2650983244	33.5071558043	56.2726362247
59.224813963	90.3124531138	57.3411883299	59.8431558319	55.9779648166	56.4339143279	54.9993051535	54.9852050459
51.6493024361	57.3411883299	90.3124531138	49.5879722479	54.1453020284	60.133530886	64.0485634665	61.0280211868
38.7166514025	59.8431558319	49.5879722479	90.3124531138	33.2640040191	36.06363563	46.8793473119	36.0020943673
47.581063932	55.9779648166	54.1453020284	33.2640040191	90.3124531138	55.5143034057	44.291006343	53.7272702696
51.2650983244	56.4339143279	60.133530886	36.06363563	55.5143034057	90.3124531138	49.5330875106	64.0707163706
33.5071558043	54.9993051535	64.0485634665	46.8793473119	44.291006343	49.5330875106	90.3124531138	55.5099242571
56.2726362247	54.9852050459	61.0280211868	36.0020943673	53.7272702696	64.0707163706	55.5099242571	90.3124531138
Genotype stats (X^T * X): 	24.8198343367
Gene expression - Genotype stats (Y^T * X): 
16.7221234659	16.6981531774	13.6741492883	7.27931200459	13.7944429534	13.3008529864	9.64504097112	9.33298783335