Tissue	braincaudatebasalganglia
N_samples	98
Chr	7
Gene	ENSG00000106683.10
SNP	rs1859763
Gene_list	ENSG00000124785.4	ENSG00000086300.11	ENSG00000100362.8	ENSG00000087152.11	ENSG00000178233.13	ENSG00000104888.5	ENSG00000186469.4	ENSG00000106683.10	ENSG00000157782.5	ENSG00000196990.4
Gene expression stats (Y^T * Y): 
90.3124531138	42.304093977	60.3881159335	51.5852500233	47.8109650418	73.0567337794	61.844343531	57.4622737009	54.4624173297	42.7321322741
42.304093977	90.3124531138	47.3573776368	25.9411533896	47.6546161147	47.3717626939	55.0953947754	56.5617698363	44.2514997655	46.4431504415
60.3881159335	47.3573776368	90.3124531138	33.0920354782	52.5856981247	66.1502942378	50.5431935139	59.232554635	53.0665102869	48.3435891776
51.5852500233	25.9411533896	33.0920354782	90.3124531138	45.6510840655	42.3388059648	33.9674846379	56.0361719152	45.0956252372	28.1357063971
47.8109650418	47.6546161147	52.5856981247	45.6510840655	90.3124531138	49.2974942777	43.1137223068	58.3439711679	42.5521959254	59.1741414384
73.0567337794	47.3717626939	66.1502942378	42.3388059648	49.2974942777	90.3124531138	70.6277476823	61.2187925184	56.3717577127	51.0874632247
61.844343531	55.0953947754	50.5431935139	33.9674846379	43.1137223068	70.6277476823	90.3124531138	55.2871601631	51.6005683091	46.0167849392
57.4622737009	56.5617698363	59.232554635	56.0361719152	58.3439711679	61.2187925184	55.2871601631	90.3124531138	56.4661390249	57.3679648407
54.4624173297	44.2514997655	53.0665102869	45.0956252372	42.5521959254	56.3717577127	51.6005683091	56.4661390249	90.3124531138	46.3107050103
42.7321322741	46.4431504415	48.3435891776	28.1357063971	59.1741414384	51.0874632247	46.0167849392	57.3679648407	46.3107050103	90.3124531138
Genotype stats (X^T * X): 	13.8368041224
Gene expression - Genotype stats (Y^T * X): 
5.9262990853	4.58099017871	5.86507899739	4.36211909789	10.1832964913	8.63529287858	4.3957988499	13.272682891	3.36221387252	8.66267586322