Tissue	braincaudatebasalganglia
N_samples	98
Chr	10
Gene	ENSG00000122378.9
SNP	rs7902071
Gene_list	ENSG00000172458.4	ENSG00000185432.10	ENSG00000122378.9	ENSG00000152583.8	ENSG00000132541.6	ENSG00000164089.4	ENSG00000163346.12
Gene expression stats (Y^T * Y): 
90.3124531138	54.2593973105	57.0450916665	48.9808982391	52.3398003099	57.4392645165	52.8160006561
54.2593973105	90.3124531138	58.2336288822	68.1374240227	58.8681534899	60.3198048499	67.4583189299
57.0450916665	58.2336288822	90.3124531138	57.1014888926	59.4873880144	59.1241052558	55.3305133339
48.9808982391	68.1374240227	57.1014888926	90.3124531138	51.2077358019	70.3538191928	67.3379519163
52.3398003099	58.8681534899	59.4873880144	51.2077358019	90.3124531138	68.514284665	56.7912039785
57.4392645165	60.3198048499	59.1241052558	70.3538191928	68.514284665	90.3124531138	63.713266271
52.8160006561	67.4583189299	55.3305133339	67.3379519163	56.7912039785	63.713266271	90.3124531138
Genotype stats (X^T * X): 	50.890824
Gene expression - Genotype stats (Y^T * X): 
-8.45743151757	-20.7090740743	-26.0231976693	-12.9617898772	-18.2094622556	-15.27084322	-13.7689152019