Tissue	braincaudatebasalganglia
N_samples	98
Chr	20
Gene	ENSG00000101265.11
SNP	rs6116527
Gene_list	ENSG00000060237.12	ENSG00000101265.11	ENSG00000170759.10	ENSG00000154945.6	ENSG00000165424.6	ENSG00000169554.12
Gene expression stats (Y^T * Y): 
90.3124531138	56.7335617985	62.5551347349	70.8662969888	62.5995174934	71.1066104819
56.7335617985	90.3124531138	58.0264009479	60.6006160805	55.4871707866	62.5594018062
62.5551347349	58.0264009479	90.3124531138	69.3643087724	62.941363154	66.4628820172
70.8662969888	60.6006160805	69.3643087724	90.3124531138	60.5589642261	68.8429608647
62.5995174934	55.4871707866	62.941363154	60.5589642261	90.3124531138	65.7030907185
71.1066104819	62.5594018062	66.4628820172	68.8429608647	65.7030907185	90.3124531138
Genotype stats (X^T * X): 	16.3888885
Gene expression - Genotype stats (Y^T * X): 
9.72685453124	12.820514319	10.0467174302	10.1248567732	8.80587593158	7.62801624991