Tissue	braincaudatebasalganglia
N_samples	98
Chr	2
Gene	ENSG00000134321.7
SNP	rs34955134
Gene_list	ENSG00000134321.7	ENSG00000184979.9	ENSG00000107201.5	ENSG00000157601.9	ENSG00000137959.11	ENSG00000089127.8	ENSG00000115267.5
Gene expression stats (Y^T * Y): 
90.3124531138	56.4030913025	58.4640149747	57.3683887508	60.493276403	55.6231175317	54.8704279477
56.4030913025	90.3124531138	45.3016143608	49.2268623048	47.5951978362	55.1296069596	45.2535674726
58.4640149747	45.3016143608	90.3124531138	50.4219041213	51.6220362582	43.0949807227	48.7640374431
57.3683887508	49.2268623048	50.4219041213	90.3124531138	64.2871169979	53.2586529989	50.5404186731
60.493276403	47.5951978362	51.6220362582	64.2871169979	90.3124531138	55.8458177522	55.9820137205
55.6231175317	55.1296069596	43.0949807227	53.2586529989	55.8458177522	90.3124531138	48.5128971534
54.8704279477	45.2535674726	48.7640374431	50.5404186731	55.9820137205	48.5128971534	90.3124531138
Genotype stats (X^T * X): 	13.7141464898
Gene expression - Genotype stats (Y^T * X): 
-12.4790956908	-4.55640313086	-3.07723143101	-6.94867354863	-9.18556283158	-6.98375566787	-7.11232855202