Tissue	braincaudatebasalganglia
N_samples	98
Chr	19
Gene	ENSG00000124440.11
SNP	rs138808004
Gene_list	ENSG00000162493.12	ENSG00000134508.8	ENSG00000112312.5	ENSG00000239282.3	ENSG00000096060.10	ENSG00000112576.8	ENSG00000124440.11	ENSG00000100767.11	ENSG00000004799.7
Gene expression stats (Y^T * Y): 
90.3124531138	-38.5985278331	-46.485006329	-45.2170609163	-42.3486575077	-52.2139556769	-55.3003384817	-31.4969181399	-42.9087087156
-38.5985278331	90.3124531138	46.2967986852	49.777013451	42.1098896558	43.6239077998	59.9811369615	37.677880864	46.6092916768
-46.485006329	46.2967986852	90.3124531138	34.4215464899	67.6584831103	60.1883707636	57.5249352859	36.1490840397	68.2243316345
-45.2170609163	49.777013451	34.4215464899	90.3124531138	36.3979491058	49.375242954	56.9485517734	34.2175323404	30.6824622552
-42.3486575077	42.1098896558	67.6584831103	36.3979491058	90.3124531138	53.4831053714	59.9162199719	33.8734936075	73.656648985
-52.2139556769	43.6239077998	60.1883707636	49.375242954	53.4831053714	90.3124531138	61.3071723149	25.8080848426	56.2279828679
-55.3003384817	59.9811369615	57.5249352859	56.9485517734	59.9162199719	61.3071723149	90.3124531138	55.1309086741	58.9185102089
-31.4969181399	37.677880864	36.1490840397	34.2175323404	33.8734936075	25.8080848426	55.1309086741	90.3124531138	33.9737662415
-42.9087087156	46.6092916768	68.2243316345	30.6824622552	73.656648985	56.2279828679	58.9185102089	33.9737662415	90.3124531138
Genotype stats (X^T * X): 	10.5561647041
Gene expression - Genotype stats (Y^T * X): 
-6.85406666714	8.74298089146	8.55866794586	2.97566201629	9.84225055674	6.98335877724	10.0190895576	5.93226254202	9.12718481179