Tissue	braincaudatebasalganglia
N_samples	98
Chr	5
Gene	ENSG00000164904.11
SNP	rs10042457
Gene_list	ENSG00000171885.9	ENSG00000124145.5	ENSG00000139644.8	ENSG00000148053.11	ENSG00000152583.8	ENSG00000164089.4	ENSG00000164904.11	ENSG00000109472.9
Gene expression stats (Y^T * Y): 
90.3124531138	44.7240897589	75.8113520316	70.767265814	74.1363458617	61.1717727403	54.537008731	75.2120551228
44.7240897589	90.3124531138	50.0179046401	58.0254377034	52.5637618043	63.9502053175	56.9383098791	44.5763406237
75.8113520316	50.0179046401	90.3124531138	74.8437126335	73.3323167877	62.1859226919	56.3471610436	73.8606611585
70.767265814	58.0254377034	74.8437126335	90.3124531138	77.1768577153	68.8919008761	59.6840853472	74.2072438753
74.1363458617	52.5637618043	73.3323167877	77.1768577153	90.3124531138	70.3538191928	55.9889769891	78.504197899
61.1717727403	63.9502053175	62.1859226919	68.8919008761	70.3538191928	90.3124531138	61.3071798828	62.9476381554
54.537008731	56.9383098791	56.3471610436	59.6840853472	55.9889769891	61.3071798828	90.3124531138	55.3765705553
75.2120551228	44.5763406237	73.8606611585	74.2072438753	78.504197899	62.9476381554	55.3765705553	90.3124531138
Genotype stats (X^T * X): 	49.5510204082
Gene expression - Genotype stats (Y^T * X): 
-7.64017425352	-12.3832953015	-8.0068213747	-6.76650719267	-7.06465985428	-6.26329086797	-21.7289765124	-7.30572878156