Tissue	braincaudatebasalganglia
N_samples	98
Chr	12
Gene	ENSG00000198673.6
SNP	rs76252801
Gene_list	ENSG00000115194.6	ENSG00000124134.4	ENSG00000162374.12	ENSG00000169035.7	ENSG00000198673.6	ENSG00000141668.5	ENSG00000164112.8
Gene expression stats (Y^T * Y): 
90.3124531138	82.7957612125	59.5830608567	83.6026349056	55.0571609816	65.543227645	81.990316305
82.7957612125	90.3124531138	61.3700641244	80.3443507152	58.5508928489	66.513976437	81.1296188624
59.5830608567	61.3700641244	90.3124531138	62.4227161283	54.9606400327	60.7988134449	64.7394363221
83.6026349056	80.3443507152	62.4227161283	90.3124531138	55.3510830958	64.279406277	81.4964795208
55.0571609816	58.5508928489	54.9606400327	55.3510830958	90.3124531138	62.5479648762	56.9041469023
65.543227645	66.513976437	60.7988134449	64.279406277	62.5479648762	90.3124531138	71.712878352
81.990316305	81.1296188624	64.7394363221	81.4964795208	56.9041469023	71.712878352	90.3124531138
Genotype stats (X^T * X): 	19.9183673469
Gene expression - Genotype stats (Y^T * X): 
7.97961299162	8.70700346947	7.26084352584	7.84597867821	14.3857965526	6.3307407164	9.19545534987