Tissue	braincaudatebasalganglia
N_samples	98
Chr	14
Gene	ENSG00000166091.15
SNP	rs60024729
Gene_list	ENSG00000109099.9	ENSG00000166091.15	ENSG00000105695.10	ENSG00000167641.6	ENSG00000068903.15	ENSG00000173786.12	ENSG00000066322.8	ENSG00000086205.12	ENSG00000090097.16	ENSG00000102934.5	ENSG00000092758.11	ENSG00000172508.6	ENSG00000172005.6	ENSG00000197430.6	ENSG00000019144.12	ENSG00000164124.6
Gene expression stats (Y^T * Y): 
90.3124531138	58.3726416721	45.1879276948	39.1964236108	41.646749306	51.8459338603	53.2334246538	46.8991050269	34.4387171155	43.8688063721	40.9782867916	42.7215657963	54.5593534766	41.272408046	51.5744502696	49.7228335808
58.3726416721	90.3124531138	58.1349322486	54.6378202572	54.2909978927	57.5749316874	58.7436980572	61.9537361044	62.2775281695	59.828882906	64.9642509575	64.5903411271	61.7865268073	56.0690209189	58.6723189651	61.1482807213
45.1879276948	58.1349322486	90.3124531138	80.8676957953	67.0043065902	80.887034985	58.2329625703	41.9201287483	53.4443920507	82.9213470173	65.3405804162	78.683445264	65.6518667727	62.5133711736	71.2651686945	71.7715271858
39.1964236108	54.6378202572	80.8676957953	90.3124531138	63.6935207472	73.8709632327	53.8614978676	37.7869968241	44.5474853034	79.2613587671	67.8255599362	74.0660872458	61.9178254382	63.9656422233	63.750716521	60.3418049862
41.646749306	54.2909978927	67.0043065902	63.6935207472	90.3124531138	67.5871970277	49.9417841737	38.6279877992	38.6375982904	63.3908135203	55.0425093713	64.4176716707	57.9513621579	56.5998311686	63.1207943925	60.1542214015
51.8459338603	57.5749316874	80.887034985	73.8709632327	67.5871970277	90.3124531138	58.0284566131	41.6316332857	50.7533635429	79.1774378694	63.4308287114	76.4301136614	71.8162228285	72.4721816718	74.4415244219	74.9892169499
53.2334246538	58.7436980572	58.2329625703	53.8614978676	49.9417841737	58.0284566131	90.3124531138	45.6448649871	53.3062350849	56.1484627069	48.7485255381	57.4026571023	51.6686702302	43.4297671572	55.2989631214	54.2873368612
46.8991050269	61.9537361044	41.9201287483	37.7869968241	38.6279877992	41.6316332857	45.6448649871	90.3124531138	44.4300973218	38.2696418821	49.3951385216	48.5363688866	42.1486042617	45.8734319703	51.2356873446	51.7151716951
34.4387171155	62.2775281695	53.4443920507	44.5474853034	38.6375982904	50.7533635429	53.3062350849	44.4300973218	90.3124531138	57.7129353286	61.985629364	55.1452823813	52.5682600398	48.8133312727	53.7469996309	52.8622522346
43.8688063721	59.828882906	82.9213470173	79.2613587671	63.3908135203	79.1774378694	56.1484627069	38.2696418821	57.7129353286	90.3124531138	70.347625475	77.2868371715	66.1117351506	73.6814317851	69.2038409193	76.3285899342
40.9782867916	64.9642509575	65.3405804162	67.8255599362	55.0425093713	63.4308287114	48.7485255381	49.3951385216	61.985629364	70.347625475	90.3124531138	69.7577513379	59.7764985457	68.2269194766	68.2881569535	65.7885537299
42.7215657963	64.5903411271	78.683445264	74.0660872458	64.4176716707	76.4301136614	57.4026571023	48.5363688866	55.1452823813	77.2868371715	69.7577513379	90.3124531138	61.1884829825	65.3415281709	78.2248140947	71.5032639779
54.5593534766	61.7865268073	65.6518667727	61.9178254382	57.9513621579	71.8162228285	51.6686702302	42.1486042617	52.5682600398	66.1117351506	59.7764985457	61.1884829825	90.3124531138	61.5363948553	60.8327014499	60.7674556484
41.272408046	56.0690209189	62.5133711736	63.9656422233	56.5998311686	72.4721816718	43.4297671572	45.8734319703	48.8133312727	73.6814317851	68.2269194766	65.3415281709	61.5363948553	90.3124531138	65.3873727941	75.2246472606
51.5744502696	58.6723189651	71.2651686945	63.750716521	63.1207943925	74.4415244219	55.2989631214	51.2356873446	53.7469996309	69.2038409193	68.2881569535	78.2248140947	60.8327014499	65.3873727941	90.3124531138	73.8666553871
49.7228335808	61.1482807213	71.7715271858	60.3418049862	60.1542214015	74.9892169499	54.2873368612	51.7151716951	52.8622522346	76.3285899342	65.7885537299	71.5032639779	60.7674556484	75.2246472606	73.8666553871	90.3124531138
Genotype stats (X^T * X): 	31.9613396327
Gene expression - Genotype stats (Y^T * X): 
-15.6009914452	-17.4048225902	-8.46911648791	-10.607352021	-11.7880226402	-10.9629558289	-14.8082037134	-13.0655997702	-13.1526209467	-10.5524899482	-17.0503517231	-14.8004225854	-11.9778556739	-15.3465817526	-12.9892775734	-11.0404973825