Tissue	braincaudatebasalganglia
N_samples	98
Chr	7
Gene	ENSG00000106078.13
SNP	rs7458079
Gene_list	ENSG00000184014.3	ENSG00000114853.9	ENSG00000154945.6	ENSG00000106078.13	ENSG00000106665.11	ENSG00000166508.13	ENSG00000107829.9	ENSG00000009307.11
Gene expression stats (Y^T * Y): 
90.3124531138	50.9508446582	58.9779255212	56.7261416135	39.7401510882	41.7330031253	46.1681663148	55.6516191647
50.9508446582	90.3124531138	57.8180696523	64.5847041936	48.8721129041	56.1787226672	58.1062410832	52.3912684544
58.9779255212	57.8180696523	90.3124531138	64.3418254052	45.1617469274	55.7950422632	60.3652946917	64.0392194255
56.7261416135	64.5847041936	64.3418254052	90.3124531138	60.4318888461	56.0941631196	56.5958258457	56.911710866
39.7401510882	48.8721129041	45.1617469274	60.4318888461	90.3124531138	35.679788417	48.9836967923	45.9162828382
41.7330031253	56.1787226672	55.7950422632	56.0941631196	35.679788417	90.3124531138	62.2679751749	39.8263696281
46.1681663148	58.1062410832	60.3652946917	56.5958258457	48.9836967923	62.2679751749	90.3124531138	54.2740210782
55.6516191647	52.3912684544	64.0392194255	56.911710866	45.9162828382	39.8263696281	54.2740210782	90.3124531138
Genotype stats (X^T * X): 	52.9897959184
Gene expression - Genotype stats (Y^T * X): 
12.3135162458	17.9375206996	17.0084745386	24.2673908025	24.7621701926	15.365935968	18.3987443345	12.3003291614