Tissue	braincaudatebasalganglia
N_samples	98
Chr	11
Gene	ENSG00000166441.8
SNP	rs10840111
Gene_list	ENSG00000177600.4	ENSG00000115268.5	ENSG00000140988.11	ENSG00000171863.8	ENSG00000130255.8	ENSG00000161970.8	ENSG00000166441.8	ENSG00000144713.8	ENSG00000110700.2	ENSG00000105640.8	ENSG00000221983.3	ENSG00000134419.11	ENSG00000137154.8	ENSG00000142676.8	ENSG00000198242.9	ENSG00000198832.6	ENSG00000231500.2	ENSG00000124614.9	ENSG00000198755.6	ENSG00000100302.6	ENSG00000125691.8	ENSG00000108298.5	ENSG00000168028.9	ENSG00000100316.11	ENSG00000105193.4	ENSG00000188846.9	ENSG00000145592.9	ENSG00000131469.8	ENSG00000105372.2	ENSG00000058404.15	ENSG00000142937.7	ENSG00000265681.2	ENSG00000232112.3	ENSG00000063177.8	ENSG00000142541.12	ENSG00000142534.2	ENSG00000213741.4	ENSG00000162244.6	ENSG00000123349.9	ENSG00000170889.9	ENSG00000143947.8	ENSG00000108107.8	ENSG00000087258.9	ENSG00000229117.4	ENSG00000008988.5	ENSG00000196531.6	ENSG00000083845.4	ENSG00000171858.13	ENSG00000149806.6	ENSG00000137818.7	ENSG00000172809.8	ENSG00000145741.11	ENSG00000156642.12	ENSG00000147604.9	ENSG00000149273.10	ENSG00000138326.14	ENSG00000186468.8	ENSG00000167526.9	ENSG00000122406.8	ENSG00000156482.6	ENSG00000114391.8	ENSG00000109475.12	ENSG00000089009.11	ENSG00000163399.11	ENSG00000118181.6	ENSG00000155368.12	ENSG00000089157.11	ENSG00000136942.10	ENSG00000197958.8	ENSG00000112306.7	ENSG00000148303.12	ENSG00000161016.11	ENSG00000164587.7	ENSG00000145425.5	ENSG00000182899.10	ENSG00000114942.9	ENSG00000066248.10	ENSG00000172428.6
Gene expression stats (Y^T * Y): 
90.3124531138	69.2145527655	66.4542625355	57.1032882759	71.0033440142	34.582036491	55.1496074335	55.9905931183	40.6623125959	64.8481868833	69.2162830541	43.3098454627	55.4173473923	62.9680267736	65.9947945924	29.1197332988	56.4741117011	65.5622290389	43.3837454646	-30.4818977672	54.3829665643	67.6462247424	55.7621076601	52.2137539014	70.6515976768	48.1020149665	65.7223764157	57.9445366377	73.8393425415	-29.6649457066	61.079098184	50.3503126614	46.3311787123	60.9621880326	74.3588586995	62.3023211086	49.7613965028	57.3382644555	49.3268310061	71.2711990978	48.9202026515	64.7723992382	-29.1807305711	55.8109462988	44.5841022155	31.503082249	58.5308172646	67.7598746969	76.095963998	72.1129981474	69.5740060309	28.7393700502	-47.3363197182	31.2635763138	66.088997909	39.7125364633	47.4807241067	63.267907559	42.3502089655	49.7478145636	47.4551667149	48.1281116065	30.5963358273	-39.1520305966	43.104973345	40.7462669954	42.6639599236	59.713196427	49.3825601881	54.5288726953	56.0024843732	68.9303711009	64.5709207312	34.9663943297	46.2328755919	38.4005071396	-33.6100389517	45.8692283817
69.2145527655	90.3124531138	69.5973184951	67.465740874	84.2028340905	42.1064060653	72.6676614083	67.153414422	50.7113786653	80.9880974837	72.7622356226	59.1544743865	64.9725021491	69.4672264471	70.3776162527	59.8001349209	64.2767525759	77.9046251226	56.9404024603	-41.7273253578	57.1929395938	76.289020687	63.6623211177	57.9750667579	78.4263322339	51.4919682151	66.1736345053	71.6075512516	79.8046202606	-41.5792880143	72.8518192337	62.2787281836	59.1926167419	82.7435947166	75.6429663273	70.1473033079	61.1278800327	76.7502821896	62.8512721789	77.5592712228	54.8046106979	80.3358117406	-44.3672308335	63.3504197243	53.9338062328	42.2320048817	77.7599970314	73.0764133772	77.1582633692	78.9776450736	76.8838440445	37.8419420882	-60.2440981677	33.7892043433	72.6528799452	53.9276482653	56.3977430781	82.3120084437	44.1137414173	58.6947914073	62.2505188456	60.2417637273	43.855517795	-57.4403876694	60.568498701	52.2126466023	56.041693642	83.0835677378	63.9185778799	65.1232454675	61.8360618995	75.122100124	69.2317819787	46.5020671613	57.1835251763	37.5424536833	-51.4568184739	61.724390384
66.4542625355	69.5973184951	90.3124531138	56.2261786208	70.8416910057	33.2005431186	57.4007020542	56.4428281448	35.1771434142	72.8782635391	62.3439502406	49.3427815059	56.4581296661	61.7908650619	56.7750132483	42.1928532991	60.3338802627	66.5067990369	51.0369512652	-32.1406791299	57.599107305	66.4112048683	55.8459878633	53.9531445157	76.4245632581	52.3220748395	59.0072106402	57.7274537994	75.8126827914	-30.6398968037	63.4289127214	61.5183173872	46.4741288921	68.629058165	78.8633144639	60.8860552329	45.361956064	67.1955730294	46.7757070742	63.5580941445	38.7461507181	70.69820445	-36.83872957	61.4878426653	44.8291835388	31.2472869963	67.8468583825	52.8824074654	68.2896702392	69.6691188003	59.4751539561	29.8081053573	-49.5045084895	29.200440271	66.8884723806	46.260962363	39.5951285422	66.9406545372	44.215103532	47.8589884293	48.7705042587	43.0894282467	35.0936830243	-45.866667579	44.713025872	44.6853532995	66.1710928004	64.546461594	56.3509081249	52.2692451244	66.3803965765	75.0127988487	63.2099652215	36.8821800236	44.0881173466	30.8891526499	-37.5085528635	51.6730068678
57.1032882759	67.465740874	56.2261786208	90.3124531138	67.7383664686	68.089001811	73.5113885457	77.8265031002	67.6512250613	64.4570384174	70.6947230134	75.6300045414	77.3672611287	77.5230680143	74.927933358	36.8783201134	71.4818685573	70.2950924935	66.9783693998	-55.6091758513	76.5452944971	79.6602030184	54.4516208274	64.4354762174	69.3549197297	70.149791979	71.3923109745	76.8737743771	68.1831481195	-57.2725562387	79.9914496715	71.2367664837	61.8370661812	66.4876332515	69.0187923887	73.6582906251	67.7454064005	72.469669643	74.5158906011	66.895838478	71.3700478525	66.1133351939	-47.8963048459	67.4967884519	71.665438707	72.310459627	67.8158749784	66.229689937	57.4883158029	58.6272018747	73.725123581	60.7487499831	-45.1050650256	62.9330261923	70.2600961702	75.4782810465	68.8809382619	63.7527817872	71.7376711825	72.9422468154	75.589374184	74.0611105864	70.24420657	-51.6317065405	73.4960263354	53.8154005183	57.781648185	74.5514174212	70.7068300469	69.8942851267	69.6451020088	68.6982362916	63.5363920299	68.9095470655	77.4974861628	57.2997066555	-58.1951360097	48.8733047815
71.0033440142	84.2028340905	70.8416910057	67.7383664686	90.3124531138	44.085968577	73.0491969511	68.6457471571	50.2651004794	78.715126136	73.4419844718	60.1515574885	66.2030493327	71.0274179139	71.5061825537	56.2266879156	68.9306766843	80.249801713	61.1356115559	-45.8257870294	62.6150979528	75.860443048	66.9514366537	61.7053629665	76.3988428103	55.2503987332	69.1142912416	74.0392538742	80.2559928162	-42.6400352508	73.4177007763	64.9360575272	60.977659152	81.2836523734	77.2301135823	70.9091843481	63.2357227301	74.1551634351	64.6609065096	78.3232476248	57.0851273466	79.483652574	-46.6143191113	69.7320491346	55.2874630111	42.7569165936	76.9159414147	73.3467121894	78.723518115	79.1116553139	78.5829769061	37.424262479	-61.4906051655	36.8330434581	71.9825927202	56.5073357088	56.7046997146	78.0244178005	49.4561300667	60.2172440967	62.8689667662	61.2136990398	44.0083155778	-54.3470598171	59.651392313	57.4910559606	60.6421187582	82.0980973652	65.7948034034	68.3166926582	65.4550115597	79.625955839	71.696081956	49.4086648146	59.5566964265	41.3698382626	-51.8713920376	63.572852596
34.582036491	42.1064060653	33.2005431186	68.089001811	44.085968577	90.3124531138	63.3804796912	72.3988881463	77.4843433098	50.3070981507	61.9228946389	72.2896542718	67.7315460681	73.8315870141	64.7254392441	28.1682452412	61.335941488	58.9876243411	72.787992844	-56.5519327927	72.3873111122	64.5913375586	46.4809909045	58.3550444273	46.5129783527	60.6261169297	59.722545222	71.3823481008	40.6275999613	-55.6660697627	71.828548565	67.1507431792	41.0479062523	43.3311541564	47.2064008627	63.5979713101	73.2554244829	52.414950743	71.7382430763	44.3537312677	80.3099091134	43.8859340725	-52.9969021311	63.5430625344	70.0156496294	79.6168226155	55.119431899	54.3586827809	36.2197784565	28.7763739039	57.655401763	66.8659453007	-23.956313809	81.4294721946	48.8405799322	76.3053089825	66.3514863376	39.7967257755	75.0927731187	79.9770530733	73.2355011652	71.233677626	79.9428481908	-27.822481634	71.3742964679	35.815911349	44.5234810545	55.3438528904	59.9469807276	70.1953854894	59.6142525826	45.4965477325	49.0638143841	80.8568641792	73.8089581556	72.7227820703	-40.7064467405	30.2883802842
55.1496074335	72.6676614083	57.4007020542	73.5113885457	73.0491969511	63.3804796912	90.3124531138	75.397510316	64.1628642315	72.5866566727	68.9489540022	71.6721733149	74.8543555521	77.4437694416	70.3958348699	55.0992122591	71.9578711083	78.6329411832	68.9119466493	-58.4727065344	71.0426839153	78.1403867145	60.7648413642	69.4099593654	67.0105441807	65.4723958621	66.1517854547	79.2805227261	66.6362062252	-58.1756231916	81.0397468328	73.8831708264	59.573664958	74.647924804	68.9842902191	73.407322505	69.7109065646	74.322163056	80.0050420897	69.1016190005	69.4279396405	70.8471023576	-57.7745200311	68.5867717789	68.3351299	66.337065152	72.0665276879	65.2668367347	62.6913135445	64.0410068845	70.9600476752	54.5542425941	-55.9984617945	55.726754937	67.9792222267	74.7755071131	62.6751688459	70.1143403652	68.4254347531	72.8722445892	75.4691961758	76.9526723637	62.1030932722	-55.4861641848	76.8179112119	54.2265664249	62.7404653902	79.6789902915	73.6288315606	72.9783626751	68.3052632974	68.8235397442	66.9445645312	67.0788735241	73.5745549325	56.9174967141	-57.5211931117	58.7222741329
55.9905931183	67.153414422	56.4428281448	77.8265031002	68.6457471571	72.3988881463	75.397510316	90.3124531138	71.1358249136	68.3494531229	79.5601756377	75.9577013569	76.1410653256	79.8876561653	78.4244087106	32.4795185366	72.0323147569	76.0790792721	78.8209617832	-62.5037037999	76.3142160062	81.7720581001	64.0002055782	72.9308201711	68.4150466963	71.9991119888	75.4957245719	78.7216881398	66.6526180137	-59.1889728663	79.4763569094	75.7236566995	56.5236524876	70.6279267601	71.9759785852	81.4424262917	74.0040106846	74.4898105264	78.7778755588	67.0142964621	78.0732502415	69.5853166916	-55.9596680798	72.1670020987	74.4160030533	70.2241013942	75.0463667245	71.4893861754	62.7741671111	53.4826398513	75.6112397313	55.5399534858	-53.0974179289	69.0486765628	71.570471421	76.1893584412	72.0899054626	63.4335324062	71.9857304497	77.9852961739	79.7272373054	75.047240014	75.4684137417	-47.6378373409	73.6032960531	49.7578404929	59.05787255	73.474002783	69.8352007132	75.5123669398	73.6532617848	72.1384593996	70.0182188849	71.3151213557	77.9614694374	58.2592610235	-60.1607500845	53.0341894349
40.6623125959	50.7113786653	35.1771434142	67.6512250613	50.2651004794	77.4843433098	64.1628642315	71.1358249136	90.3124531138	54.7115130252	63.2836385922	81.1459159734	67.6207045752	74.3406874816	68.2997492083	31.2586033574	59.9518896901	65.9417676345	68.5726843202	-58.2497393046	68.9194685758	66.1420808998	48.0076792209	51.69220585	56.0595923288	52.9272803397	62.3524521053	74.7952404521	50.4608679668	-57.4334328838	70.0377794635	63.8605245929	39.9046480422	53.0510874374	46.2936513658	68.4482403703	78.7070940911	61.3377780648	64.108935781	55.9628674581	78.0128778894	51.2562284927	-56.6396906551	61.3756499311	73.5982727592	67.5553184105	60.8907333612	59.8622102705	41.5424327855	38.6048126072	62.806817579	67.2806574197	-31.0248427144	72.4644593016	57.8409777727	70.4374828189	73.493352698	47.0659447548	67.6460673033	82.4239067898	69.6374811112	67.6589801868	70.6991460712	-43.5234239446	72.8824809112	43.2477626785	52.2848094065	61.0085050951	60.5119432188	73.4974522526	53.9475707085	49.9109510945	53.7357074174	77.8201719681	71.7296479635	61.212011184	-51.7657625998	36.9559375857
64.8481868833	80.9880974837	72.8782635391	64.4570384174	78.715126136	50.3070981507	72.5866566727	68.3494531229	54.7115130252	90.3124531138	74.1137590034	61.4644010558	64.0636008788	70.7857588168	69.5367353288	58.1893508598	68.1012508896	78.5095707399	64.9399254415	-47.3131652174	64.9519264423	75.994985556	63.5341324199	65.3344935285	81.0474435378	55.5514682022	65.6155830584	72.2156629722	77.3432995946	-41.2885273604	74.8959470065	66.7755436217	48.2494303813	77.5803896388	77.2364412964	74.4451243398	64.3393398928	73.8242519106	60.3050410854	71.014305759	56.495966221	78.2076771908	-50.5256358856	68.2080261859	56.182368559	46.5045024615	80.8960825843	70.5987342629	73.2456695994	73.6505322414	72.5984525776	44.2495125522	-53.7831686057	44.51592114	75.8617957332	56.220384874	55.0936053489	78.0625201312	52.2411777878	62.8294061729	61.8234550444	56.6163782411	51.1678873052	-44.8772154676	60.2191833911	44.58909859	63.0251919655	77.7612491698	64.3083931406	67.0201390794	71.7315108021	75.1610691221	68.1469508689	54.5943872722	58.5007511657	45.1949324612	-45.2712145538	58.5552439621
69.2162830541	72.7622356226	62.3439502406	70.6947230134	73.4419844718	61.9228946389	68.9489540022	79.5601756377	63.2836385922	74.1137590034	90.3124531138	66.5706742936	69.9541157011	77.1453713096	77.8320529834	38.0296606754	72.6591820082	76.8883720575	70.8674265929	-47.0726336673	69.1339262161	80.0634873918	68.4873527173	68.0699961262	72.3150756017	64.3786207974	73.8289462649	75.7995152434	69.0036353978	-43.3190123326	75.4903721814	67.8549118624	52.9231210441	71.6632887648	74.5554358169	77.5153393978	69.8352379961	70.5821077271	68.6025438097	71.8962921385	69.8351243244	72.376973417	-45.5914498747	66.4353720647	65.702458527	56.4569995107	74.8205613778	73.1726572075	73.6519167874	61.9991696787	77.3517128635	52.1897886445	-48.2678786125	57.6493997324	73.6640856988	60.3097524361	63.8486587879	66.1375894223	62.4640466616	71.144411539	70.8989296317	65.4746708644	62.6341966851	-39.7874059133	64.9124609318	41.6571569402	54.9783036792	71.6739512581	66.0814908258	71.001078237	69.2901281041	72.5185109145	72.8398149041	59.7174560375	68.4527028676	57.9327330254	-45.0728083015	51.8457195358
43.3098454627	59.1544743865	49.3427815059	75.6300045414	60.1515574885	72.2896542718	71.6721733149	75.9577013569	81.1459159734	61.4644010558	66.5706742936	90.3124531138	77.656892921	79.4053726236	72.2539910233	37.6714607979	69.4323089649	72.7780285079	73.3369697119	-67.520848842	76.8738324253	73.2541476789	52.6731944167	59.8153818563	64.8258077255	59.5712412968	69.1046128312	78.0030785909	60.2673855893	-67.6097011452	76.2081535753	75.9866446184	50.0544280722	66.4664200033	57.2491520703	73.1900664962	78.4370909945	71.548337635	69.0167457093	61.4457534903	74.8870066288	63.3155485571	-58.207921181	71.0482536621	76.7131996485	68.5744992441	68.3439317182	60.7739047866	46.9511178772	49.2371916418	67.4044231547	66.4100160473	-47.3782882731	70.1469439457	67.212509332	77.8880217189	77.3733028874	54.7344398616	71.7991585423	84.1071234608	74.6655823259	71.0782497711	70.3747971084	-54.9333635598	76.2967173802	57.6249773527	68.4020887999	70.1243679149	69.8461814055	78.6198988148	61.4340128734	64.5718727491	63.2199299034	77.2114461161	75.8251950191	54.3515182435	-65.6494679712	46.1302477898
55.4173473923	64.9725021491	56.4581296661	77.3672611287	66.2030493327	67.7315460681	74.8543555521	76.1410653256	67.6207045752	64.0636008788	69.9541157011	77.656892921	90.3124531138	82.2170106457	75.8449942507	34.2106838659	71.1818343924	71.2973145695	67.8210064172	-65.6022179146	77.6678455051	82.1165432679	48.5058197233	69.0826230026	71.4450368684	69.9871873661	71.2170619482	73.2192485313	66.1793073998	-69.7271523511	81.6908929611	75.2959074775	51.9197171584	69.4548121073	68.4850906748	76.651042285	67.7557603666	68.6211111693	71.97133776	66.6514560913	69.6145083185	70.8943896959	-48.199090613	68.0003864054	73.4088009079	72.7000430067	63.7576133772	57.4104069036	54.0774325713	61.3140224248	69.2438513864	60.4088466321	-52.6804655697	63.7724554471	73.1193455474	77.4422391973	69.6434075696	60.0193817371	75.5708256258	79.4649041819	73.6083149426	74.0215577405	67.9198762131	-57.5622310535	74.0267139536	60.7280657864	65.4209529957	71.9365489798	71.8366234912	76.3497086568	68.8023936638	73.8062667483	68.8719292733	69.3857679648	74.1360661441	55.619238522	-66.6541665639	47.6593534869
62.9680267736	69.4672264471	61.7908650619	77.5230680143	71.0274179139	73.8315870141	77.4437694416	79.8876561653	74.3406874816	70.7857588168	77.1453713096	79.4053726236	82.2170106457	90.3124531138	77.9277693704	41.7882527255	72.6615937569	79.5202049554	75.1482035994	-58.0937723181	81.0301269089	83.241495314	60.5035867429	71.2100698121	73.0954527451	68.3515889589	73.4002779678	80.421546039	68.7114186364	-57.1676390182	85.0589293385	77.0964074766	55.4266417025	71.3145294043	71.7414055845	77.8010477607	75.9317730639	73.7957167896	75.3124501621	72.236225633	76.7253899519	73.1070660523	-54.819474772	73.648026477	76.5632633823	69.8127564582	73.9197577853	66.7971731096	63.2148631723	59.5345654463	74.6793799571	64.8309089025	-49.9496132157	68.9056000789	72.6163379906	75.5848314128	74.2661638118	65.5249102918	74.9683770665	83.4788934304	77.277934994	73.9378615697	69.9930926099	-49.6183475645	74.5694557515	53.4910541868	65.8871836762	75.0599658731	73.6149986947	80.491782189	72.5347504273	74.4161745562	70.2968637974	74.5347826954	75.7983662868	64.476323999	-53.3735521022	49.1432651632
65.9947945924	70.3776162527	56.7750132483	74.927933358	71.5061825537	64.7254392441	70.3958348699	78.4244087106	68.2997492083	69.5367353288	77.8320529834	72.2539910233	75.8449942507	77.9277693704	90.3124531138	34.0494096848	74.4072894696	79.0820725687	70.8969864759	-61.1302020482	73.136151952	78.9677533697	64.5929859686	68.9438892395	71.4118842157	63.6657466089	77.2411725166	77.637854737	71.5502695944	-58.6461514827	77.4779919751	73.8024066349	55.0651902744	70.8277680572	72.1952395536	79.8368503048	72.4469547544	70.6641122482	71.1797193872	70.6644060284	74.1718210283	70.8835410856	-48.2438196616	71.6491511156	68.7400585969	61.924568694	72.1808590143	75.1406922733	63.5987063808	65.3694494626	77.3036823345	53.9760012444	-54.6140390166	64.819568185	77.5763475715	69.3000401398	72.7536543731	64.9925145776	68.0305144157	76.9805659338	75.2541195683	71.7088594272	63.293547917	-53.7510877313	71.9426297554	50.8519225393	55.9577165788	72.328068013	64.7916290177	77.3095365087	69.9611337796	69.6256583494	73.4941321479	69.5915246147	73.5364561444	58.9983590627	-59.3265847686	55.3494717206
29.1197332988	59.8001349209	42.1928532991	36.8783201134	56.2266879156	28.1682452412	55.0992122591	32.4795185366	31.2586033574	58.1893508598	38.0296606754	37.6714607979	34.2106838659	41.7882527255	34.0494096848	90.3124531138	42.7040610761	50.9753394805	41.8500498736	-23.3062071803	33.6174494105	41.9924703927	36.2161195933	38.7473276991	45.9029952135	24.1443523146	29.1847363502	52.474166916	43.9569440446	-21.4032421388	48.4222905106	40.1791956225	49.7917306323	54.0224828067	37.6736410996	35.158603582	42.6354677605	46.5566591033	45.6778702618	42.1469567815	33.1075936616	45.2508993802	-49.4312707203	43.9413253356	37.93907666	26.176669056	52.1693985408	41.1307017047	48.2862566379	51.0593629102	42.9724932345	34.1107030219	-28.3066949834	15.7667880092	33.1181632134	37.0474560417	31.3238708755	57.5667337605	26.0918426892	33.1287465007	42.0084450846	42.5977317301	24.2214926338	-26.5567961375	46.6683739815	32.3927344491	42.89309515	59.7503024739	47.5462041242	41.4488565094	38.1152230402	40.4546679088	38.495601249	34.4113194396	38.3875340266	32.5642191355	-19.1700426513	47.6017502985
56.4741117011	64.2767525759	60.3338802627	71.4818685573	68.9306766843	61.335941488	71.9578711083	72.0323147569	59.9518896901	68.1012508896	72.6591820082	69.4323089649	71.1818343924	72.6615937569	74.4072894696	42.7040610761	90.3124531138	72.2188203785	66.0881128358	-54.2642496071	68.3868935377	74.207136405	64.5077819353	67.0216538415	67.1242831741	65.4317628253	68.9683874895	73.5808735204	66.6031728361	-51.5982172333	73.7693803615	70.6827990546	51.671624617	66.0731552656	69.0075360254	72.2347516625	66.1336271157	67.5028130586	67.8851404011	61.3589924751	66.711238502	67.6949649159	-44.3369499103	68.4737396571	63.4874378428	61.1644788839	68.7900159853	61.8143759355	62.2874934375	59.860472546	69.3951124817	46.2968778142	-47.9703781118	57.8003862871	70.1986179596	64.7647862468	60.9599228012	60.8567567348	66.0182931138	69.397996786	69.2429787071	67.1488295819	62.2371979205	-45.737030698	68.4159961588	46.4231740748	57.6998178171	69.4312751358	64.1527076599	69.6245536003	71.2642403938	69.7861010043	63.3231192405	63.2927580496	67.4630114631	56.1489479804	-51.3277694673	51.5419044873
65.5622290389	77.9046251226	66.5067990369	70.2950924935	80.249801713	58.9876243411	78.6329411832	76.0790792721	65.9417676345	78.5095707399	76.8883720575	72.7780285079	71.2973145695	79.5202049554	79.0820725687	50.9753394805	72.2188203785	90.3124531138	72.8743727215	-56.7584464337	71.684764036	78.1884969117	70.7540217675	68.921901108	76.1004060722	56.3778522298	74.4401342866	80.3628039446	75.1796933045	-52.3185492451	78.3577554039	74.2575189675	55.541083239	79.852473986	73.863223751	77.5123132833	74.8014857969	76.4199630857	71.4040806443	77.9537293195	70.0598346386	77.3367024029	-58.2827282781	75.4123278907	65.8812374046	53.1518004249	79.7076026991	75.5669835164	72.8840981289	70.4478604596	78.2560084939	49.7220841582	-62.2649193122	53.7207059839	76.2936089269	66.1026361906	69.0464608973	73.2928372957	60.7046650284	75.5301853938	70.538694593	67.3424059092	52.3669514243	-58.7291672149	67.8248665961	57.1606570909	66.2361462855	79.4659797208	72.6493487164	80.9996081208	69.4509363639	75.4751370671	76.1308855483	63.8975832688	69.4317240582	54.7957674781	-57.3209286548	62.2846234192
43.3837454646	56.9404024603	51.0369512652	66.9783693998	61.1356115559	72.787992844	68.9119466493	78.8209617832	68.5726843202	64.9399254415	70.8674265929	73.3369697119	67.8210064172	75.1482035994	70.8969864759	41.8500498736	66.0881128358	72.8743727215	90.3124531138	-62.4280405267	76.0445811664	70.7062324204	56.402576868	72.5754927483	58.2266995766	63.3607808905	63.1722050176	75.0560181129	56.3467449415	-53.9182019628	74.8710548127	74.7576443579	48.6612606769	63.1107470912	61.334380173	72.6097958871	74.3473377082	63.7222891365	72.6056579526	58.3722524774	72.3935478839	61.6435207054	-61.4362112015	71.9108182585	71.5597444078	68.0186606243	70.4709689854	61.3557944444	52.5693214502	43.8502044095	62.9890856769	63.8007293462	-38.9697254089	71.887630566	62.0461406524	72.4756825538	67.5419016497	54.7277936848	70.9823908625	74.9851239753	75.6029153604	66.7161947341	72.568680963	-35.2845778743	72.0274197336	39.7218434814	65.9489643253	66.1542034826	68.9088277439	74.3215581708	70.9629623531	61.8059369456	63.8538117977	74.2727592124	74.5803690995	63.4562025268	-47.0048211012	47.4340338515
-30.4818977672	-41.7273253578	-32.1406791299	-55.6091758513	-45.8257870294	-56.5519327927	-58.4727065344	-62.5037037999	-58.2497393046	-47.3131652174	-47.0726336673	-67.520848842	-65.6022179146	-58.0937723181	-61.1302020482	-23.3062071803	-54.2642496071	-56.7584464337	-62.4280405267	90.3124531138	-64.5731609678	-54.5992301177	-34.8530854294	-56.912593373	-45.8529292443	-47.8488882759	-56.382377081	-58.3875462205	-41.9032341086	78.8596788685	-57.8747703336	-62.9864016555	-29.6380563948	-52.9969376379	-46.3028801984	-61.3833090597	-61.1252768218	-50.6458181693	-55.4880504297	-41.3554796104	-62.7626429856	-49.6343712613	55.9266248677	-67.4492376877	-58.7470691656	-57.1965227192	-47.5096732546	-44.9796841808	-27.8137855239	-39.5902559449	-47.0244470828	-47.7585558609	60.0049682129	-61.9373811541	-54.1586480799	-71.3594920906	-61.9066888788	-41.2737972101	-62.6486439062	-65.6706505102	-58.8488807434	-55.7606444861	-58.6028979005	49.4603294621	-59.9911290885	-51.6042251455	-57.0254062619	-50.0200013014	-50.7030343901	-65.0129826492	-51.2252943047	-54.0023734905	-54.0984701055	-69.3600102184	-58.1063454056	-43.857431925	75.3121731684	-47.2743226575
54.3829665643	57.1929395938	57.599107305	76.5452944971	62.6150979528	72.3873111122	71.0426839153	76.3142160062	68.9194685758	64.9519264423	69.1339262161	76.8738324253	77.6678455051	81.0301269089	73.136151952	33.6174494105	68.3868935377	71.684764036	76.0445811664	-64.5731609678	90.3124531138	77.41979987	45.7905906772	73.9737596632	66.0062794601	71.7377057787	74.1475737199	74.5279941304	61.943030452	-59.8472616287	80.6996012361	78.8489797133	53.7916023247	62.5407711709	68.3747009441	76.538460673	69.4349997017	65.6559757852	72.0352926036	60.6958285552	69.4316489619	63.2380013564	-56.7925853946	76.4203634582	74.047117447	71.183187406	66.5862435955	61.7239078017	54.159714353	52.1841496852	67.1540268474	68.2764633583	-44.5813711981	71.401594575	68.2511608988	78.3848908286	71.6745313357	55.1503481192	79.9056366531	77.57725982	74.2575860791	69.7734886755	70.135816283	-39.7798535815	72.1020508742	50.9242286207	68.6868163879	66.1849587706	72.1487803913	73.6669127339	75.061094814	69.7543558409	67.2914171037	74.8054033943	76.9427857386	62.1448098459	-54.8278641636	43.1795320551
67.6462247424	76.289020687	66.4112048683	79.6602030184	75.860443048	64.5913375586	78.1403867145	81.7720581001	66.1420808998	75.994985556	80.0634873918	73.2541476789	82.1165432679	83.241495314	78.9677533697	41.9924703927	74.207136405	78.1884969117	70.7062324204	-54.5992301177	77.41979987	90.3124531138	58.3272883637	71.0338205834	79.917679866	71.513640286	77.4538577708	76.6305625528	76.7777218118	-53.6703431145	84.817205908	71.4290384615	57.2126933837	76.2670507328	77.9359397899	82.9976328945	69.4063158187	76.8199060902	73.9592841268	76.6942118437	67.9465904637	76.8018067212	-47.1518776521	69.1355459675	69.8151424763	66.3207838923	75.5292754308	71.6705629988	68.9673740688	67.5361665874	78.1927718986	56.572393718	-51.6101623354	56.9862180919	79.0458870679	70.3712773955	67.6417014804	70.7080298518	68.4806001548	75.743115443	73.182819547	71.8275166832	64.9173925963	-52.4514863129	72.7391175561	54.7987447608	61.5378944096	79.9434743058	74.9115831844	74.6776941373	74.7896856096	79.347465771	72.8743038135	62.8307374918	72.4672538354	53.5291351114	-56.3184063631	50.7260205112
55.7621076601	63.6623211177	55.8459878633	54.4516208274	66.9514366537	46.4809909045	60.7648413642	64.0002055782	48.0076792209	63.5341324199	68.4873527173	52.6731944167	48.5058197233	60.5035867429	64.5929859686	36.2161195933	64.5077819353	70.7540217675	56.402576868	-34.8530854294	45.7905906772	58.3272883637	90.3124531138	53.8679049264	56.6714150689	44.8513442727	53.3977980925	65.7308407956	62.8839565358	-31.0670706671	58.2379880732	57.6122310197	44.056665421	64.437003349	65.161182099	60.1363198917	60.4743457686	65.6818588916	59.7024182901	60.1989324526	61.339971384	65.1672009723	-42.6540157688	53.9540132694	51.5659350028	40.5189207556	69.5398942751	62.1005250396	62.9494096262	55.1328435879	65.5410705545	23.8406603426	-47.059610431	45.471295283	60.9148174189	48.3413266222	48.0237950756	61.1914773474	42.5277761573	55.2593630728	59.7637406967	55.121189505	46.998324606	-41.2595683282	49.7115608123	36.45617586	46.4173008644	62.6173849001	52.4982388659	60.8974415482	55.0834713344	59.1570967135	58.1984082378	50.3413933112	53.8594962555	42.1504057304	-37.3872539212	54.7746721243
52.2137539014	57.9750667579	53.9531445157	64.4354762174	61.7053629665	58.3550444273	69.4099593654	72.9308201711	51.69220585	65.3344935285	68.0699961262	59.8153818563	69.0826230026	71.2100698121	68.9438892395	38.7473276991	67.0216538415	68.921901108	72.5754927483	-56.912593373	73.9737596632	71.0338205834	53.8679049264	90.3124531138	61.1730690601	69.6734972946	63.3272390498	66.1961652861	60.3802725746	-50.8187983748	73.6953058241	74.5464497378	47.2593469633	64.8419712054	70.1034818991	73.6296704979	59.418219572	62.9646926514	72.5122794741	55.9445030983	63.6319021562	61.7382223447	-58.2784833183	65.2711694771	65.9585311916	63.6956473802	67.794282845	57.4045092486	58.155819788	52.3751892923	56.9615245337	52.0398427595	-45.6552114909	64.7974573431	68.7311158344	67.0145343725	54.3104938655	58.2757229378	75.2033550332	63.9847459652	72.8215074834	67.2223461844	64.1858133262	-33.3483578658	65.1215303345	31.8465825646	62.7802895379	61.0451356023	60.4022053156	64.7139266223	80.0875798173	69.0207640748	65.4220741381	65.3093772559	72.0314364402	60.2697787748	-44.5511885562	45.7677270681
70.6515976768	78.4263322339	76.4245632581	69.3549197297	76.3988428103	46.5129783527	67.0105441807	68.4150466963	56.0595923288	81.0474435378	72.3150756017	64.8258077255	71.4450368684	73.0954527451	71.4118842157	45.9029952135	67.1242831741	76.1004060722	58.2266995766	-45.8529292443	66.0062794601	79.917679866	56.6714150689	61.1730690601	90.3124531138	59.9353960775	72.3520336498	68.9860963438	82.6647741477	-44.3702076106	74.6021877868	64.8869971121	47.7835613628	75.5343465513	79.5192500428	75.4642901402	60.3930373876	72.7399195929	56.7370400022	75.2293435784	53.6298586708	78.4492223067	-44.8846256403	66.004685112	56.9002764608	45.472274496	76.0048297301	68.9194687847	72.5564885938	77.5480133245	72.7793619341	43.9992967579	-53.8919426214	40.8582535122	81.6982458798	55.5940086661	58.3344398792	74.5807185301	54.5944382568	64.1976245245	57.9678601753	55.3388529307	46.6761700254	-52.1877544896	57.8585264985	54.9159810441	62.8963765891	73.9387544407	65.5135162562	67.3780379568	70.6928831682	81.7034678917	71.6029208253	50.1921554145	57.1208746859	40.9341766875	-52.3832303394	51.8352777325
48.1020149665	51.4919682151	52.3220748395	70.149791979	55.2503987332	60.6261169297	65.4723958621	71.9991119888	52.9272803397	55.5514682022	64.3786207974	59.5712412968	69.9871873661	68.3515889589	63.6657466089	24.1443523146	65.4317628253	56.3778522298	63.3607808905	-47.8488882759	71.7377057787	71.513640286	44.8513442727	69.6734972946	59.9353960775	90.3124531138	65.2278689213	62.9525096306	59.3659843848	-40.3953289619	74.3302003227	69.5378566286	50.4546845473	57.4252059601	67.3600880052	69.9774183961	50.8669595167	59.8086824273	69.8438780202	51.5388640324	57.0234822167	60.5576436392	-40.8918965676	56.1331480524	65.4521311947	67.4647319866	58.2422612789	53.6391964117	53.3719780459	47.7071967777	59.9652646499	56.2956426573	-34.9969602175	60.7754676498	64.2702666381	65.8905528927	52.1474406496	50.1083294739	73.809408956	59.1690240703	73.6708568681	67.5821623779	69.7444736648	-30.7274966231	66.5703208837	31.683894288	51.451322729	58.9740166777	60.878122953	52.8566409921	74.9742452799	64.7888874959	57.2562220261	58.5916556852	72.7778503722	52.5623846492	-42.3110339629	36.8494517705
65.7223764157	66.1736345053	59.0072106402	71.3923109745	69.1142912416	59.722545222	66.1517854547	75.4957245719	62.3524521053	65.6155830584	73.8289462649	69.1046128312	71.2170619482	73.4002779678	77.2411725166	29.1847363502	68.9683874895	74.4401342866	63.1722050176	-56.382377081	74.1475737199	77.4538577708	53.3977980925	63.3272390498	72.3520336498	65.2278689213	90.3124531138	70.111349595	70.8044209901	-51.0485921565	73.4838826071	70.2617763298	53.9950036007	67.596929672	71.8992506634	77.5492729928	63.6718356025	67.5527227018	67.0893131159	67.7641790008	64.4066463185	67.3879511517	-44.1717278817	71.9194259604	61.4945634025	53.5545791186	68.7759187607	71.1542833913	66.3166086277	60.9394741048	77.5691844732	47.74178067	-57.414303808	55.2196785011	70.6445850231	66.2284187004	66.2643769529	55.7367393968	63.4557268096	72.4100421565	67.7540635227	62.562162476	53.7185558494	-48.5461669642	63.7483991506	54.3876331058	54.7625928468	68.8135232148	64.8128838357	70.1950432867	66.7593142818	72.6690351566	69.4002420114	57.1985130018	65.9922739747	50.5432834741	-58.672328453	45.5287741334
57.9445366377	71.6075512516	57.7274537994	76.8737743771	74.0392538742	71.3823481008	79.2805227261	78.7216881398	74.7952404521	72.2156629722	75.7995152434	78.0030785909	73.2192485313	80.421546039	77.637854737	52.474166916	73.5808735204	80.3628039446	75.0560181129	-58.3875462205	74.5279941304	76.6305625528	65.7308407956	66.1961652861	68.9860963438	62.9525096306	70.111349595	90.3124531138	68.4842263293	-58.1729622951	80.2848015462	76.289694046	61.9421779774	73.7980957386	67.5977962123	75.1333598449	78.1626819668	74.5598299821	77.6944203486	70.4208248913	77.4532011916	68.6601647849	-60.5231497857	73.7605965728	76.6371882006	67.8053073823	73.1523019101	74.2292494445	64.191701879	61.7822684598	77.6673422203	58.6468026793	-50.3503225234	64.3880922349	69.8562636368	75.1208936586	71.9896284659	70.0099242613	68.6017210793	78.564989874	79.8402417279	78.7686096095	68.8313436866	-51.4689692677	76.4837169948	53.0790168769	62.7702678943	78.6985539519	71.7387298178	78.2166880699	68.0629789108	68.1860957792	71.8684359045	75.603265075	78.9450252596	62.8967464059	-56.768371673	60.4110526635
73.8393425415	79.8046202606	75.8126827914	68.1831481195	80.2559928162	40.6275999613	66.6362062252	66.6526180137	50.4608679668	77.3432995946	69.0036353978	60.2673855893	66.1793073998	68.7114186364	71.5502695944	43.9569440446	66.6031728361	75.1796933045	56.3467449415	-41.9032341086	61.943030452	76.7777218118	62.8839565358	60.3802725746	82.6647741477	59.3659843848	70.8044209901	68.4842263293	90.3124531138	-39.4670098868	72.5324299767	65.6145736676	51.956098801	76.9989128963	80.3086333978	74.0200070176	58.4745629802	73.3546695981	57.9331144184	75.9676749838	52.5747847911	76.8555363449	-42.3162837842	63.3021995265	55.2848740647	42.5407571823	74.5484791379	71.1652227779	74.2001810834	78.8309428451	73.8196688279	36.6887284873	-54.5197206319	37.6496547264	79.9435796523	53.7722941	55.1831639107	76.4261923471	50.0329949325	58.635776406	61.5093458747	58.032497199	43.255163222	-56.1918477605	56.7870778833	48.5212766724	58.7792874882	77.7704924377	60.4467679508	62.5191977884	67.7051170814	79.7664514765	69.3032152301	46.6429091544	58.5869963403	34.609870621	-49.8677611394	51.5397536041
-29.6649457066	-41.5792880143	-30.6398968037	-57.2725562387	-42.6400352508	-55.6660697627	-58.1756231916	-59.1889728663	-57.4334328838	-41.2885273604	-43.3190123326	-67.6097011452	-69.7271523511	-57.1676390182	-58.6461514827	-21.4032421388	-51.5982172333	-52.3185492451	-53.9182019628	78.8596788685	-59.8472616287	-53.6703431145	-31.0670706671	-50.8187983748	-44.3702076106	-40.3953289619	-51.0485921565	-58.1729622951	-39.4670098868	90.3124531138	-55.5302678329	-61.4254684221	-35.1097452591	-50.7694328999	-41.6624032468	-55.5753646656	-56.911134998	-49.97008599	-56.6710816731	-41.3848144198	-62.509574735	-46.4778920492	46.2563245528	-58.5577708071	-58.4516584	-60.5624678926	-43.4275020686	-37.2940413879	-25.8446000982	-39.2841174644	-45.334956129	-41.8162804956	55.7749198616	-57.7302696825	-50.8175954995	-71.1657222597	-59.2167701763	-39.1749711916	-61.4998960334	-66.5443842757	-57.9483131169	-60.1396449585	-55.8784131733	58.7384041052	-60.6309348727	-57.5668466238	-54.0758386654	-50.0802157594	-50.504780815	-63.8982191022	-46.300938397	-50.7176901646	-52.5763101021	-65.8510070555	-58.565975913	-40.4876259411	78.4243930733	-47.7028133791
61.079098184	72.8518192337	63.4289127214	79.9914496715	73.4177007763	71.828548565	81.0397468328	79.4763569094	70.0377794635	74.8959470065	75.4903721814	76.2081535753	81.6908929611	85.0589293385	77.4779919751	48.4222905106	73.7693803615	78.3577554039	74.8710548127	-57.8747703336	80.6996012361	84.817205908	58.2379880732	73.6953058241	74.6021877868	74.3302003227	73.4838826071	80.2848015462	72.5324299767	-55.5302678329	90.3124531138	78.2002608152	57.7302817602	74.2002695965	74.0989919756	80.2503655961	70.8308617345	74.3778664518	78.0782129378	71.4623858741	71.5735561359	73.1477469535	-55.6543904151	71.6375027249	73.0913724657	72.4609713221	75.32461581	68.4706510178	63.7639804462	64.66704513	74.5832305087	64.5033583864	-50.0550655848	66.0393323042	75.263474884	77.4021365343	67.7463122928	69.5719502345	75.8177097198	77.968554258	79.6477914141	77.7495776083	71.4736379283	-51.6806950144	78.0472972986	51.3874088666	65.0057253518	78.9924975113	76.6015725942	75.5677419601	77.1518813597	74.8403915168	71.1939849456	72.5252349254	78.5052965723	61.8690903764	-54.5220955808	51.6715223105
50.3503126614	62.2787281836	61.5183173872	71.2367664837	64.9360575272	67.1507431792	73.8831708264	75.7236566995	63.8605245929	66.7755436217	67.8549118624	75.9866446184	75.2959074775	77.0964074766	73.8024066349	40.1791956225	70.6827990546	74.2575189675	74.7576443579	-62.9864016555	78.8489797133	71.4290384615	57.6122310197	74.5464497378	64.8869971121	69.5378566286	70.2617763298	76.289694046	65.6145736676	-61.4254684221	78.2002608152	90.3124531138	56.906531668	70.3414889037	71.7238889042	72.8841311186	67.2546192224	69.8142181106	74.8520530572	58.6378683639	71.357472294	66.8241056643	-61.2283502972	75.4695382181	75.5910339172	65.6679680092	70.6771808596	59.9329177938	56.9930980667	55.315918187	66.5768114816	56.3161216757	-55.4121655648	69.8796450242	68.5900849708	78.3731378089	67.4644144673	59.1649233392	77.3003067962	75.5263627708	81.2665714197	72.8605954813	67.1002448953	-49.80304501	72.9282397328	48.7134960171	71.4181005165	69.8892697703	63.9131917297	72.5271972408	73.5534348467	68.9072903819	66.9314641634	74.2138798287	77.7021053693	58.6504959877	-59.463718412	52.5581263074
46.3311787123	59.1926167419	46.4741288921	61.8370661812	60.977659152	41.0479062523	59.573664958	56.5236524876	39.9046480422	48.2494303813	52.9231210441	50.0544280722	51.9197171584	55.4266417025	55.0651902744	49.7917306323	51.671624617	55.541083239	48.6612606769	-29.6380563948	53.7916023247	57.2126933837	44.056665421	47.2593469633	47.7835613628	50.4546845473	53.9950036007	61.9421779774	51.956098801	-35.1097452591	57.7302817602	56.906531668	90.3124531138	58.3674056658	50.6462983616	45.9698632294	47.1803888973	59.0715235691	67.3332777447	48.9139259567	49.7659536423	51.3784684493	-39.6328656504	54.0987578151	54.1294945359	43.3160651682	49.8086125063	50.6203822366	56.772278987	52.452676142	64.1051642732	40.8742166143	-37.4284371497	32.1804200169	40.7700295759	56.8344817989	50.2791340968	51.0788642569	45.092792784	48.1853510553	62.5628032302	61.0697969446	38.5975225286	-41.1371171538	59.6447495123	49.536839831	42.902895745	68.0888756695	55.3582126373	48.1428879153	43.8429475701	49.8750386618	51.9662376605	42.2499440202	59.1453647644	42.2937762146	-40.4597392717	56.4283601436
60.9621880326	82.7435947166	68.629058165	66.4876332515	81.2836523734	43.3311541564	74.647924804	70.6279267601	53.0510874374	77.5803896388	71.6632887648	66.4664200033	69.4548121073	71.3145294043	70.8277680572	54.0224828067	66.0731552656	79.852473986	63.1107470912	-52.9969376379	62.5407711709	76.2670507328	64.437003349	64.8419712054	75.5343465513	57.4252059601	67.596929672	73.7980957386	76.9989128963	-50.7694328999	74.2002695965	70.3414889037	58.3674056658	90.3124531138	74.0629478694	73.3050870102	63.2184048707	80.5114339727	65.4788871781	75.7680855272	56.0948848566	83.0464783041	-47.5366835292	65.4060843399	62.8274744242	46.0456468794	77.8122755616	67.8753569347	72.5722587584	74.3193903867	74.228867912	38.7282678701	-68.5357748752	39.5628711645	75.4300690961	60.2836629576	58.5512533789	75.6194379005	50.9757932443	63.3811440281	68.8829620699	64.5241970094	47.1018632654	-65.8994761954	63.8664766759	55.1450861671	66.8032595667	81.5028417363	68.1908960751	68.3727765538	64.9439321649	79.6909423912	73.6546785343	51.6793364956	63.8050327665	34.4428864715	-61.8743596971	65.7032091491
74.3588586995	75.6429663273	78.8633144639	69.0187923887	77.2301135823	47.2064008627	68.9842902191	71.9759785852	46.2936513658	77.2364412964	74.5554358169	57.2491520703	68.4850906748	71.7414055845	72.1952395536	37.6736410996	69.0075360254	73.863223751	61.334380173	-46.3028801984	68.3747009441	77.9359397899	65.161182099	70.1034818991	79.5192500428	67.3600880052	71.8992506634	67.5977962123	80.3086333978	-41.6624032468	74.0989919756	71.7238889042	50.6462983616	74.0629478694	90.3124531138	75.1295581769	56.0702513305	72.2768790722	63.0433175355	70.440485843	55.7033973319	77.2789451652	-43.6065525984	68.7390685822	56.4975967176	48.7296590436	74.1833231798	67.084405962	74.9650453796	73.9760110974	71.7212616076	38.2792871367	-56.6027530248	46.4799994492	77.577255317	59.4040196367	54.0445832688	71.0996365154	59.869578882	58.8546254179	64.1534532576	58.9625368431	51.2898239688	-44.3385950895	56.9523341089	45.1172756414	63.0608357658	70.6905196694	62.4211700669	61.9225121594	75.9704824281	80.9471135439	70.9360811452	50.7903426748	60.0750794365	43.5408692267	-48.3469273916	52.6395739726
