Tissue	braincaudatebasalganglia
N_samples	98
Chr	11
Gene	ENSG00000176697.14
SNP	rs1013442
Gene_list	ENSG00000127588.4	ENSG00000122254.6	ENSG00000115194.6	ENSG00000176697.14	ENSG00000171532.4	ENSG00000124134.4	ENSG00000181577.11	ENSG00000169035.7	ENSG00000164112.8
Gene expression stats (Y^T * Y): 
90.3124531138	61.2978246726	73.2640349164	55.6864108532	70.3442679638	68.4806451563	52.9732378297	72.5913316019	68.3027595161
61.2978246726	90.3124531138	68.6254497485	55.6928436599	69.7434832849	65.8847305406	49.7006998209	68.3045546878	66.9846941956
73.2640349164	68.6254497485	90.3124531138	61.099191564	80.7281058454	82.7957612125	64.4336275504	83.6026349056	81.990316305
55.6864108532	55.6928436599	61.099191564	90.3124531138	62.3827433892	56.2633755923	56.332963446	57.5902534189	56.2211591615
70.3442679638	69.7434832849	80.7281058454	62.3827433892	90.3124531138	77.9083268022	63.1653980981	79.9385639439	77.1361157147
68.4806451563	65.8847305406	82.7957612125	56.2633755923	77.9083268022	90.3124531138	63.4421615907	80.3443507152	81.1296188624
52.9732378297	49.7006998209	64.4336275504	56.332963446	63.1653980981	63.4421615907	90.3124531138	65.4288402589	63.3697618091
72.5913316019	68.3045546878	83.6026349056	57.5902534189	79.9385639439	80.3443507152	65.4288402589	90.3124531138	81.4964795208
68.3027595161	66.9846941956	81.990316305	56.2211591615	77.1361157147	81.1296188624	63.3697618091	81.4964795208	90.3124531138
Genotype stats (X^T * X): 	34.0
Gene expression - Genotype stats (Y^T * X): 
15.0765385886	18.2418368969	21.760080483	20.4518469147	20.8239007856	21.1411091283	16.0511783898	22.0072240909	19.9748600995