Tissue	braincaudatebasalganglia
N_samples	98
Chr	16
Gene	ENSG00000103145.6
SNP	rs140973421
Gene_list	ENSG00000169020.5	ENSG00000130731.11	ENSG00000099624.3	ENSG00000103363.10	ENSG00000103145.6	ENSG00000099795.2	ENSG00000250479.4	ENSG00000063180.4	ENSG00000196465.6	ENSG00000108654.7	ENSG00000110717.6	ENSG00000135940.2	ENSG00000166136.11	ENSG00000111775.2
Gene expression stats (Y^T * Y): 
90.3124531138	40.0746439472	45.4989346203	66.2598140286	57.8568582171	67.2514319925	37.5074072377	41.0973042182	55.7124171489	-48.759511845	39.9828431433	69.4143322122	57.8666644746	69.5108017866
40.0746439472	90.3124531138	40.6864326368	43.227182509	55.4093201939	47.7421812586	32.0028237013	24.0879045031	37.8806804824	-25.4452604362	39.5925821756	48.3003073328	36.409663577	48.3564660619
45.4989346203	40.6864326368	90.3124531138	47.9943729566	58.8530601356	55.6284280604	58.4500064345	35.466424165	21.6338305856	-54.2431997412	55.9841479341	60.7897295229	55.9496689171	51.6306942664
66.2598140286	43.227182509	47.9943729566	90.3124531138	59.6801505444	72.3713005531	37.7247325966	43.2385721344	60.5913800678	-56.7699201367	41.7684532335	73.5262903102	54.5773696279	61.1700656217
57.8568582171	55.4093201939	58.8530601356	59.6801505444	90.3124531138	60.9094089902	59.3210820429	57.3281765027	54.7037205296	-55.1474845355	55.4457905647	62.7300430355	62.1792375698	61.2402603907
67.2514319925	47.7421812586	55.6284280604	72.3713005531	60.9094089902	90.3124531138	48.1013052046	37.2405476487	60.6554223982	-55.697435762	52.1550688148	75.7433766143	56.2219531757	65.9345173089
37.5074072377	32.0028237013	58.4500064345	37.7247325966	59.3210820429	48.1013052046	90.3124531138	48.674323474	42.1666797325	-47.9455056208	53.8756741932	46.7878470085	39.3531284711	41.6807904815
41.0973042182	24.0879045031	35.466424165	43.2385721344	57.3281765027	37.2405476487	48.674323474	90.3124531138	46.1875016122	-56.6689961268	37.3142603602	42.1739990963	53.6895569621	44.2417358199
55.7124171489	37.8806804824	21.6338305856	60.5913800678	54.7037205296	60.6554223982	42.1666797325	46.1875016122	90.3124531138	-49.8344137269	34.7982855378	54.8176555782	44.583004226	60.8273788938
-48.759511845	-25.4452604362	-54.2431997412	-56.7699201367	-55.1474845355	-55.697435762	-47.9455056208	-56.6689961268	-49.8344137269	90.3124531138	-48.3223178291	-60.5406906156	-58.4275836683	-54.158177709
39.9828431433	39.5925821756	55.9841479341	41.7684532335	55.4457905647	52.1550688148	53.8756741932	37.3142603602	34.7982855378	-48.3223178291	90.3124531138	45.398609335	48.1335972171	52.8975256124
69.4143322122	48.3003073328	60.7897295229	73.5262903102	62.7300430355	75.7433766143	46.7878470085	42.1739990963	54.8176555782	-60.5406906156	45.398609335	90.3124531138	61.2380012944	74.0006977825
57.8666644746	36.409663577	55.9496689171	54.5773696279	62.1792375698	56.2219531757	39.3531284711	53.6895569621	44.583004226	-58.4275836683	48.1335972171	61.2380012944	90.3124531138	69.5711906778
69.5108017866	48.3564660619	51.6306942664	61.1700656217	61.2402603907	65.9345173089	41.6807904815	44.2417358199	60.8273788938	-54.158177709	52.8975256124	74.0006977825	69.5711906778	90.3124531138
Genotype stats (X^T * X): 	32.9422126939
Gene expression - Genotype stats (Y^T * X): 
16.1132946779	13.5622777394	10.6115292542	14.7178686548	20.9984846963	10.2026126909	14.6129481768	12.0863775072	9.87814136393	-3.972490349	11.0621691815	11.8212575265	9.30234576727	15.3536383025