Tissue	braincaudatebasalganglia
N_samples	98
Chr	4
Gene	ENSG00000163739.4
SNP	rs240610
Gene_list	ENSG00000090339.4	ENSG00000108342.8	ENSG00000169429.6	ENSG00000163739.4	ENSG00000163734.4	ENSG00000081041.8	ENSG00000106366.7	ENSG00000118503.10
Gene expression stats (Y^T * Y): 
90.3124531138	64.3775674618	63.6099611137	55.3731086182	45.2824373811	51.5611455633	57.0936002521	63.7536627116
64.3775674618	90.3124531138	67.7264573573	58.6965837972	47.8393098809	52.3638708006	61.3999799515	57.2564234747
63.6099611137	67.7264573573	90.3124531138	70.4733009824	59.6046052189	62.4495792107	73.8770048583	63.7631956299
55.3731086182	58.6965837972	70.4733009824	90.3124531138	56.5980847781	63.3176352412	63.7103045264	55.9071714883
45.2824373811	47.8393098809	59.6046052189	56.5980847781	90.3124531138	68.9098188608	58.3076110712	57.6353269591
51.5611455633	52.3638708006	62.4495792107	63.3176352412	68.9098188608	90.3124531138	53.1695267021	53.9708949128
57.0936002521	61.3999799515	73.8770048583	63.7103045264	58.3076110712	53.1695267021	90.3124531138	75.0957802611
63.7536627116	57.2564234747	63.7631956299	55.9071714883	57.6353269591	53.9708949128	75.0957802611	90.3124531138
Genotype stats (X^T * X): 	14.693877551
Gene expression - Genotype stats (Y^T * X): 
7.16329887155	8.74883027311	9.64291785478	11.9808268605	8.0693222053	11.7479251393	11.3846315837	8.61687396406