Tissue	braincaudatebasalganglia
N_samples	98
Chr	12
Gene	ENSG00000135472.4
SNP	rs10875992
Gene_list	ENSG00000110700.2	ENSG00000134419.11	ENSG00000105223.14	ENSG00000131469.8	ENSG00000135472.4	ENSG00000186468.8	ENSG00000118181.6	ENSG00000197958.8
Gene expression stats (Y^T * Y): 
90.3124531138	81.1459159734	-62.0032441517	74.7952404521	-61.7809601374	73.493352698	72.8824809112	60.5119432188
81.1459159734	90.3124531138	-60.7638449709	78.0030785909	-59.6303623586	77.3733028874	76.2967173802	69.8461814055
-62.0032441517	-60.7638449709	90.3124531138	-44.7745772092	54.2026216711	-46.9923366751	-44.4545162573	-36.5244342914
74.7952404521	78.0030785909	-44.7745772092	90.3124531138	-56.0987984789	71.9896284659	76.4837169948	71.7387298178
-61.7809601374	-59.6303623586	54.2026216711	-56.0987984789	90.3124531138	-54.3872135314	-56.4350544981	-54.252094848
73.493352698	77.3733028874	-46.9923366751	71.9896284659	-54.3872135314	90.3124531138	65.0678481377	59.7461681147
72.8824809112	76.2967173802	-44.4545162573	76.4837169948	-56.4350544981	65.0678481377	90.3124531138	68.5268282423
60.5119432188	69.8461814055	-36.5244342914	71.7387298178	-54.252094848	59.7461681147	68.5268282423	90.3124531138
Genotype stats (X^T * X): 	33.5510204082
Gene expression - Genotype stats (Y^T * X): 
11.3622602112	7.66499967065	-9.12969995778	11.0536267004	-21.0071936558	10.3434380517	8.2301162168	8.35322169209