Tissue	braincaudatebasalganglia
N_samples	98
Chr	22
Gene	ENSG00000251322.3
SNP	rs62241482
Gene_list	ENSG00000105642.11	ENSG00000116544.7	ENSG00000251322.3	ENSG00000163013.7	ENSG00000154118.8	ENSG00000160408.10
Gene expression stats (Y^T * Y): 
90.3124531138	50.3199312926	55.6511910749	42.2122453994	57.983626147	42.2474396896
50.3199312926	90.3124531138	60.9510187019	38.6189320558	47.300649347	49.0353109963
55.6511910749	60.9510187019	90.3124531138	55.8764043174	54.9450537446	55.5387886785
42.2122453994	38.6189320558	55.8764043174	90.3124531138	41.7416147834	39.2344646888
57.983626147	47.300649347	54.9450537446	41.7416147834	90.3124531138	47.1197543086
42.2474396896	49.0353109963	55.5387886785	39.2344646888	47.1197543086	90.3124531138
Genotype stats (X^T * X): 	23.3526705306
Gene expression - Genotype stats (Y^T * X): 
7.14674925943	4.83162520901	16.1668288022	7.14911865656	5.33308958833	10.30206183