Tissue	braincaudatebasalganglia
N_samples	98
Chr	19
Gene	ENSG00000104852.10
SNP	rs61475024
Gene_list	ENSG00000131584.14	ENSG00000167978.12	ENSG00000100364.14	ENSG00000104852.10	ENSG00000167615.12	ENSG00000181409.7	ENSG00000167123.14	ENSG00000107331.12	ENSG00000176978.9
Gene expression stats (Y^T * Y): 
90.3124531138	49.6158180111	39.1607996673	59.8489365542	50.4799148598	44.2960445323	41.7103043534	43.4036029763	43.1232882255
49.6158180111	90.3124531138	38.4853965442	65.84270101	62.3670811739	40.9078419289	43.9382295001	49.2685940235	41.660704203
39.1607996673	38.4853965442	90.3124531138	54.9212737277	35.795014851	49.6286311027	54.8734031895	58.9376336751	35.5443470252
59.8489365542	65.84270101	54.9212737277	90.3124531138	70.3320732464	57.2927634789	55.7094123754	63.0520527234	58.006213053
50.4799148598	62.3670811739	35.795014851	70.3320732464	90.3124531138	36.7190289905	37.8222505726	41.6461491751	61.4436201296
44.2960445323	40.9078419289	49.6286311027	57.2927634789	36.7190289905	90.3124531138	79.6705561246	79.9539600879	26.4877799389
41.7103043534	43.9382295001	54.8734031895	55.7094123754	37.8222505726	79.6705561246	90.3124531138	78.5618789472	19.3138217422
43.4036029763	49.2685940235	58.9376336751	63.0520527234	41.6461491751	79.9539600879	78.5618789472	90.3124531138	34.2521136925
43.1232882255	41.660704203	35.5443470252	58.006213053	61.4436201296	26.4877799389	19.3138217422	34.2521136925	90.3124531138
Genotype stats (X^T * X): 	33.8585009082
Gene expression - Genotype stats (Y^T * X): 
-23.2457605108	-12.917533582	-13.7543350826	-18.0300513182	-11.9600206638	-11.814167221	-8.44544160422	-8.90342911188	-14.839456559