Tissue	braincaudatebasalganglia
N_samples	98
Chr	19
Gene	ENSG00000125730.12
SNP	rs344567
Gene_list	ENSG00000125730.12	ENSG00000173372.12	ENSG00000159189.7	ENSG00000173369.11	ENSG00000162511.7	ENSG00000204472.8	ENSG00000204287.9	ENSG00000011600.7	ENSG00000070756.9	ENSG00000019582.10	ENSG00000163191.5	ENSG00000158869.6	ENSG00000203747.5
Gene expression stats (Y^T * Y): 
90.3124531138	70.0175139716	74.5231226486	77.4542933308	56.9171031152	59.3753809198	60.6047671462	58.37002131	56.350633936	69.1589444631	65.5835599933	62.6745684861	55.5213736836
70.0175139716	90.3124531138	84.7957105358	79.0717205791	74.0460961943	75.2365547076	61.9223839352	74.3581353821	57.4821786743	60.7347840808	62.2782092083	77.4159540601	72.3981201812
74.5231226486	84.7957105358	90.3124531138	85.4491343235	70.267328142	70.1747429985	64.1229908036	70.2399003939	60.032174274	66.4628190603	68.9226696308	76.9750301869	71.3280248389
77.4542933308	79.0717205791	85.4491343235	90.3124531138	65.1912690114	63.5208928942	65.422188492	63.5497508522	58.0284751163	72.1684840494	77.7439004426	74.4907375492	61.8011067629
56.9171031152	74.0460961943	70.267328142	65.1912690114	90.3124531138	79.5517527912	67.8537707103	84.5423635264	52.7492845144	63.8098978875	56.4666689464	76.9222572175	71.7570913043
59.3753809198	75.2365547076	70.1747429985	63.5208928942	79.5517527912	90.3124531138	64.1024145518	79.0646150794	46.7211712286	59.9310497947	56.9509760289	77.2357707083	77.515168436
60.6047671462	61.9223839352	64.1229908036	65.422188492	67.8537707103	64.1024145518	90.3124531138	67.4635650026	49.1169153832	83.689306417	64.6951232973	66.9856877525	55.9225149972
58.37002131	74.3581353821	70.2399003939	63.5497508522	84.5423635264	79.0646150794	67.4635650026	90.3124531138	46.1868180931	63.0902353529	52.1439344931	75.6600927002	66.3995142654
56.350633936	57.4821786743	60.032174274	58.0284751163	52.7492845144	46.7211712286	49.1169153832	46.1868180931	90.3124531138	47.8127415975	49.3390126714	49.8935120196	46.159581754
69.1589444631	60.7347840808	66.4628190603	72.1684840494	63.8098978875	59.9310497947	83.689306417	63.0902353529	47.8127415975	90.3124531138	68.6040672101	63.0540496429	52.3196408485
65.5835599933	62.2782092083	68.9226696308	77.7439004426	56.4666689464	56.9509760289	64.6951232973	52.1439344931	49.3390126714	68.6040672101	90.3124531138	68.8414974215	52.6608230693
62.6745684861	77.4159540601	76.9750301869	74.4907375492	76.9222572175	77.2357707083	66.9856877525	75.6600927002	49.8935120196	63.0540496429	68.8414974215	90.3124531138	74.7889617676
55.5213736836	72.3981201812	71.3280248389	61.8011067629	71.7570913043	77.515168436	55.9225149972	66.3995142654	46.159581754	52.3196408485	52.6608230693	74.7889617676	90.3124531138
Genotype stats (X^T * X): 	27.1175730306
Gene expression - Genotype stats (Y^T * X): 
17.7384133627	15.470847061	17.0540553479	15.9435383435	15.8028616646	15.6831887696	14.6290055666	16.2292122927	12.0648643195	15.3011828296	14.8548943862	16.7429369084	14.8807868616