Tissue	braincaudatebasalganglia
N_samples	98
Chr	15
Gene	ENSG00000103740.5
SNP	rs4473152
Gene_list	ENSG00000129244.4	ENSG00000138029.9	ENSG00000162512.11	ENSG00000110436.7	ENSG00000139644.8	ENSG00000100427.11	ENSG00000162407.8	ENSG00000119711.8	ENSG00000103740.5	ENSG00000153904.14	ENSG00000148053.11	ENSG00000240184.2	ENSG00000018625.10	ENSG00000109472.9
Gene expression stats (Y^T * Y): 
90.3124531138	44.4191006504	49.2644285701	56.3429801636	56.9648737924	64.6582527449	49.6508234962	28.2538260484	56.77077346	58.9152088515	50.7768798824	65.5539091858	74.2533830627	52.4821720368
44.4191006504	90.3124531138	39.612738967	59.0402254936	52.5239372678	52.3404631127	53.0485200163	52.8482313775	59.9347535279	58.3650678995	59.5490802597	54.0845890859	55.7948608849	51.9233867606
49.2644285701	39.612738967	90.3124531138	54.2744745538	42.8731679659	54.2464980966	58.5756958355	39.3025945385	57.956475608	60.1970022857	39.5357151206	63.6999253682	55.7691150801	37.3119383094
56.3429801636	59.0402254936	54.2744745538	90.3124531138	62.4146912073	68.7639470973	76.6625867179	60.2316360072	58.9475658583	71.9947157336	71.3040039536	75.6114300923	71.3304257591	66.7217909719
56.9648737924	52.5239372678	42.8731679659	62.4146912073	90.3124531138	66.1801154946	65.9602049095	55.7286200886	54.74995361	53.829453406	74.8437126335	57.9023925188	68.8452213251	73.8606611585
64.6582527449	52.3404631127	54.2464980966	68.7639470973	66.1801154946	90.3124531138	68.100569806	44.6102197043	55.0573429143	66.5697044338	65.1194391981	69.1335678065	73.3000704558	65.3030238776
49.6508234962	53.0485200163	58.5756958355	76.6625867179	65.9602049095	68.100569806	90.3124531138	59.846960929	61.0121799959	65.4373854556	71.2350816229	71.0245917109	68.7034166379	71.4374350466
28.2538260484	52.8482313775	39.3025945385	60.2316360072	55.7286200886	44.6102197043	59.846960929	90.3124531138	59.085205211	50.3913076534	66.5866809404	49.4948812999	49.9021880891	57.8408032536
56.77077346	59.9347535279	57.956475608	58.9475658583	54.74995361	55.0573429143	61.0121799959	59.085205211	90.3124531138	55.1229507201	61.0134155792	62.4827311562	64.1812097243	59.5605208943
58.9152088515	58.3650678995	60.1970022857	71.9947157336	53.829453406	66.5697044338	65.4373854556	50.3913076534	55.1229507201	90.3124531138	59.2499198067	65.0766543289	65.5654070296	55.2505251933
50.7768798824	59.5490802597	39.5357151206	71.3040039536	74.8437126335	65.1194391981	71.2350816229	66.5866809404	61.0134155792	59.2499198067	90.3124531138	59.2980677239	65.8204997162	74.2072438753
65.5539091858	54.0845890859	63.6999253682	75.6114300923	57.9023925188	69.1335678065	71.0245917109	49.4948812999	62.4827311562	65.0766543289	59.2980677239	90.3124531138	80.1423948321	57.8230693185
74.2533830627	55.7948608849	55.7691150801	71.3304257591	68.8452213251	73.3000704558	68.7034166379	49.9021880891	64.1812097243	65.5654070296	65.8204997162	80.1423948321	90.3124531138	62.1989435217
52.4821720368	51.9233867606	37.3119383094	66.7217909719	73.8606611585	65.3030238776	71.4374350466	57.8408032536	59.5605208943	55.2505251933	74.2072438753	57.8230693185	62.1989435217	90.3124531138
Genotype stats (X^T * X): 	29.5192962041
Gene expression - Genotype stats (Y^T * X): 
11.2354582276	11.2472496817	8.93877739187	16.07067039	8.97471259553	11.8475685523	13.5419891916	15.4964906991	19.3286841009	11.8854849694	11.9328760464	10.1808623754	13.0660690622	13.0011046167