Tissue	braincaudatebasalganglia
N_samples	98
Chr	9
Gene	ENSG00000187764.7
SNP	rs11265876
Gene_list	ENSG00000204655.7	ENSG00000146122.12	ENSG00000092758.11	ENSG00000172508.6	ENSG00000054690.9	ENSG00000181409.7	ENSG00000187764.7	ENSG00000019144.12	ENSG00000107902.9	ENSG00000167123.14	ENSG00000184144.5
Gene expression stats (Y^T * Y): 
90.3124531138	57.4147578894	64.2266121395	81.1837673633	80.7798246423	77.9013546441	55.7256843802	77.4044448027	57.359530473	77.8291856955	64.6836175807
57.4147578894	90.3124531138	55.8180981494	57.4850195085	58.8547528064	52.2206911426	55.6001962995	54.273468965	56.7441085142	61.5903694201	34.0188034163
64.2266121395	55.8180981494	90.3124531138	69.7577513379	56.1612470032	67.8188561167	54.452295561	68.2881569535	51.1958191348	66.7485787775	41.5215523677
81.1837673633	57.4850195085	69.7577513379	90.3124531138	78.9239950094	79.116798918	61.7023841697	78.2248140947	55.3558919414	80.8446872258	66.5487645399
80.7798246423	58.8547528064	56.1612470032	78.9239950094	90.3124531138	76.5040234553	59.8425536699	77.7093977203	43.8228541034	81.3621132905	61.7830590231
77.9013546441	52.2206911426	67.8188561167	79.116798918	76.5040234553	90.3124531138	57.8869375697	76.9734019607	48.4485248125	79.6705561246	65.5650934907
55.7256843802	55.6001962995	54.452295561	61.7023841697	59.8425536699	57.8869375697	90.3124531138	59.7494272826	55.0316193449	61.0271024685	58.0202807952
77.4044448027	54.273468965	68.2881569535	78.2248140947	77.7093977203	76.9734019607	59.7494272826	90.3124531138	51.1137761254	78.0081388422	59.3818320601
57.359530473	56.7441085142	51.1958191348	55.3558919414	43.8228541034	48.4485248125	55.0316193449	51.1137761254	90.3124531138	54.3455916024	52.8117641641
77.8291856955	61.5903694201	66.7485787775	80.8446872258	81.3621132905	79.6705561246	61.0271024685	78.0081388422	54.3455916024	90.3124531138	60.3695101907
64.6836175807	34.0188034163	41.5215523677	66.5487645399	61.7830590231	65.5650934907	58.0202807952	59.3818320601	52.8117641641	60.3695101907	90.3124531138
Genotype stats (X^T * X): 	46.0
Gene expression - Genotype stats (Y^T * X): 
-18.5645878421	-12.6069122135	-15.1088855643	-15.1387254086	-20.4569510456	-17.9093125544	-23.5479996257	-13.4830511313	-8.71866684794	-19.4830513902	-19.782888278