Tissue	braincaudatebasalganglia
N_samples	98
Chr	1
Gene	ENSG00000143416.16
SNP	rs61818031
Gene_list	ENSG00000068078.13	ENSG00000154930.10	ENSG00000152556.11	ENSG00000146005.3	ENSG00000143416.16	ENSG00000018625.10
Gene expression stats (Y^T * Y): 
90.3124531138	55.5370926149	45.8431751111	66.4090805165	54.5580383227	70.7028065904
55.5370926149	90.3124531138	52.0692271425	65.9296891473	60.3869292374	55.6334362906
45.8431751111	52.0692271425	90.3124531138	43.6161616447	57.3962283157	52.2504770424
66.4090805165	65.9296891473	43.6161616447	90.3124531138	54.4704516954	70.2318537634
54.5580383227	60.3869292374	57.3962283157	54.4704516954	90.3124531138	57.9907195766
70.7028065904	55.6334362906	52.2504770424	70.2318537634	57.9907195766	90.3124531138
Genotype stats (X^T * X): 	43.767124
Gene expression - Genotype stats (Y^T * X): 
-4.47285858171	-4.75535263572	-12.7639544633	-6.34639653032	-21.1739931654	-4.1060080352