Tissue	braincaudatebasalganglia
N_samples	98
Chr	1
Gene	ENSG00000186973.6
SNP	rs112320533
Gene_list	ENSG00000007516.9	ENSG00000105519.8	ENSG00000189350.8	ENSG00000164972.8	ENSG00000137098.9	ENSG00000163879.9	ENSG00000186973.6	ENSG00000160188.5	ENSG00000034239.6	ENSG00000004838.9	ENSG00000177989.9	ENSG00000152760.5	ENSG00000159713.6	ENSG00000129654.7	ENSG00000156042.13	ENSG00000154099.13	ENSG00000197748.8	ENSG00000179902.8	ENSG00000183644.9	ENSG00000155761.9	ENSG00000160401.10	ENSG00000106992.13	ENSG00000181085.10	ENSG00000169064.8
Gene expression stats (Y^T * Y): 
90.3124531138	45.3465323983	36.1741656494	45.8902416605	58.2618213402	41.2082333737	56.9629713296	48.5789056041	53.6920153957	57.7850869138	37.9807842126	47.4856731336	48.7341058226	48.7281541019	40.0510232812	60.5252774746	33.0702206788	47.0196414782	47.5181698951	26.2000844665	55.8751724605	43.7289115431	60.3490356416	25.5078330359
45.3465323983	90.3124531138	50.3251879181	60.0050355095	63.5162661739	55.8384148373	63.9192080291	59.4267301891	60.5571797366	59.6446011683	49.6747921071	60.0767588413	70.6125892638	34.5782155562	48.2901525387	68.536686075	41.5616721553	62.5116312585	56.7582512594	45.4588456244	77.3870792612	71.3195898692	77.1964229688	47.4202869261
36.1741656494	50.3251879181	90.3124531138	50.5879391928	57.7616041236	44.8757262107	60.4293140695	47.8730401793	55.8787728385	58.2703818177	46.2118219322	54.905440531	49.1864130539	42.9065768085	44.9562124526	59.5644610386	44.1877457978	53.8473342262	57.4553906008	48.959600399	55.4665732815	45.0378771048	55.1297023818	39.9567719971
45.8902416605	60.0050355095	50.5879391928	90.3124531138	66.1297360831	50.5373063997	68.1165800469	57.9262355366	63.1375761843	67.1936269054	55.696567766	61.7793117457	49.4655904802	37.8905038678	55.2479674169	68.443871435	44.0211388717	64.1298952098	66.0128392356	44.5781825693	67.1045102097	62.2275691612	66.7006951807	45.2564441556
58.2618213402	63.5162661739	57.7616041236	66.1297360831	90.3124531138	56.0689970742	86.2887929944	76.8247319797	81.3756162803	80.2136640515	70.0321348695	70.4805734517	57.4183884284	58.6847263731	67.1451457783	83.4268653758	58.8506465294	70.6459129316	79.3782771729	65.4059053347	81.1614811845	52.4201140431	78.5142756912	58.8855671603
41.2082333737	55.8384148373	44.8757262107	50.5373063997	56.0689970742	90.3124531138	60.7822299328	59.5376175474	62.8492237334	61.2946269555	53.5220131254	66.1578054672	61.4036409583	26.9629971764	48.7061583456	57.2078016269	30.2001310548	55.9905685202	59.119493179	36.8982686711	53.9471046709	56.5073966153	63.8527091679	36.1579605463
56.9629713296	63.9192080291	60.4293140695	68.1165800469	86.2887929944	60.7822299328	90.3124531138	76.9256517728	85.5402909772	82.7965083907	72.5050677672	76.2432458973	61.4668881763	60.4059103221	67.9289418379	83.8314151332	58.4444335855	73.1259932039	83.5566541803	64.0968806312	77.5837552885	56.6949288933	77.3524947293	57.5259986234
48.5789056041	59.4267301891	47.8730401793	57.9262355366	76.8247319797	59.5376175474	76.9256517728	90.3124531138	73.99383346	71.2168441527	67.7806673295	62.0433806283	56.8633223774	50.7552483706	66.0817714742	72.9148307404	52.3790680335	62.4259551592	72.3575989548	57.9166871694	69.6176368816	50.3324167452	66.9753973651	56.2691293159
53.6920153957	60.5571797366	55.8787728385	63.1375761843	81.3756162803	62.8492237334	85.5402909772	73.99383346	90.3124531138	77.853389748	72.5447421518	77.991380435	62.1021490949	58.4345674994	66.9849375359	78.1096197125	55.0021138681	68.1671437903	82.1131733298	59.1188920554	72.9496897092	54.5462551478	73.8769252176	54.7931531547
57.7850869138	59.6446011683	58.2703818177	67.1936269054	80.2136640515	61.2946269555	82.7965083907	71.2168441527	77.853389748	90.3124531138	67.2586370766	72.9113082218	58.4812795402	52.8116403757	61.9310704341	77.6597135033	53.9119074678	66.7190932608	75.5595441798	55.1014065419	71.1050890112	53.8367046367	74.9076832852	49.1069416592
37.9807842126	49.6747921071	46.2118219322	55.696567766	70.0321348695	53.5220131254	72.5050677672	67.7806673295	72.5447421518	67.2586370766	90.3124531138	70.0469418439	54.9881137014	47.1429756098	67.7027364797	61.6959780893	55.4873262301	50.8564946273	76.7730408699	61.8391093451	59.9226238965	42.8690072707	60.6428864431	57.4947794179
47.4856731336	60.0767588413	54.905440531	61.7793117457	70.4805734517	66.1578054672	76.2432458973	62.0433806283	77.991380435	72.9113082218	70.0469418439	90.3124531138	63.3043518427	47.8718558704	65.378060045	72.5905813403	54.6758621139	66.1735030697	77.1745346528	55.0570487682	66.7435937013	58.2644788722	74.3498075445	50.2029091754
48.7341058226	70.6125892638	49.1864130539	49.4655904802	57.4183884284	61.4036409583	61.4668881763	56.8633223774	62.1021490949	58.4812795402	54.9881137014	63.3043518427	90.3124531138	38.7264957655	56.198508123	59.3722473567	45.2911365914	51.2798636543	55.9958425889	44.7518338155	58.7708310662	67.2299707447	64.8689166114	47.7225464796
48.7281541019	34.5782155562	42.9065768085	37.8905038678	58.6847263731	26.9629971764	60.4059103221	50.7552483706	58.4345674994	52.8116403757	47.1429756098	47.8718558704	38.7264957655	90.3124531138	45.3815319187	57.3210357158	54.176269148	48.0373860839	55.825844145	48.8266164803	50.1239810843	28.855907619	48.4578966565	36.9462968329
40.0510232812	48.2901525387	44.9562124526	55.2479674169	67.1451457783	48.7061583456	67.9289418379	66.0817714742	66.9849375359	61.9310704341	67.7027364797	65.378060045	56.198508123	45.3815319187	90.3124531138	64.5728961352	66.3838987562	54.5002851287	70.0447232713	65.1480442008	58.815151924	47.1367029765	59.8400355379	71.8161900256
60.5252774746	68.536686075	59.5644610386	68.443871435	83.4268653758	57.2078016269	83.8314151332	72.9148307404	78.1096197125	77.6597135033	61.6959780893	72.5905813403	59.3722473567	57.3210357158	64.5728961352	90.3124531138	52.2641085457	77.1171029404	76.0068555248	59.3393971715	83.6558991266	60.0800339275	82.6021449564	52.1664191179
33.0702206788	41.5616721553	44.1877457978	44.0211388717	58.8506465294	30.2001310548	58.4444335855	52.3790680335	55.0021138681	53.9119074678	55.4873262301	54.6758621139	45.2911365914	54.176269148	66.3838987562	52.2641085457	90.3124531138	46.1560637951	56.0676952343	72.2649871756	49.9231780654	38.8544341399	49.6195568132	73.3876586287
47.0196414782	62.5116312585	53.8473342262	64.1298952098	70.6459129316	55.9905685202	73.1259932039	62.4259551592	68.1671437903	66.7190932608	50.8564946273	66.1735030697	51.2798636543	48.0373860839	54.5002851287	77.1171029404	46.1560637951	90.3124531138	69.2561825872	48.1324054379	72.2467143918	53.3529450767	73.1438491547	46.8410641993
47.5181698951	56.7582512594	57.4553906008	66.0128392356	79.3782771729	59.119493179	83.5566541803	72.3575989548	82.1131733298	75.5595441798	76.7730408699	77.1745346528	55.9958425889	55.825844145	70.0447232713	76.0068555248	56.0676952343	69.2561825872	90.3124531138	61.369516454	69.8605393641	47.2042074822	70.8652586272	59.0535824966
26.2000844665	45.4588456244	48.959600399	44.5781825693	65.4059053347	36.8982686711	64.0968806312	57.9166871694	59.1188920554	55.1014065419	61.8391093451	55.0570487682	44.7518338155	48.8266164803	65.1480442008	59.3393971715	72.2649871756	48.1324054379	61.369516454	90.3124531138	58.524097319	36.4933891588	54.5895050557	75.3076260862
55.8751724605	77.3870792612	55.4665732815	67.1045102097	81.1614811845	53.9471046709	77.5837552885	69.6176368816	72.9496897092	71.1050890112	59.9226238965	66.7435937013	58.7708310662	50.1239810843	58.815151924	83.6558991266	49.9231780654	72.2467143918	69.8605393641	58.524097319	90.3124531138	61.3012826141	85.0215537355	52.7704227892
43.7289115431	71.3195898692	45.0378771048	62.2275691612	52.4201140431	56.5073966153	56.6949288933	50.3324167452	54.5462551478	53.8367046367	42.8690072707	58.2644788722	67.2299707447	28.855907619	47.1367029765	60.0800339275	38.8544341399	53.3529450767	47.2042074822	36.4933891588	61.3012826141	90.3124531138	66.1728177384	39.6518437028
60.3490356416	77.1964229688	55.1297023818	66.7006951807	78.5142756912	63.8527091679	77.3524947293	66.9753973651	73.8769252176	74.9076832852	60.6428864431	74.3498075445	64.8689166114	48.4578966565	59.8400355379	82.6021449564	49.6195568132	73.1438491547	70.8652586272	54.5895050557	85.0215537355	66.1728177384	90.3124531138	49.9288183632
25.5078330359	47.4202869261	39.9567719971	45.2564441556	58.8855671603	36.1579605463	57.5259986234	56.2691293159	54.7931531547	49.1069416592	57.4947794179	50.2029091754	47.7225464796	36.9462968329	71.8161900256	52.1664191179	73.3876586287	46.8410641993	59.0535824966	75.3076260862	52.7704227892	39.6518437028	49.9288183632	90.3124531138
Genotype stats (X^T * X): 	6.2612869898
Gene expression - Genotype stats (Y^T * X): 
5.85613416287	7.38792471608	7.08982338359	6.68870180411	7.69543732443	7.7041903017	7.81882097733	4.64519635473	7.91954877271	7.82546303349	6.86673895819	9.05648759224	6.19016908482	5.44318451829	6.55347422839	7.39371438795	6.43849852217	6.79341365048	8.05379333791	5.67929797626	7.36285959229	6.39021278673	7.35680786574	4.45472247772