Tissue	braincaudatebasalganglia
N_samples	98
Chr	19
Gene	ENSG00000186818.8
SNP	rs370156
Gene_list	ENSG00000168961.12	ENSG00000140678.12	ENSG00000204482.6	ENSG00000095970.12	ENSG00000104894.7	ENSG00000167613.11	ENSG00000186818.8	ENSG00000148908.10
Gene expression stats (Y^T * Y): 
90.3124531138	51.1336938835	52.2162036527	63.1761548948	42.7232781883	41.1452097078	59.1179462461	55.6352962973
51.1336938835	90.3124531138	46.6952859148	59.432369869	54.956685979	47.311449466	62.8737409771	53.2684289905
52.2162036527	46.6952859148	90.3124531138	45.853970307	53.344506703	53.8611773027	57.1737425382	70.2555101563
63.1761548948	59.432369869	45.853970307	90.3124531138	44.8485456143	47.5385848219	58.4037965041	47.3610790968
42.7232781883	54.956685979	53.344506703	44.8485456143	90.3124531138	52.9123963855	55.4630486133	63.1586698476
41.1452097078	47.311449466	53.8611773027	47.5385848219	52.9123963855	90.3124531138	54.2496631534	46.8022294826
59.1179462461	62.8737409771	57.1737425382	58.4037965041	55.4630486133	54.2496631534	90.3124531138	65.8497309985
55.6352962973	53.2684289905	70.2555101563	47.3610790968	63.1586698476	46.8022294826	65.8497309985	90.3124531138
Genotype stats (X^T * X): 	13.8438767755
Gene expression - Genotype stats (Y^T * X): 
10.0951286252	6.20283763455	9.04814554294	10.7582941188	8.36024180401	9.21909364996	13.8330907512	8.82648084387