Tissue	braincaudatebasalganglia
N_samples	98
Chr	1
Gene	ENSG00000168653.6
SNP	rs11589220
Gene_list	ENSG00000130770.13	ENSG00000168653.6	ENSG00000196262.9	ENSG00000125743.6	ENSG00000196465.6	ENSG00000162188.5	ENSG00000167863.7	ENSG00000131143.4	ENSG00000183648.5	ENSG00000156467.5	ENSG00000241468.3	ENSG00000164919.6	ENSG00000156411.5	ENSG00000147684.3
Gene expression stats (Y^T * Y): 
90.3124531138	58.8683451057	68.8130061544	46.8304266019	58.8170586492	42.7922867372	51.6726834778	61.7067272439	61.1769542537	38.8521030614	50.2331423705	68.9578252969	59.8995148733	46.6187351653
58.8683451057	90.3124531138	63.5983625977	56.5521806486	58.2780605848	56.1326573969	57.1989694946	69.358964521	69.9094511585	57.9720940126	58.0298957135	64.2166829036	67.2963125801	63.570293794
68.8130061544	63.5983625977	90.3124531138	37.6529131127	48.8922792678	55.7880573364	56.5408866961	58.4871599306	66.0308389041	35.8584744075	43.3826227507	69.3908046819	60.6757752032	48.384187249
46.8304266019	56.5521806486	37.6529131127	90.3124531138	57.4130154624	23.1166777558	34.9001376111	60.8257310431	54.8319286089	43.6487839769	54.415283568	55.6767212967	61.8951236798	53.8201336803
58.8170586492	58.2780605848	48.8922792678	57.4130154624	90.3124531138	49.6874177765	35.110432674	65.8870145264	55.9783970456	40.7708565017	47.3870183297	48.7816330272	56.1868349654	57.2062879943
42.7922867372	56.1326573969	55.7880573364	23.1166777558	49.6874177765	90.3124531138	33.207161998	49.6159040414	35.7639150167	17.1605532388	23.667165388	40.7092699341	43.414180205	35.3260386567
51.6726834778	57.1989694946	56.5408866961	34.9001376111	35.110432674	33.207161998	90.3124531138	51.9375593967	67.3497947951	54.970561391	63.2881045994	69.8653458192	61.7406685539	59.6524978708
61.7067272439	69.358964521	58.4871599306	60.8257310431	65.8870145264	49.6159040414	51.9375593967	90.3124531138	62.8099479916	49.1553014055	58.6737245299	59.8928960966	67.7906688328	72.2237834534
61.1769542537	69.9094511585	66.0308389041	54.8319286089	55.9783970456	35.7639150167	67.3497947951	62.8099479916	90.3124531138	60.7682989402	62.8816984913	75.8432484202	66.3467503212	64.6925218091
38.8521030614	57.9720940126	35.8584744075	43.6487839769	40.7708565017	17.1605532388	54.970561391	49.1553014055	60.7682989402	90.3124531138	53.8998698398	56.2496289878	64.4112255701	58.6821634984
50.2331423705	58.0298957135	43.3826227507	54.415283568	47.3870183297	23.667165388	63.2881045994	58.6737245299	62.8816984913	53.8998698398	90.3124531138	60.2813377003	64.3632748813	55.9394403838
68.9578252969	64.2166829036	69.3908046819	55.6767212967	48.7816330272	40.7092699341	69.8653458192	59.8928960966	75.8432484202	56.2496289878	60.2813377003	90.3124531138	75.0041752657	59.1253300477
59.8995148733	67.2963125801	60.6757752032	61.8951236798	56.1868349654	43.414180205	61.7406685539	67.7906688328	66.3467503212	64.4112255701	64.3632748813	75.0041752657	90.3124531138	64.87945914
46.6187351653	63.570293794	48.384187249	53.8201336803	57.2062879943	35.3260386567	59.6524978708	72.2237834534	64.6925218091	58.6821634984	55.9394403838	59.1253300477	64.87945914	90.3124531138
Genotype stats (X^T * X): 	19.3843421224
Gene expression - Genotype stats (Y^T * X): 
-4.39151188648	-15.2180899485	-5.51173351886	-8.98674287651	-3.6877065503	-6.21493192333	-2.69851650691	-6.99685819384	-8.76136999601	-4.64926036052	-5.46811578756	-4.45726228646	-6.19524229939	-9.37042051565