Tissue	braincaudatebasalganglia
N_samples	98
Chr	7
Gene	ENSG00000155660.6
SNP	rs1357751
Gene_list	ENSG00000143870.8	ENSG00000128228.4	ENSG00000100219.12	ENSG00000184164.10	ENSG00000145050.11	ENSG00000167797.3	ENSG00000149428.14	ENSG00000155660.6
Gene expression stats (Y^T * Y): 
90.3124531138	47.6543333196	47.2281750353	50.5057411604	69.6254324482	66.5617668407	52.9320699674	56.4570017125
47.6543333196	90.3124531138	44.6317486936	61.631216319	52.3727055565	49.8633461827	55.3417374489	64.3948702992
47.2281750353	44.6317486936	90.3124531138	44.1525801009	61.9619379329	44.5722262881	42.973528726	56.2771360262
50.5057411604	61.631216319	44.1525801009	90.3124531138	51.8489327395	48.8383718925	49.5410055132	60.5187893189
69.6254324482	52.3727055565	61.9619379329	51.8489327395	90.3124531138	61.7091585842	60.0405100432	62.2608118136
66.5617668407	49.8633461827	44.5722262881	48.8383718925	61.7091585842	90.3124531138	43.1832351779	57.4989715787
52.9320699674	55.3417374489	42.973528726	49.5410055132	60.0405100432	43.1832351779	90.3124531138	61.3712626009
56.4570017125	64.3948702992	56.2771360262	60.5187893189	62.2608118136	57.4989715787	61.3712626009	90.3124531138
Genotype stats (X^T * X): 	43.4795918367
Gene expression - Genotype stats (Y^T * X): 
19.1178931784	22.6279702927	13.8319351475	24.1960909087	16.5772264004	12.5747110535	18.2944690894	22.1703829655