Tissue	braincaudatebasalganglia
N_samples	98
Chr	7
Gene	ENSG00000122585.3
SNP	rs156290
Gene_list	ENSG00000241563.2	ENSG00000122585.3	ENSG00000166863.7	ENSG00000161544.5	ENSG00000166426.7	ENSG00000100604.8	ENSG00000106852.11	ENSG00000157005.3
Gene expression stats (Y^T * Y): 
90.3124531138	83.9741523815	56.3463541554	55.9997032873	57.2398903071	58.5966957936	56.4955904956	79.7687290066
83.9741523815	90.3124531138	55.7365650651	55.6690756683	56.0576342428	55.6440776681	56.743597551	82.8098754848
56.3463541554	55.7365650651	90.3124531138	51.8104708523	64.8693997335	54.4243584818	58.2056804793	53.9699763586
55.9997032873	55.6690756683	51.8104708523	90.3124531138	54.1047099694	60.6778920555	65.4452813775	53.2118790465
57.2398903071	56.0576342428	64.8693997335	54.1047099694	90.3124531138	54.6591610675	65.7008472076	50.0789177791
58.5966957936	55.6440776681	54.4243584818	60.6778920555	54.6591610675	90.3124531138	55.5342100358	55.2823690805
56.4955904956	56.743597551	58.2056804793	65.4452813775	65.7008472076	55.5342100358	90.3124531138	51.7999233897
79.7687290066	82.8098754848	53.9699763586	53.2118790465	50.0789177791	55.2823690805	51.7999233897	90.3124531138
Genotype stats (X^T * X): 	46.2286901327
Gene expression - Genotype stats (Y^T * X): 
19.6144058147	22.7524519344	15.0105678224	3.9931638761	16.0677944405	13.5514016355	13.9316317432	14.4198294696