Tissue	braincaudatebasalganglia
N_samples	98
Chr	1
Gene	ENSG00000116717.7
SNP	rs787480
Gene_list	ENSG00000099860.4	ENSG00000167772.7	ENSG00000060138.8	ENSG00000134531.5	ENSG00000104635.9	ENSG00000108691.5	ENSG00000124762.9	ENSG00000128016.4	ENSG00000187479.4	ENSG00000165507.8	ENSG00000221869.4	ENSG00000205362.6	ENSG00000116717.7	ENSG00000184557.3	ENSG00000105835.7	ENSG00000151929.5	ENSG00000135245.9	ENSG00000112096.12	ENSG00000135926.8
Gene expression stats (Y^T * Y): 
90.3124531138	59.493182044	71.9451116272	72.7132398211	39.7225656504	65.2134263065	72.735161238	81.4346695434	48.8687524334	62.288470177	52.5330072589	50.4181585045	60.7014270831	63.5841161015	52.8837795288	61.3755329316	58.2754435495	56.531424201	56.9865513495
59.493182044	90.3124531138	67.7401212334	57.952578181	48.1300823711	49.8399830703	52.965948175	54.9320283873	40.0922418838	58.3927346492	43.9844924731	60.6639097394	61.2232255114	58.0715874588	43.9213564357	58.9294050718	66.2586626027	56.5183180595	56.4628414916
71.9451116272	67.7401212334	90.3124531138	62.2274104066	42.1118270199	51.4165860218	69.4969403903	71.8606868296	42.1118965293	65.8961404722	51.1345095647	48.3093344686	62.967624538	66.7166875096	60.8323465498	54.9501007589	63.904538395	67.6981615497	57.5297788143
72.7132398211	57.952578181	62.2274104066	90.3124531138	29.1924513035	69.2339140714	62.9949074765	71.4497269992	41.3775633206	59.9967443593	31.4014839105	45.513003542	59.4990969666	57.3368874128	46.720355442	72.7294476472	47.1483673101	67.6208041334	61.1335961098
39.7225656504	48.1300823711	42.1118270199	29.1924513035	90.3124531138	36.2025819494	37.4698282129	37.1650362007	39.0115484433	39.8132293466	46.9262393109	57.4114574028	61.0483343764	48.7619241939	53.4255986665	33.5157913743	64.9911931518	44.183252894	45.6522341666
65.2134263065	49.8399830703	51.4165860218	69.2339140714	36.2025819494	90.3124531138	53.6836284256	59.5343522348	54.5641570767	53.1535113811	26.8772324831	40.5876355817	55.6293221294	61.8519460401	46.9288858496	52.1121191234	41.9223794947	50.4867745619	40.4079486213
72.735161238	52.965948175	69.4969403903	62.9949074765	37.4698282129	53.6836284256	90.3124531138	74.7429723407	54.3556974649	46.9457056142	55.1970501821	47.9392416635	58.6430248842	63.4242956348	55.370178567	55.2996195161	53.9346659939	53.1513143695	44.1345679281
81.4346695434	54.9320283873	71.8606868296	71.4497269992	37.1650362007	59.5343522348	74.7429723407	90.3124531138	46.3738872739	59.6950290079	50.658941726	45.121016649	64.9951179816	61.8995724953	61.8857312527	57.7505181898	58.3887792253	61.3570934912	59.3371403502
48.8687524334	40.0922418838	42.1118965293	41.3775633206	39.0115484433	54.5641570767	54.3556974649	46.3738872739	90.3124531138	33.4919945506	48.3248693142	40.6068862625	54.9382261631	52.8211482208	55.479186346	31.090288368	40.5836256788	29.4934764046	29.3073619183
62.288470177	58.3927346492	65.8961404722	59.9967443593	39.8132293466	53.1535113811	46.9457056142	59.6950290079	33.4919945506	90.3124531138	46.1483671211	38.4173701336	59.1751207381	63.9144376401	49.5746365017	56.3987370573	63.7457116174	63.6271414182	63.04092975
52.5330072589	43.9844924731	51.1345095647	31.4014839105	46.9262393109	26.8772324831	55.1970501821	50.658941726	48.3248693142	46.1483671211	90.3124531138	53.0933054644	54.5510765674	53.9959577333	55.9110593978	26.6617605934	59.7566309487	31.3031892209	38.8017036594
50.4181585045	60.6639097394	48.3093344686	45.513003542	57.4114574028	40.5876355817	47.9392416635	45.121016649	40.6068862625	38.4173701336	53.0933054644	90.3124531138	55.7520052475	52.4088347461	43.6278043372	47.7429093261	55.0234250676	39.753216508	49.7073946356
60.7014270831	61.2232255114	62.967624538	59.4990969666	61.0483343764	55.6293221294	58.6430248842	64.9951179816	54.9382261631	59.1751207381	54.5510765674	55.7520052475	90.3124531138	69.9503544527	68.3239621865	56.0784122991	65.4324781066	62.2685421701	60.9011020462
63.5841161015	58.0715874588	66.7166875096	57.3368874128	48.7619241939	61.8519460401	63.4242956348	61.8995724953	52.8211482208	63.9144376401	53.9959577333	52.4088347461	69.9503544527	90.3124531138	66.4635585446	55.1359467119	58.9317137641	57.8943327017	49.490814897
52.8837795288	43.9213564357	60.8323465498	46.720355442	53.4255986665	46.9288858496	55.370178567	61.8857312527	55.479186346	49.5746365017	55.9110593978	43.6278043372	68.3239621865	66.4635585446	90.3124531138	33.1241705853	58.6598875331	57.2985577333	45.6102480284
61.3755329316	58.9294050718	54.9501007589	72.7294476472	33.5157913743	52.1121191234	55.2996195161	57.7505181898	31.090288368	56.3987370573	26.6617605934	47.7429093261	56.0784122991	55.1359467119	33.1241705853	90.3124531138	43.7509856859	64.209904295	66.6274055694
58.2754435495	66.2586626027	63.904538395	47.1483673101	64.9911931518	41.9223794947	53.9346659939	58.3887792253	40.5836256788	63.7457116174	59.7566309487	55.0234250676	65.4324781066	58.9317137641	58.6598875331	43.7509856859	90.3124531138	58.6069220161	55.2228018245
56.531424201	56.5183180595	67.6981615497	67.6208041334	44.183252894	50.4867745619	53.1513143695	61.3570934912	29.4934764046	63.6271414182	31.3031892209	39.753216508	62.2685421701	57.8943327017	57.2985577333	64.209904295	58.6069220161	90.3124531138	70.7332728182
56.9865513495	56.4628414916	57.5297788143	61.1335961098	45.6522341666	40.4079486213	44.1345679281	59.3371403502	29.3073619183	63.04092975	38.8017036594	49.7073946356	60.9011020462	49.490814897	45.6102480284	66.6274055694	55.2228018245	70.7332728182	90.3124531138
Genotype stats (X^T * X): 	40.3367346939
Gene expression - Genotype stats (Y^T * X): 
-21.4944040741	-16.8824546577	-19.1532771749	-17.0383956356	-18.3969544034	-11.4186351581	-22.4638353478	-22.1343187701	-8.49683178205	-13.1107026668	-18.0250202947	-21.7043148766	-21.021314996	-16.2432225632	-14.2403337744	-14.7255608692	-18.7761493916	-16.2461634704	-14.9720075739