Tissue	braincaudatebasalganglia
N_samples	98
Chr	16
Gene	ENSG00000103316.6
SNP	rs9933813
Gene_list	ENSG00000125869.5	ENSG00000103316.6	ENSG00000172995.12	ENSG00000166619.8	ENSG00000053438.7	ENSG00000164076.12	ENSG00000163630.6	ENSG00000104327.3	ENSG00000172020.8	ENSG00000170091.6
Gene expression stats (Y^T * Y): 
90.3124531138	61.6387559136	63.7244297581	58.6743441515	54.3808412436	62.911993133	62.4410833993	55.5446953809	54.6714390277	65.683621804
61.6387559136	90.3124531138	56.319056447	60.3374620109	58.0840780849	58.2441666256	57.9786003387	59.3063968771	65.1210435224	56.7758413035
63.7244297581	56.319056447	90.3124531138	37.0184954683	63.9544377993	66.4953204339	70.2878929109	59.070293757	53.3643779632	80.8500193069
58.6743441515	60.3374620109	37.0184954683	90.3124531138	50.7256487964	55.0891533057	51.2016263273	43.6630910909	50.3599824959	46.4652082943
54.3808412436	58.0840780849	63.9544377993	50.7256487964	90.3124531138	44.4684493479	54.427584676	69.9236109516	71.131703303	59.6703593231
62.911993133	58.2441666256	66.4953204339	55.0891533057	44.4684493479	90.3124531138	59.8175931498	36.0543496685	36.0572383004	74.5934353574
62.4410833993	57.9786003387	70.2878929109	51.2016263273	54.427584676	59.8175931498	90.3124531138	45.1552282533	51.2898560473	69.1437083925
55.5446953809	59.3063968771	59.070293757	43.6630910909	69.9236109516	36.0543496685	45.1552282533	90.3124531138	63.5881451529	51.4063934182
54.6714390277	65.1210435224	53.3643779632	50.3599824959	71.131703303	36.0572383004	51.2898560473	63.5881451529	90.3124531138	49.1020085453
65.683621804	56.7758413035	80.8500193069	46.4652082943	59.6703593231	74.5934353574	69.1437083925	51.4063934182	49.1020085453	90.3124531138
Genotype stats (X^T * X): 	48.7040816327
Gene expression - Genotype stats (Y^T * X): 
-14.4237485716	-23.3095748987	-20.5578165428	-7.96008628862	-16.7650689952	-19.2766242356	-11.8417308769	-15.0873423177	-12.6484003677	-17.3101201042