Tissue	braincaudatebasalganglia
N_samples	98
Chr	19
Gene	ENSG00000006015.13
SNP	rs56770562
Gene_list	ENSG00000141933.8	ENSG00000129968.11	ENSG00000243449.2	ENSG00000006015.13	ENSG00000179965.7	ENSG00000131116.7	ENSG00000175602.2
Gene expression stats (Y^T * Y): 
90.3124531138	49.2506873281	54.9729292797	56.2305218776	68.5899705891	44.1976412277	45.5654055864
49.2506873281	90.3124531138	59.4333823269	57.4349869209	56.4726461795	55.5072166652	72.9700278118
54.9729292797	59.4333823269	90.3124531138	64.2493650596	63.8251223342	55.3353271656	70.813565888
56.2305218776	57.4349869209	64.2493650596	90.3124531138	55.1733300679	58.4947610605	54.5674141985
68.5899705891	56.4726461795	63.8251223342	55.1733300679	90.3124531138	49.2474085552	53.5310316728
44.1976412277	55.5072166652	55.3353271656	58.4947610605	49.2474085552	90.3124531138	48.8391379144
45.5654055864	72.9700278118	70.813565888	54.5674141985	53.5310316728	48.8391379144	90.3124531138
Genotype stats (X^T * X): 	25.4798384592
Gene expression - Genotype stats (Y^T * X): 
9.4084941478	17.6681878584	17.4288005688	15.6876532498	13.7943379784	11.5287564909	19.0822366999