Tissue	braincaudatebasalganglia
N_samples	98
Chr	12
Gene	ENSG00000205420.6
SNP	rs613414
Gene_list	ENSG00000171401.10	ENSG00000205420.6	ENSG00000170477.8	ENSG00000167656.4	ENSG00000169474.3	ENSG00000163209.10
Gene expression stats (Y^T * Y): 
90.3124531138	64.8766199926	82.4558217938	46.70785701	66.1722954501	82.1204662291
64.8766199926	90.3124531138	57.0548877833	61.1271687006	54.7026474182	65.3350664767
82.4558217938	57.0548877833	90.3124531138	41.6216342476	61.9259117698	81.7340399073
46.70785701	61.1271687006	41.6216342476	90.3124531138	37.17184727	47.5507389172
66.1722954501	54.7026474182	61.9259117698	37.17184727	90.3124531138	72.4405482494
82.1204662291	65.3350664767	81.7340399073	47.5507389172	72.4405482494	90.3124531138
Genotype stats (X^T * X): 	52.0510204082
Gene expression - Genotype stats (Y^T * X): 
11.9406110412	24.0388750101	14.9687316031	20.4115138344	14.0543988124	17.8909313088