Tissue	braincaudatebasalganglia
N_samples	98
Chr	4
Gene	ENSG00000109790.12
SNP	rs2711965
Gene_list	ENSG00000170759.10	ENSG00000109790.12	ENSG00000137221.10	ENSG00000154945.6	ENSG00000179195.11	ENSG00000151414.10
Gene expression stats (Y^T * Y): 
90.3124531138	57.0635547715	-22.540216451	69.3643087724	54.6106228097	66.414930234
57.0635547715	90.3124531138	-56.285953267	59.7251067638	54.5974100702	61.730690111
-22.540216451	-56.285953267	90.3124531138	-27.2131331882	-32.3130850369	-33.1644099576
69.3643087724	59.7251067638	-27.2131331882	90.3124531138	61.6690795932	53.5744662234
54.6106228097	54.5974100702	-32.3130850369	61.6690795932	90.3124531138	59.6332237381
66.414930234	61.730690111	-33.1644099576	53.5744662234	59.6332237381	90.3124531138
Genotype stats (X^T * X): 	6.79284069388
Gene expression - Genotype stats (Y^T * X): 
7.56985935668	8.47216330403	-0.82559290757	8.9912400728	8.63918550444	7.30847964777