Tissue	braincaudatebasalganglia
N_samples	98
Chr	14
Gene	ENSG00000165502.6
SNP	rs2985697
Gene_list	ENSG00000171863.8	ENSG00000116251.5	ENSG00000161970.8	ENSG00000144713.8	ENSG00000142676.8	ENSG00000198242.9	ENSG00000125691.8	ENSG00000188846.9	ENSG00000145592.9	ENSG00000165502.6	ENSG00000123349.9	ENSG00000143947.8	ENSG00000172809.8	ENSG00000122406.8	ENSG00000156467.5	ENSG00000114942.9
Gene expression stats (Y^T * Y): 
90.3124531138	52.0341659215	68.089001811	77.8265031002	77.5230680143	74.927933358	76.5452944971	70.149791979	71.3923109745	56.3593705058	74.5158906011	71.3700478525	73.725123581	71.7376711825	45.6855125657	57.2997066555
52.0341659215	90.3124531138	64.5726627731	57.9612850502	60.2150676375	61.6659680684	61.3523551506	48.1815067141	55.5139072812	60.7295816313	49.9575232992	66.1977092258	51.4446902846	61.0787642905	49.155312993	64.4319679204
68.089001811	64.5726627731	90.3124531138	72.3988881463	73.8315870141	64.7254392441	72.3873111122	60.6261169297	59.722545222	58.5603475814	71.7382430763	80.3099091134	57.655401763	75.0927731187	53.0848230507	72.7227820703
77.8265031002	57.9612850502	72.3988881463	90.3124531138	79.8876561653	78.4244087106	76.3142160062	71.9991119888	75.4957245719	55.1322771321	78.7778755588	78.0732502415	75.6112397313	71.9857304497	45.2871941868	58.2592610235
77.5230680143	60.2150676375	73.8315870141	79.8876561653	90.3124531138	77.9277693704	81.0301269089	68.3515889589	73.4002779678	57.1745914205	75.3124501621	76.7253899519	74.6793799571	74.9683770665	42.0968934254	64.476323999
74.927933358	61.6659680684	64.7254392441	78.4244087106	77.9277693704	90.3124531138	73.136151952	63.6657466089	77.2411725166	54.2502955136	71.1797193872	74.1718210283	77.3036823345	68.0305144157	43.4642162387	58.9983590627
76.5452944971	61.3523551506	72.3873111122	76.3142160062	81.0301269089	73.136151952	90.3124531138	71.7377057787	74.1475737199	57.3090804028	72.0352926036	69.4316489619	67.1540268474	79.9056366531	51.1329828145	62.1448098459
70.149791979	48.1815067141	60.6261169297	71.9991119888	68.3515889589	63.6657466089	71.7377057787	90.3124531138	65.2278689213	55.2929058937	69.8438780202	57.0234822167	59.9652646499	73.809408956	39.7744435485	52.5623846492
71.3923109745	55.5139072812	59.722545222	75.4957245719	73.4002779678	77.2411725166	74.1475737199	65.2278689213	90.3124531138	55.3001171631	67.0893131159	64.4066463185	77.5691844732	63.4557268096	42.2660886656	50.5432834741
56.3593705058	60.7295816313	58.5603475814	55.1322771321	57.1745914205	54.2502955136	57.3090804028	55.2929058937	55.3001171631	90.3124531138	56.2509905337	55.2826472601	55.6207322438	55.9512238559	55.4746642052	61.1576787858
74.5158906011	49.9575232992	71.7382430763	78.7778755588	75.3124501621	71.1797193872	72.0352926036	69.8438780202	67.0893131159	56.2509905337	90.3124531138	75.4976680417	69.3967432772	72.6092687306	56.4856629349	65.9655915237
71.3700478525	66.1977092258	80.3099091134	78.0732502415	76.7253899519	74.1718210283	69.4316489619	57.0234822167	64.4066463185	55.2826472601	75.4976680417	90.3124531138	68.0638549253	72.1098096732	52.7176217085	71.4451174097
73.725123581	51.4446902846	57.655401763	75.6112397313	74.6793799571	77.3036823345	67.1540268474	59.9652646499	77.5691844732	55.6207322438	69.3967432772	68.0638549253	90.3124531138	53.4234886281	46.9701409483	49.0387131637
71.7376711825	61.0787642905	75.0927731187	71.9857304497	74.9683770665	68.0305144157	79.9056366531	73.809408956	63.4557268096	55.9512238559	72.6092687306	72.1098096732	53.4234886281	90.3124531138	49.2709892813	68.8088987734
45.6855125657	49.155312993	53.0848230507	45.2871941868	42.0968934254	43.4642162387	51.1329828145	39.7744435485	42.2660886656	55.4746642052	56.4856629349	52.7176217085	46.9701409483	49.2709892813	90.3124531138	51.1700100578
57.2997066555	64.4319679204	72.7227820703	58.2592610235	64.476323999	58.9983590627	62.1448098459	52.5623846492	50.5432834741	61.1576787858	65.9655915237	71.4451174097	49.0387131637	68.8088987734	51.1700100578	90.3124531138
Genotype stats (X^T * X): 	32.4897959184
Gene expression - Genotype stats (Y^T * X): 
4.56431763646	2.77519557441	1.59889757978	1.28072238394	3.09719530854	0.837148837757	2.03858321634	0.837806916301	2.44881886434	26.1716715105	3.03543728825	2.87632115773	4.94322414304	2.46327784242	4.4118679575	8.13613577019