Tissue	braincaudatebasalganglia
N_samples	98
Chr	8
Gene	ENSG00000157168.14
SNP	rs6996957
Gene_list	ENSG00000107249.17	ENSG00000166483.6	ENSG00000174950.6	ENSG00000157168.14	ENSG00000112139.10	ENSG00000144791.5	ENSG00000147573.12	ENSG00000175505.9	ENSG00000103044.6	ENSG00000164185.4	ENSG00000075391.12	ENSG00000135862.5	ENSG00000090530.5
Gene expression stats (Y^T * Y): 
90.3124531138	60.6568005017	52.9035795876	63.344274162	50.1063831385	46.7892589843	51.206609021	69.8203158746	51.8097521288	62.8172113254	36.3489294473	53.284238451	53.5446979876
60.6568005017	90.3124531138	53.2399933091	56.2177855545	44.8923922872	52.2971431577	53.3320197849	60.4514952704	51.7615965793	58.9457432131	40.0688932769	48.9255503992	51.136241087
52.9035795876	53.2399933091	90.3124531138	61.0326982847	40.3737669802	48.6996688893	60.06180367	62.5273608895	57.2341532401	62.4125882836	44.2739754801	49.3579924348	45.4937798314
63.344274162	56.2177855545	61.0326982847	90.3124531138	61.2582740881	57.9767044979	68.4114678211	73.1579225511	59.7655348023	70.9704422683	56.8309608017	57.8691761471	57.8174857686
50.1063831385	44.8923922872	40.3737669802	61.2582740881	90.3124531138	51.0876255229	53.9200133719	56.6268846317	43.5082649868	54.3481652641	38.4070241393	50.0575231228	43.9601255494
46.7892589843	52.2971431577	48.6996688893	57.9767044979	51.0876255229	90.3124531138	56.3448229975	58.6195356627	52.5047336563	58.0839212274	44.8330327331	44.0128468044	49.6990833021
51.206609021	53.3320197849	60.06180367	68.4114678211	53.9200133719	56.3448229975	90.3124531138	71.0467336192	60.9448419038	69.7067697026	55.4631289908	59.5794019436	56.1546780227
69.8203158746	60.4514952704	62.5273608895	73.1579225511	56.6268846317	58.6195356627	71.0467336192	90.3124531138	71.3222757606	80.5264514695	56.0151573693	62.2544616806	64.8395316986
51.8097521288	51.7615965793	57.2341532401	59.7655348023	43.5082649868	52.5047336563	60.9448419038	71.3222757606	90.3124531138	64.7760597186	50.8330429718	49.0214120271	58.5231892654
62.8172113254	58.9457432131	62.4125882836	70.9704422683	54.3481652641	58.0839212274	69.7067697026	80.5264514695	64.7760597186	90.3124531138	56.3327811193	55.139881245	57.4326343757
36.3489294473	40.0688932769	44.2739754801	56.8309608017	38.4070241393	44.8330327331	55.4631289908	56.0151573693	50.8330429718	56.3327811193	90.3124531138	44.9542236572	44.9654557937
53.284238451	48.9255503992	49.3579924348	57.8691761471	50.0575231228	44.0128468044	59.5794019436	62.2544616806	49.0214120271	55.139881245	44.9542236572	90.3124531138	47.0039591927
53.5446979876	51.136241087	45.4937798314	57.8174857686	43.9601255494	49.6990833021	56.1546780227	64.8395316986	58.5231892654	57.4326343757	44.9654557937	47.0039591927	90.3124531138
Genotype stats (X^T * X): 	41.4795918367
Gene expression - Genotype stats (Y^T * X): 
-15.1776895438	-17.6846605889	-21.6002565271	-20.0355776401	-8.20640675727	-14.0910982572	-16.9180308241	-17.6344748817	-20.9394372997	-15.9421351009	-8.8506954594	-19.9316987404	-22.7629946014