Tissue	braincaudatebasalganglia
N_samples	98
Chr	2
Gene	ENSG00000115902.6
SNP	rs62140432
Gene_list	ENSG00000068078.13	ENSG00000198053.7	ENSG00000130876.7	ENSG00000110436.7	ENSG00000162407.8	ENSG00000115902.6	ENSG00000177807.6	ENSG00000170075.8
Gene expression stats (Y^T * Y): 
90.3124531138	61.8546151034	51.772724478	66.9894623827	71.2897074917	55.6560710307	58.4886960884	55.3142525888
61.8546151034	90.3124531138	52.1285006233	53.2798427074	66.1732593873	54.7993790691	54.165013175	58.3587395496
51.772724478	52.1285006233	90.3124531138	43.016501707	43.4346877878	62.164296465	59.228044098	61.832479191
66.9894623827	53.2798427074	43.016501707	90.3124531138	76.6625867179	57.3987755627	55.9540713498	56.3569148702
71.2897074917	66.1732593873	43.4346877878	76.6625867179	90.3124531138	59.1536060931	55.5814124825	57.3119284829
55.6560710307	54.7993790691	62.164296465	57.3987755627	59.1536060931	90.3124531138	61.8474238827	60.6952012433
58.4886960884	54.165013175	59.228044098	55.9540713498	55.5814124825	61.8474238827	90.3124531138	59.8305444471
55.3142525888	58.3587395496	61.832479191	56.3569148702	57.3119284829	60.6952012433	59.8305444471	90.3124531138
Genotype stats (X^T * X): 	34.6012669898
Gene expression - Genotype stats (Y^T * X): 
-12.5734364776	-8.66907504951	-18.0217497512	-7.81376087351	-8.6122491546	-20.8250100477	-9.14850691139	-9.04996577941