Tissue	braincaudatebasalganglia
N_samples	98
Chr	2
Gene	ENSG00000172023.3
SNP	rs435694
Gene_list	ENSG00000169347.12	ENSG00000168928.8	ENSG00000168925.6	ENSG00000172023.3	ENSG00000115386.5	ENSG00000164266.6
Gene expression stats (Y^T * Y): 
90.3124531138	76.4799960351	81.3967901961	66.1617468692	74.3318654357	71.3982953746
76.4799960351	90.3124531138	76.6222124862	57.9879558808	67.567065955	70.1388853348
81.3967901961	76.6222124862	90.3124531138	61.0229054235	70.6082495721	67.8840694754
66.1617468692	57.9879558808	61.0229054235	90.3124531138	78.8166209428	58.496309774
74.3318654357	67.567065955	70.6082495721	78.8166209428	90.3124531138	73.0884820309
71.3982953746	70.1388853348	67.8840694754	58.496309774	73.0884820309	90.3124531138
Genotype stats (X^T * X): 	59.9747944592
Gene expression - Genotype stats (Y^T * X): 
16.3558174113	18.2756763774	15.4636377556	25.1713579889	22.1297441919	18.9919781407