Tissue	braincaudatebasalganglia
N_samples	98
Chr	9
Gene	ENSG00000165025.10
SNP	rs10821502
Gene_list	ENSG00000077420.11	ENSG00000146192.10	ENSG00000163823.3	ENSG00000185811.12	ENSG00000167851.9	ENSG00000086730.12	ENSG00000140968.6	ENSG00000165025.10
Gene expression stats (Y^T * Y): 
90.3124531138	60.2368972936	44.5475119711	53.408232729	55.0816380363	60.3054389691	64.7394643654	59.538977327
60.2368972936	90.3124531138	49.984491979	42.7558714787	57.2617692895	66.8494299786	62.0642041355	55.5188318892
44.5475119711	49.984491979	90.3124531138	57.6920780113	51.7749425907	54.1562747578	48.6640387893	57.9927770292
53.408232729	42.7558714787	57.6920780113	90.3124531138	39.0691379647	55.4600924636	59.1649502005	56.8097000182
55.0816380363	57.2617692895	51.7749425907	39.0691379647	90.3124531138	50.221064018	40.8889393917	54.693433751
60.3054389691	66.8494299786	54.1562747578	55.4600924636	50.221064018	90.3124531138	63.7349253174	56.5035717653
64.7394643654	62.0642041355	48.6640387893	59.1649502005	40.8889393917	63.7349253174	90.3124531138	59.370095165
59.538977327	55.5188318892	57.9927770292	56.8097000182	54.693433751	56.5035717653	59.370095165	90.3124531138
Genotype stats (X^T * X): 	51.1141344592
Gene expression - Genotype stats (Y^T * X): 
-12.4688286916	-11.9114610272	-19.5605649813	-19.261878085	-15.8353117178	-17.3581723788	-13.3390192022	-22.653663479